2562
400000 0.000000 1.200000 0.000001
400001 0.868329 0.536664 -0.630870
400002 -0.331666 0.536664 -1.020779
400003 -1.073312 0.536659 0.000000
400004 -0.331666 0.536663 1.020779
400005 0.868329 0.536663 0.630871
400006 0.331666 -0.536663 -1.020779
400007 -0.868329 -0.536663 -0.630871
400008 -0.868329 -0.536664 0.630870
400009 0.331666 -0.536664 1.020779
400010 1.073312 -0.536659 -0.000000
400011 0.000000 -1.200000 -0.000001
400012 0.056118 1.197994 -0.040771
400013 0.115765 1.191438 -0.084106
400014 0.178538 1.179533 -0.129713
400015 0.243817 1.161540 -0.177141
400016 0.310755 1.136863 -0.225773
400017 0.378301 1.105146 -0.274848
400018 0.445262 1.066345 -0.323497
400019 0.510387 1.020785 -0.370813
400020 0.572480 0.969160 -0.415926
400021 0.630504 0.912484 -0.458082
400022 0.683663 0.851991 -0.496704
400023 0.731456 0.789023 -0.531427
400024 0.773671 0.724899 -0.562098
400025 0.810360 0.660822 -0.588754
400026 0.841779 0.597810 -0.611581
400027 0.820345 0.554939 -0.677552
400028 0.766143 0.572385 -0.724845
400029 0.705478 0.588508 -0.771985
400030 0.638329 0.602763 -0.818055
400031 0.564970 0.614596 -0.862022
400032 0.486010 0.623488 -0.902805
400033 0.402411 0.629012 -0.939367
400034 0.315443 0.630886 -0.970814
400035 0.226600 0.629012 -0.996492
400036 0.137477 0.623488 -1.016053
400037 0.049625 0.614596 -1.029470
400038 -0.035567 0.602763 -1.037021
400039 -0.116971 0.588508 -1.039219
400040 -0.193758 0.572386 -1.036741
400041 -0.265406 0.554940 -1.030340
400042 -0.321525 0.597811 -0.989568
400043 -0.309524 0.660823 -0.952632
400044 -0.295510 0.724900 -0.909502
400045 -0.279386 0.789024 -0.859875
400046 -0.261131 0.851992 -0.803692
400047 -0.240826 0.912484 -0.741199
400048 -0.218664 0.969161 -0.672988
400049 -0.194947 1.020786 -0.599994
400050 -0.170071 1.066345 -0.523434
400051 -0.144495 1.105146 -0.444717
400052 -0.118695 1.136863 -0.365312
400053 -0.093128 1.161540 -0.286623
400054 -0.068194 1.179533 -0.209883
400055 -0.044217 1.191438 -0.136088
400056 -0.021435 1.197994 -0.065970
400057 0.056118 1.197994 0.040772
400058 0.115765 1.191438 0.084108
400059 0.178538 1.179533 0.129715
400060 0.243817 1.161539 0.177142
400061 0.310755 1.136863 0.225775
400062 0.378301 1.105146 0.274849
400063 0.445262 1.066345 0.323498
400064 0.510387 1.020785 0.370814
400065 0.572480 0.969160 0.415927
400066 0.630504 0.912483 0.458083
400067 0.683663 0.851991 0.496705
400068 0.731456 0.789022 0.531428
400069 0.773671 0.724899 0.562099
400070 0.810360 0.660822 0.588754
400071 0.841779 0.597809 0.611582
400072 0.897898 0.554938 0.570809
400073 0.926126 0.572384 0.504647
400074 0.952211 0.588506 0.432384
400075 0.975275 0.602761 0.354286
400076 0.994420 0.614593 0.270930
400077 1.008807 0.623485 0.183233
400078 1.017745 0.629009 0.092429
400079 1.020777 0.630883 0.000000
400080 1.017745 0.629009 -0.092428
400081 1.008807 0.623485 -0.183233
400082 0.994420 0.614593 -0.270930
400083 0.975275 0.602761 -0.354285
400084 0.952211 0.588506 -0.432383
400085 0.926126 0.572385 -0.504646
400086 0.897898 0.554939 -0.570809
400087 -0.390892 0.554940 -0.989568
400088 -0.452620 0.572386 -0.952633
400089 -0.516200 0.588508 -0.909504
400090 -0.580766 0.602763 -0.859877
400091 -0.645251 0.614595 -0.803694
400092 -0.708439 0.623487 -0.741201
400093 -0.769045 0.629010 -0.672991
400094 -0.825827 0.630884 -0.599996
400095 -0.877703 0.629009 -0.523436
400096 -0.923847 0.623484 -0.444719
400097 -0.963755 0.614592 -0.365313
400098 -0.997261 0.602759 -0.286624
400099 -1.024506 0.588503 -0.209884
400100 -1.045878 0.572381 -0.136089
400101 -1.061930 0.554934 -0.065970
400102 -1.040495 0.597804 0.000000
400103 -1.001659 0.660817 0.000000
400104 -0.956310 0.724894 0.000000
400105 -0.904130 0.789018 0.000001
400106 -0.845056 0.851986 0.000001
400107 -0.779347 0.912479 0.000001
400108 -0.707627 0.969157 0.000001
400109 -0.630876 1.020782 0.000001
400110 -0.550376 1.066342 0.000001
400111 -0.467608 1.105144 0.000001
400112 -0.384116 1.136862 0.000001
400113 -0.301376 1.161539 0.000001
400114 -0.220687 1.179533 0.000001
400115 -0.143094 1.191438 0.000001
400116 -0.069366 1.197993 0.000001
400117 -1.061930 0.554934 0.065971
400118 -1.045878 0.572381 0.136090
400119 -1.024506 0.588503 0.209884
400120 -0.997261 0.602758 0.286625
400121 -0.963755 0.614592 0.365314
400122 -0.923846 0.623484 0.444720
400123 -0.877703 0.629008 0.523437
400124 -0.825827 0.630883 0.599997
400125 -0.769045 0.629009 0.672992
400126 -0.708439 0.623486 0.741202
400127 -0.645251 0.614594 0.803695
400128 -0.580766 0.602761 0.859878
400129 -0.516200 0.588507 0.909504
400130 -0.452620 0.572385 0.952634
400131 -0.390892 0.554938 0.989569
400132 -0.321525 0.597809 0.989569
400133 -0.309524 0.660822 0.952633
400134 -0.295510 0.724899 0.909503
400135 -0.279386 0.789023 0.859876
400136 -0.261131 0.851991 0.803693
400137 -0.240826 0.912483 0.741200
400138 -0.218664 0.969160 0.672990
400139 -0.194947 1.020785 0.599995
400140 -0.170071 1.066345 0.523436
400141 -0.144495 1.105146 0.444719
400142 -0.118695 1.136863 0.365313
400143 -0.093128 1.161540 0.286624
400144 -0.068194 1.179533 0.209884
400145 -0.044217 1.191438 0.136090
400146 -0.021435 1.197994 0.065971
400147 -0.265406 0.554938 1.030341
400148 -0.193758 0.572385 1.036742
400149 -0.116971 0.588507 1.039220
400150 -0.035567 0.602762 1.037021
400151 0.049625 0.614594 1.029471
400152 0.137477 0.623486 1.016054
400153 0.226600 0.629010 0.996493
400154 0.315443 0.630885 0.970815
400155 0.402411 0.629010 0.939368
400156 0.486010 0.623486 0.902806
400157 0.564970 0.614594 0.862023
400158 0.638329 0.602762 0.818055
400159 0.705478 0.588507 0.771985
400160 0.766143 0.572384 0.724845
400161 0.820345 0.554938 0.677553
400162 0.911147 0.485571 0.611582
400163 0.953456 0.429288 0.588755
400164 0.994362 0.367817 0.562100
400165 1.032837 0.301381 0.531429
400166 1.067785 0.230473 0.496706
400167 1.098118 0.155871 0.458084
400168 1.122863 0.078626 0.415928
400169 1.141269 -0.000000 0.370815
400170 1.152895 -0.078626 0.323499
400171 1.157654 -0.155871 0.274849
400172 1.155815 -0.230472 0.225774
400173 1.147951 -0.301380 0.177142
400174 1.134851 -0.367815 0.129714
400175 1.117426 -0.429286 0.084107
400176 1.096614 -0.485567 0.040771
400177 1.096614 -0.485567 -0.040772
400178 1.117426 -0.429285 -0.084107
400179 1.134851 -0.367814 -0.129715
400180 1.147951 -0.301379 -0.177142
400181 1.155815 -0.230472 -0.225775
400182 1.157654 -0.155871 -0.274850
400183 1.152895 -0.078626 -0.323499
400184 1.141269 0.000000 -0.370815
400185 1.122863 0.078627 -0.415928
400186 1.098118 0.155872 -0.458084
400187 1.067785 0.230473 -0.496706
400188 1.032837 0.301381 -0.531429
400189 0.994362 0.367817 -0.562099
400190 0.953456 0.429289 -0.588755
400191 0.911147 0.485572 -0.611581
400192 0.863216 0.485572 -0.677553
400193 0.854580 0.429290 -0.724846
400194 0.841870 0.367819 -0.771987
400195 0.824590 0.301383 -0.818058
400196 0.802366 0.230475 -0.862027
400197 0.775007 0.155873 -0.902811
400198 0.742561 0.078627 -0.939373
400199 0.705343 0.000001 -0.970820
400200 0.663934 -0.078626 -0.996499
400201 0.619135 -0.155872 -1.016059
400202 0.571892 -0.230474 -1.029476
400203 0.523208 -0.301382 -1.037026
400204 0.474052 -0.367818 -1.039223
400205 0.425291 -0.429289 -1.036744
400206 0.377644 -0.485572 -1.030342
400207 0.300090 -0.485571 -1.055541
400208 0.265307 -0.429289 -1.088726
400209 0.227316 -0.367817 -1.119392
400210 0.186258 -0.301381 -1.146507
400211 0.142436 -0.230473 -1.169014
400212 0.096331 -0.155871 -1.185928
400213 0.048592 -0.078626 -1.196435
400214 -0.000000 0.000001 -1.200000
400215 -0.048592 0.078627 -1.196435
400216 -0.096331 0.155873 -1.185928
400217 -0.142436 0.230475 -1.169014
400218 -0.186258 0.301383 -1.146506
400219 -0.227316 0.367818 -1.119391
400220 -0.265307 0.429290 -1.088725
400221 -0.300090 0.485573 -1.055540
400222 -0.377644 0.485573 -1.030342
400223 -0.425291 0.429291 -1.036744
400224 -0.474052 0.367819 -1.039223
400225 -0.523208 0.301383 -1.037025
400226 -0.571892 0.230475 -1.029476
400227 -0.619135 0.155873 -1.016059
400228 -0.663934 0.078627 -0.996499
400229 -0.705343 0.000001 -0.970820
400230 -0.742561 -0.078626 -0.939373
400231 -0.775007 -0.155872 -0.902811
400232 -0.802366 -0.230474 -0.862027
400233 -0.824590 -0.301382 -0.818059
400234 -0.841870 -0.367818 -0.771988
400235 -0.854580 -0.429289 -0.724847
400236 -0.863216 -0.485571 -0.677554
400237 -0.911147 -0.485571 -0.611582
400238 -0.953456 -0.429288 -0.588755
400239 -0.994362 -0.367817 -0.562100
400240 -1.032837 -0.301381 -0.531429
400241 -1.067785 -0.230473 -0.496706
400242 -1.098118 -0.155871 -0.458084
400243 -1.122863 -0.078626 -0.415928
400244 -1.141269 0.000000 -0.370815
400245 -1.152895 0.078626 -0.323499
400246 -1.157654 0.155871 -0.274849
400247 -1.155815 0.230472 -0.225774
400248 -1.147951 0.301380 -0.177142
400249 -1.134851 0.367815 -0.129714
400250 -1.117426 0.429286 -0.084107
400251 -1.096614 0.485567 -0.040771
400252 -1.096614 0.485567 0.040772
400253 -1.117426 0.429285 0.084107
400254 -1.134851 0.367814 0.129715
400255 -1.147951 0.301379 0.177142
400256 -1.155815 0.230472 0.225775
400257 -1.157654 0.155871 0.274850
400258 -1.152895 0.078626 0.323499
400259 -1.141269 -0.000000 0.370815
400260 -1.122863 -0.078627 0.415928
400261 -1.098118 -0.155872 0.458084
400262 -1.067785 -0.230473 0.496706
400263 -1.032837 -0.301381 0.531429
400264 -0.994362 -0.367817 0.562099
400265 -0.953456 -0.429289 0.588755
400266 -0.911147 -0.485572 0.611581
400267 -0.863216 -0.485572 0.677553
400268 -0.854580 -0.429290 0.724846
400269 -0.841870 -0.367819 0.771987
400270 -0.824590 -0.301383 0.818058
400271 -0.802366 -0.230475 0.862027
400272 -0.775007 -0.155873 0.902811
400273 -0.742561 -0.078627 0.939373
400274 -0.705343 -0.000001 0.970820
400275 -0.663934 0.078626 0.996499
400276 -0.619135 0.155872 1.016059
400277 -0.571892 0.230474 1.029476
400278 -0.523208 0.301382 1.037026
400279 -0.474052 0.367818 1.039223
400280 -0.425291 0.429289 1.036744
400281 -0.377644 0.485572 1.030342
400282 -0.300090 0.485571 1.055541
400283 -0.265307 0.429289 1.088726
400284 -0.227316 0.367817 1.119392
400285 -0.186258 0.301381 1.146507
400286 -0.142436 0.230473 1.169014
400287 -0.096331 0.155871 1.185928
400288 -0.048592 0.078626 1.196435
400289 0.000000 -0.000001 1.200000
400290 0.048592 -0.078627 1.196435
400291 0.096331 -0.155873 1.185928
400292 0.142436 -0.230475 1.169014
400293 0.186258 -0.301383 1.146506
400294 0.227316 -0.367818 1.119391
400295 0.265307 -0.429290 1.088725
400296 0.300090 -0.485573 1.055540
400297 0.377644 -0.485573 1.030342
400298 0.425291 -0.429291 1.036744
400299 0.474052 -0.367819 1.039223
400300 0.523208 -0.301383 1.037025
400301 0.571892 -0.230475 1.029476
400302 0.619135 -0.155873 1.016059
400303 0.663934 -0.078627 0.996499
400304 0.705343 -0.000001 0.970820
400305 0.742561 0.078626 0.939373
400306 0.775007 0.155872 0.902811
400307 0.802366 0.230474 0.862027
400308 0.824590 0.301382 0.818059
400309 0.841870 0.367818 0.771988
400310 0.854580 0.429289 0.724847
400311 0.863216 0.485571 0.677554
400312 1.061930 -0.554934 -0.065971
400313 1.045878 -0.572381 -0.136090
400314 1.024506 -0.588503 -0.209884
400315 0.997261 -0.602758 -0.286625
400316 0.963755 -0.614592 -0.365314
400317 0.923846 -0.623484 -0.444720
400318 0.877703 -0.629008 -0.523437
400319 0.825827 -0.630883 -0.599997
400320 0.769045 -0.629009 -0.672992
400321 0.708439 -0.623486 -0.741202
400322 0.645251 -0.614594 -0.803695
400323 0.580766 -0.602761 -0.859878
400324 0.516200 -0.588507 -0.909504
400325 0.452620 -0.572385 -0.952634
400326 0.390892 -0.554938 -0.989569
400327 0.265406 -0.554938 -1.030341
400328 0.193758 -0.572385 -1.036742
400329 0.116971 -0.588507 -1.039220
400330 0.035567 -0.602762 -1.037021
400331 -0.049625 -0.614594 -1.029471
400332 -0.137477 -0.623486 -1.016054
400333 -0.226600 -0.629010 -0.996493
400334 -0.315443 -0.630885 -0.970815
400335 -0.402411 -0.629010 -0.939368
400336 -0.486010 -0.623486 -0.902806
400337 -0.564970 -0.614594 -0.862023
400338 -0.638329 -0.602762 -0.818055
400339 -0.705478 -0.588507 -0.771985
400340 -0.766143 -0.572384 -0.724845
400341 -0.820345 -0.554938 -0.677553
400342 -0.897898 -0.554938 -0.570809
400343 -0.926126 -0.572384 -0.504647
400344 -0.952211 -0.588506 -0.432384
400345 -0.975275 -0.602761 -0.354286
400346 -0.994420 -0.614593 -0.270930
400347 -1.008807 -0.623485 -0.183233
400348 -1.017745 -0.629009 -0.092429
400349 -1.020777 -0.630883 -0.000000
400350 -1.017745 -0.629009 0.092428
400351 -1.008807 -0.623485 0.183233
400352 -0.994420 -0.614593 0.270930
400353 -0.975275 -0.602761 0.354285
400354 -0.952211 -0.588506 0.432383
400355 -0.926126 -0.572385 0.504646
400356 -0.897898 -0.554939 0.570809
400357 -0.820345 -0.554939 0.677552
400358 -0.766143 -0.572385 0.724845
400359 -0.705478 -0.588508 0.771985
400360 -0.638329 -0.602763 0.818055
400361 -0.564970 -0.614596 0.862022
400362 -0.486010 -0.623488 0.902805
400363 -0.402411 -0.629012 0.939367
400364 -0.315443 -0.630886 0.970814
400365 -0.226600 -0.629012 0.996492
400366 -0.137477 -0.623488 1.016053
400367 -0.049625 -0.614596 1.029470
400368 0.035567 -0.602763 1.037021
400369 0.116971 -0.588508 1.039219
400370 0.193758 -0.572386 1.036741
400371 0.265406 -0.554940 1.030340
400372 0.390892 -0.554940 0.989568
400373 0.452620 -0.572386 0.952633
400374 0.516200 -0.588508 0.909504
400375 0.580766 -0.602763 0.859877
400376 0.645251 -0.614595 0.803694
400377 0.708439 -0.623487 0.741201
400378 0.769045 -0.629010 0.672991
400379 0.825827 -0.630884 0.599996
400380 0.877703 -0.629009 0.523436
400381 0.923847 -0.623484 0.444719
400382 0.963755 -0.614592 0.365313
400383 0.997261 -0.602759 0.286624
400384 1.024506 -0.588503 0.209884
400385 1.045878 -0.572381 0.136089
400386 1.061930 -0.554934 0.065970
400387 1.040495 -0.597804 -0.000000
400388 1.001659 -0.660817 -0.000000
400389 0.956310 -0.724894 -0.000000
400390 0.904130 -0.789018 -0.000001
400391 0.845056 -0.851986 -0.000001
400392 0.779347 -0.912479 -0.000001
400393 0.707627 -0.969157 -0.000001
400394 0.630876 -1.020782 -0.000001
400395 0.550376 -1.066342 -0.000001
400396 0.467608 -1.105144 -0.000001
400397 0.384116 -1.136862 -0.000001
400398 0.301376 -1.161539 -0.000001
400399 0.220687 -1.179533 -0.000001
400400 0.143094 -1.191438 -0.000001
400401 0.069366 -1.197993 -0.000001
400402 0.021435 -1.197993 -0.065971
400403 0.044217 -1.191438 -0.136090
400404 0.068194 -1.179533 -0.209884
400405 0.093128 -1.161539 -0.286624
400406 0.118695 -1.136863 -0.365313
400407 0.144495 -1.105145 -0.444719
400408 0.170071 -1.066345 -0.523436
400409 0.194947 -1.020785 -0.599995
400410 0.218664 -0.969160 -0.672990
400411 0.240826 -0.912483 -0.741200
400412 0.261131 -0.851991 -0.803693
400413 0.279386 -0.789023 -0.859876
400414 0.295510 -0.724899 -0.909503
400415 0.309524 -0.660822 -0.952633
400416 0.321525 -0.597809 -0.989569
400417 -0.056118 -1.197994 -0.040772
400418 -0.115765 -1.191438 -0.084108
400419 -0.178538 -1.179533 -0.129715
400420 -0.243817 -1.161539 -0.177142
400421 -0.310755 -1.136863 -0.225775
400422 -0.378301 -1.105146 -0.274849
400423 -0.445262 -1.066345 -0.323498
400424 -0.510387 -1.020785 -0.370814
400425 -0.572480 -0.969160 -0.415927
400426 -0.630504 -0.912483 -0.458083
400427 -0.683663 -0.851991 -0.496705
400428 -0.731456 -0.789022 -0.531428
400429 -0.773671 -0.724899 -0.562099
400430 -0.810360 -0.660822 -0.588754
400431 -0.841779 -0.597809 -0.611582
400432 -0.056118 -1.197994 0.040771
400433 -0.115765 -1.191438 0.084106
400434 -0.178538 -1.179533 0.129713
400435 -0.243817 -1.161540 0.177141
400436 -0.310755 -1.136863 0.225773
400437 -0.378301 -1.105146 0.274848
400438 -0.445262 -1.066345 0.323497
400439 -0.510387 -1.020785 0.370813
400440 -0.572480 -0.969160 0.415926
400441 -0.630504 -0.912484 0.458082
400442 -0.683663 -0.851991 0.496704
400443 -0.731456 -0.789023 0.531427
400444 -0.773671 -0.724899 0.562098
400445 -0.810360 -0.660822 0.588754
400446 -0.841779 -0.597810 0.611581
400447 0.021435 -1.197994 0.065970
400448 0.044217 -1.191438 0.136088
400449 0.068194 -1.179533 0.209883
400450 0.093128 -1.161540 0.286623
400451 0.118695 -1.136863 0.365312
400452 0.144495 -1.105146 0.444717
400453 0.170071 -1.066345 0.523434
400454 0.194947 -1.020786 0.599994
400455 0.218664 -0.969161 0.672988
400456 0.240826 -0.912484 0.741199
400457 0.261131 -0.851992 0.803692
400458 0.279386 -0.789024 0.859875
400459 0.295510 -0.724900 0.909502
400460 0.309524 -0.660823 0.952632
400461 0.321525 -0.597811 0.989568
400462 -0.252261 0.618125 -0.997139
400463 -0.237232 0.682992 -0.957728
400464 -0.177408 0.637290 -1.001193
400465 -0.220238 0.748601 -0.911642
400466 -0.159221 0.703602 -0.958954
400467 -0.097320 0.654700 -1.000948
400468 -0.201273 0.813784 -0.858630
400469 -0.139214 0.770234 -0.909592
400470 -0.075979 0.721927 -0.955536
400471 -0.012670 0.669705 -0.995658
400472 -0.180424 0.877196 -0.798733
400473 -0.117498 0.835874 -0.852941
400474 -0.053086 0.788960 -0.902621
400475 0.011651 0.737214 -0.946773
400476 0.075535 0.681661 -0.984700
400477 -0.157890 0.937404 -0.732356
400478 -0.094285 0.899053 -0.789186
400479 -0.028883 0.854356 -0.842164
400480 0.037118 0.803936 -0.890118
400481 0.102468 0.748748 -0.932136
400482 0.165972 0.689997 -0.967656
400483 -0.133976 0.993012 -0.660286
400484 -0.069899 0.958263 -0.718921
400485 -0.003721 0.916561 -0.774533
400486 0.063348 0.868335 -0.825822
400487 0.130002 0.814407 -0.871689
400488 0.194956 0.755933 -0.911349
400489 0.257071 0.694281 -0.944399
400490 -0.109082 1.042800 -0.583668
400491 -0.044752 1.012103 -0.643152
400492 0.021962 0.974044 -0.700539
400493 0.089865 0.928819 -0.754467
400494 0.157621 0.877058 -0.803694
400495 0.223875 0.819798 -0.847238
400496 0.287386 0.758374 -0.884465
400497 0.347140 0.694281 -0.915133
400498 -0.083669 1.085846 -0.503922
400499 -0.019317 1.059427 -0.563243
400500 0.047669 1.025460 -0.621418
400501 0.116136 0.983896 -0.677098
400502 0.184749 0.935135 -0.728966
400503 0.252106 0.880025 -0.775886
400504 0.316886 0.819798 -0.817016
400505 0.377966 0.755933 -0.851885
400506 0.434511 0.689996 -0.880401
400507 -0.058217 1.121611 -0.422610
400508 0.005917 1.099457 -0.480790
400509 0.072894 1.069792 -0.538731
400510 0.141625 1.032339 -0.595163
400511 0.210804 0.987247 -0.648773
400512 0.279021 0.935134 -0.698335
400513 0.344892 0.877058 -0.742845
400514 0.407202 0.814406 -0.781619
400515 0.465008 0.748747 -0.814338
400516 0.517693 0.681660 -0.841031
400517 -0.033183 1.149964 -0.341293
400518 0.030491 1.131851 -0.397473
400519 0.097167 1.106457 -0.454215
400520 0.165838 1.073316 -0.510384
400521 0.235260 1.032338 -0.564739
400522 0.304041 0.983895 -0.616043
400523 0.370772 0.928818 -0.663193
400524 0.434166 0.868334 -0.705334
400525 0.493179 0.803935 -0.741933
400526 0.547084 0.737213 -0.772798
400527 0.595493 0.669704 -0.798050
400528 -0.008965 1.171150 -0.261397
400529 0.054011 1.156687 -0.314894
400530 0.120097 1.135326 -0.369609
400531 0.188379 1.106457 -0.424578
400532 0.257694 1.069791 -0.478686
400533 0.326704 1.025458 -0.530754
400534 0.394009 0.974043 -0.579653
400535 0.458279 0.916560 -0.624418
400536 0.518389 0.854355 -0.664343
400537 0.573504 0.788958 -0.699027
400538 0.623128 0.721926 -0.728378
400539 0.667085 0.654699 -0.752573
400540 0.014124 1.185707 -0.184119
400541 0.076180 1.174406 -0.234451
400542 0.141400 1.156687 -0.286500
400543 0.208968 1.131850 -0.339482
400544 0.277822 1.099456 -0.392443
400545 0.346702 1.059425 -0.444316
400546 0.414249 1.012101 -0.494013
400547 0.479129 0.958261 -0.540529
400548 0.540159 0.899051 -0.583041
400549 0.596413 0.835872 -0.620975
400550 0.647281 0.770233 -0.654041
400551 0.692480 0.703600 -0.682215
400552 0.732021 0.637289 -0.705697
400553 0.035862 1.194376 -0.110369
400554 0.096799 1.185707 -0.157256
400555 0.160903 1.171149 -0.206204
400556 0.227458 1.149964 -0.256606
400557 0.295509 1.121610 -0.307678
400558 0.363895 1.085845 -0.358500
400559 0.431329 1.042798 -0.408077
400560 0.496504 0.993010 -0.455429
400561 0.558212 0.937401 -0.499678
400562 0.615458 0.877193 -0.540133
400563 0.667531 0.813782 -0.576335
400564 0.714035 0.748599 -0.608074
400565 0.754871 0.682991 -0.635369
400566 0.790195 0.618123 -0.658419
400567 0.870383 0.618123 0.548048
400568 0.897370 0.637288 0.478112
400569 0.837545 0.682991 0.521576
400570 0.921885 0.654698 0.401869
400571 0.862818 0.703600 0.447763
400572 0.798967 0.748600 0.491173
400573 0.943013 0.669702 0.319728
400574 0.885290 0.721925 0.367540
400575 0.822055 0.770232 0.413482
400576 0.754410 0.813783 0.456754
400577 0.959848 0.681658 0.232454
400578 0.904036 0.737212 0.281492
400579 0.842040 0.788958 0.329415
400580 0.774888 0.835872 0.375322
400581 0.703887 0.877194 0.418417
400582 0.971585 0.689994 0.141178
400583 0.918180 0.748745 0.190597
400584 0.858024 0.803933 0.239763
400585 0.792022 0.854354 0.287716
400586 0.721426 0.899051 0.333544
400587 0.647722 0.937402 0.376474
400588 0.977617 0.694278 0.047352
400589 0.926991 0.755930 0.096213
400590 0.869199 0.814404 0.145732
400591 0.804980 0.868333 0.194949
400592 0.735476 0.916560 0.242886
400593 0.662135 0.958261 0.288639
400594 0.586569 0.993011 0.331460
400595 0.977618 0.694278 -0.047351
400596 0.929985 0.758372 0.000000
400597 0.874954 0.819796 0.048899
400598 0.813068 0.877056 0.098454
400599 0.745312 0.928817 0.147680
400600 0.673041 0.974043 0.195595
400601 0.597846 1.012102 0.241309
400602 0.521395 1.042799 0.284109
400603 0.971585 0.689994 -0.141178
400604 0.926991 0.755930 -0.096213
400605 0.874954 0.819796 -0.048899
400606 0.815818 0.880023 -0.000000
400607 0.750380 0.935133 0.049561
400608 0.679848 0.983894 0.098786
400609 0.605736 1.025458 0.146696
400610 0.529708 1.059425 0.192426
400611 0.453405 1.085845 0.235296
400612 0.959848 0.681658 -0.232454
400613 0.918180 0.748745 -0.190597
400614 0.869200 0.814404 -0.145731
400615 0.813068 0.877056 -0.098454
400616 0.750380 0.935133 -0.049562
400617 0.682164 0.987245 -0.000000
400618 0.609800 1.032337 0.049227
400619 0.534891 1.069791 0.097154
400620 0.459089 1.099456 0.142947
400621 0.383938 1.121610 0.185963
400622 0.943013 0.669702 -0.319728
400623 0.904037 0.737211 -0.281491
400624 0.858024 0.803933 -0.239763
400625 0.804981 0.868332 -0.194949
400626 0.745313 0.928816 -0.147681
400627 0.679849 0.983894 -0.098787
400628 0.609801 1.032337 -0.049227
400629 0.536653 1.073314 -0.000000
400630 0.462012 1.106457 0.047952
400631 0.387443 1.131850 0.093830
400632 0.314336 1.149964 0.137026
400633 0.921885 0.654698 -0.401868
400634 0.885291 0.721925 -0.367539
400635 0.842041 0.788957 -0.329415
400636 0.792023 0.854354 -0.287716
400637 0.735477 0.916559 -0.242886
400638 0.673042 0.974042 -0.195595
400639 0.605737 1.025457 -0.146696
400640 0.534892 1.069791 -0.097154
400641 0.462012 1.106456 -0.047953
400642 0.388633 1.135326 -0.000000
400643 0.316174 1.156686 0.045942
400644 0.245835 1.171149 0.089304
400645 0.897370 0.637288 -0.478111
400646 0.862819 0.703600 -0.447762
400647 0.822056 0.770232 -0.413482
400648 0.774889 0.835871 -0.375322
400649 0.721428 0.899050 -0.333545
400650 0.662137 0.958260 -0.288639
400651 0.597848 1.012101 -0.241309
400652 0.529709 1.059425 -0.192426
400653 0.459090 1.099456 -0.142948
400654 0.387444 1.131850 -0.093830
400655 0.316175 1.156686 -0.045942
400656 0.246519 1.174406 0.000000
400657 0.179473 1.185707 0.043465
400658 0.870384 0.618123 -0.548048
400659 0.837546 0.682990 -0.521576
400660 0.798968 0.748599 -0.491173
400661 0.754411 0.813781 -0.456754
400662 0.703889 0.877193 -0.418417
400663 0.647724 0.937401 -0.376475
400664 0.586571 0.993010 -0.331461
400665 0.521397 1.042798 -0.284109
400666 0.453407 1.085844 -0.235297
400667 0.383939 1.121610 -0.185963
400668 0.314337 1.149963 -0.137026
400669 0.245836 1.171149 -0.089304
400670 0.179474 1.185707 -0.043464
400671 0.116051 1.194375 0.000000
400672 -1.026292 0.618119 -0.068212
400673 -0.984166 0.682986 -0.070327
400674 -1.007017 0.637285 -0.140655
400675 -0.935086 0.748596 -0.072248
400676 -0.961227 0.703597 -0.144899
400677 -0.982036 0.654695 -0.216746
400678 -0.878808 0.813779 -0.073904
400679 -0.908099 0.770229 -0.148673
400680 -0.932253 0.721922 -0.223010
400681 -0.950848 0.669701 -0.295619
400682 -0.815401 0.877191 -0.075224
400683 -0.847510 0.835869 -0.151821
400684 -0.874854 0.788955 -0.228432
400685 -0.896840 0.737210 -0.303643
400686 -0.913169 0.681657 -0.376121
400687 -0.745309 0.937399 -0.076144
400688 -0.779702 0.899048 -0.154197
400689 -0.809877 0.854352 -0.232768
400690 -0.835088 0.803932 -0.310358
400691 -0.854856 0.748744 -0.385493
400692 -0.869013 0.689993 -0.456864
400693 -0.669376 0.993008 -0.076616
400694 -0.705340 0.958259 -0.155677
400695 -0.737780 0.916558 -0.235800
400696 -0.765833 0.868331 -0.315436
400697 -0.788858 0.814404 -0.393001
400698 -0.806506 0.755930 -0.467031
400699 -0.818743 0.694278 -0.536319
400700 -0.588816 1.042797 -0.076616
400701 -0.625509 1.012100 -0.156180
400702 -0.659472 0.974041 -0.237361
400703 -0.689777 0.928816 -0.318605
400704 -0.715657 0.877056 -0.398257
400705 -0.736596 0.819796 -0.474723
400706 -0.752374 0.758372 -0.546630
400707 -0.763077 0.694279 -0.612936
400708 -0.505119 1.085844 -0.076144
400709 -0.541650 1.059424 -0.155677
400710 -0.576279 1.025457 -0.237361
400711 -0.608076 0.983894 -0.319683
400712 -0.636203 0.935133 -0.400965
400713 -0.660011 0.880023 -0.479525
400714 -0.679110 0.819796 -0.553844
400715 -0.693398 0.755931 -0.622709
400716 -0.703045 0.689995 -0.685299
400717 -0.419921 1.121610 -0.075224
400718 -0.455435 1.099456 -0.154197
400719 -0.489843 1.069791 -0.235800
400720 -0.522274 1.032337 -0.318605
400721 -0.551882 0.987245 -0.400965
400722 -0.577939 0.935133 -0.481158
400723 -0.599915 0.877057 -0.557560
400724 -0.617537 0.814405 -0.628803
400725 -0.630791 0.748746 -0.693889
400726 -0.639897 0.681660 -0.752244
400727 -0.334847 1.149963 -0.073904
400728 -0.368601 1.131850 -0.151822
400729 -0.401962 1.106456 -0.232769
400730 -0.434162 1.073314 -0.315436
400731 -0.464404 1.032338 -0.398257
400732 -0.491942 0.983894 -0.479525
400733 -0.516164 0.928817 -0.557560
400734 -0.536653 0.868333 -0.630874
400735 -0.553224 0.803934 -0.698308
400736 -0.565921 0.737213 -0.759112
400737 -0.574978 0.669704 -0.812956
400738 -0.251377 1.171149 -0.072249
400739 -0.282795 1.156686 -0.148674
400740 -0.314411 1.135326 -0.228433
400741 -0.345589 1.106456 -0.310359
400742 -0.375629 1.069791 -0.393001
400743 -0.403823 1.025458 -0.474724
400744 -0.429531 0.974043 -0.553845
400745 -0.452245 0.916560 -0.628803
400746 -0.471640 0.854354 -0.698308
400747 -0.487595 0.788958 -0.761444
400748 -0.500176 0.721926 -0.817709
400749 -0.509602 0.654700 -0.866991
400750 -0.170745 1.185707 -0.070327
400751 -0.199438 1.174406 -0.144900
400752 -0.228785 1.156686 -0.223011
400753 -0.258295 1.131850 -0.303644
400754 -0.287386 1.099456 -0.385494
400755 -0.315435 1.059425 -0.467032
400756 -0.341827 1.012101 -0.546631
400757 -0.366018 0.958261 -0.622710
400758 -0.387589 0.899051 -0.693890
400759 -0.406283 0.835872 -0.759112
400760 -0.422012 0.770233 -0.817709
400761 -0.434840 0.703601 -0.869402
400762 -0.444953 0.637290 -0.914264
400763 -0.093887 1.194375 -0.068212
400764 -0.119648 1.185707 -0.140655
400765 -0.146392 1.171149 -0.216747
400766 -0.173760 1.149964 -0.295620
400767 -0.201304 1.121610 -0.376122
400768 -0.228506 1.085845 -0.456866
400769 -0.254819 1.042799 -0.536320
400770 -0.279713 0.993010 -0.612937
400771 -0.302727 0.937401 -0.685299
400772 -0.323511 0.877193 -0.752245
400773 -0.341850 0.813782 -0.812956
400774 -0.357666 0.748600 -0.866991
400775 -0.371005 0.682991 -0.914264
400776 -0.382011 0.618124 -0.954982
400777 -0.382011 0.618123 0.954982
400778 -0.371005 0.682991 0.914264
400779 -0.444953 0.637289 0.914264
400780 -0.357666 0.748600 0.866991
400781 -0.434840 0.703601 0.869402
400782 -0.509602 0.654699 0.866992
400783 -0.341850 0.813783 0.812955
400784 -0.422012 0.770233 0.817708
400785 -0.500176 0.721926 0.817709
400786 -0.574978 0.669703 0.812956
400787 -0.323511 0.877195 0.752244
400788 -0.406283 0.835873 0.759112
400789 -0.487595 0.788958 0.761443
400790 -0.565921 0.737213 0.759112
400791 -0.639897 0.681659 0.752245
400792 -0.302726 0.937403 0.685298
400793 -0.387589 0.899052 0.693888
400794 -0.471640 0.854355 0.698307
400795 -0.553224 0.803934 0.698307
400796 -0.630791 0.748746 0.693889
400797 -0.703045 0.689995 0.685299
400798 -0.279712 0.993011 0.612935
400799 -0.366017 0.958262 0.622709
400800 -0.452245 0.916560 0.628802
400801 -0.536653 0.868333 0.630873
400802 -0.617537 0.814405 0.628802
400803 -0.693399 0.755931 0.622709
400804 -0.763077 0.694278 0.612937
400805 -0.254818 1.042800 0.536318
400806 -0.341827 1.012102 0.546629
400807 -0.429531 0.974044 0.553843
400808 -0.516164 0.928818 0.557559
400809 -0.599915 0.877057 0.557560
400810 -0.679111 0.819796 0.553844
400811 -0.752375 0.758372 0.546630
400812 -0.818743 0.694278 0.536319
400813 -0.228505 1.085846 0.456864
400814 -0.315435 1.059426 0.467031
400815 -0.403823 1.025459 0.474723
400816 -0.491942 0.983895 0.479524
400817 -0.577939 0.935133 0.481158
400818 -0.660012 0.880023 0.479525
400819 -0.736596 0.819795 0.474723
400820 -0.806506 0.755930 0.467032
400821 -0.869013 0.689993 0.456865
400822 -0.201303 1.121611 0.376120
400823 -0.287386 1.099457 0.385493
400824 -0.375629 1.069792 0.393000
400825 -0.464404 1.032338 0.398256
400826 -0.551883 0.987245 0.400965
400827 -0.636203 0.935133 0.400965
400828 -0.715657 0.877056 0.398257
400829 -0.788859 0.814403 0.393001
400830 -0.854856 0.748744 0.385493
400831 -0.913169 0.681656 0.376121
400832 -0.173759 1.149964 0.295619
400833 -0.258294 1.131850 0.303643
400834 -0.345589 1.106457 0.310358
400835 -0.434161 1.073315 0.315436
400836 -0.522274 1.032337 0.318605
400837 -0.608076 0.983894 0.319683
400838 -0.689777 0.928816 0.318605
400839 -0.765834 0.868331 0.315436
400840 -0.835088 0.803932 0.310358
400841 -0.896840 0.737209 0.303644
400842 -0.950848 0.669700 0.295619
400843 -0.146392 1.171149 0.216747
400844 -0.228785 1.156687 0.223010
400845 -0.314411 1.135326 0.228432
400846 -0.401962 1.106456 0.232768
400847 -0.489843 1.069790 0.235800
400848 -0.576279 1.025457 0.237361
400849 -0.659472 0.974041 0.237361
400850 -0.737781 0.916558 0.235800
400851 -0.809878 0.854352 0.232768
400852 -0.874854 0.788955 0.228432
400853 -0.932253 0.721922 0.223011
400854 -0.982036 0.654695 0.216747
400855 -0.119648 1.185707 0.140655
400856 -0.199438 1.174406 0.144900
400857 -0.282795 1.156686 0.148674
400858 -0.368601 1.131850 0.151822
400859 -0.455435 1.099455 0.154197
400860 -0.541651 1.059424 0.155677
400861 -0.625509 1.012100 0.156180
400862 -0.705341 0.958259 0.155677
400863 -0.779703 0.899048 0.154197
400864 -0.847510 0.835869 0.151822
400865 -0.908099 0.770229 0.148674
400866 -0.961227 0.703596 0.144900
400867 -1.007018 0.637285 0.140655
400868 -0.093887 1.194375 0.068213
400869 -0.170745 1.185707 0.070328
400870 -0.251377 1.171149 0.072249
400871 -0.334847 1.149963 0.073905
400872 -0.419921 1.121609 0.075225
400873 -0.505120 1.085844 0.076144
400874 -0.588816 1.042797 0.076617
400875 -0.669376 0.993008 0.076617
400876 -0.745309 0.937399 0.076144
400877 -0.815401 0.877190 0.075224
400878 -0.878808 0.813778 0.073905
400879 -0.935086 0.748595 0.072249
400880 -0.984167 0.682986 0.070328
400881 -1.026293 0.618119 0.068213
400882 0.790195 0.618123 0.658419
400883 0.754871 0.682991 0.635369
400884 0.732020 0.637289 0.705698
400885 0.714033 0.748600 0.608075
400886 0.692479 0.703601 0.682216
400887 0.667085 0.654699 0.752574
400888 0.667530 0.813783 0.576335
400889 0.647279 0.770233 0.654042
400890 0.623127 0.721926 0.728379
400891 0.595493 0.669703 0.798051
400892 0.615456 0.877194 0.540133
400893 0.596411 0.835873 0.620976
400894 0.573503 0.788958 0.699027
400895 0.547083 0.737213 0.772799
400896 0.517692 0.681659 0.841032
400897 0.558210 0.937403 0.499678
400898 0.540157 0.899051 0.583041
400899 0.518387 0.854355 0.664344
400900 0.493177 0.803934 0.741934
400901 0.465007 0.748746 0.814339
400902 0.434510 0.689995 0.880402
400903 0.496501 0.993011 0.455429
400904 0.479127 0.958261 0.540530
400905 0.458277 0.916560 0.624419
400906 0.434164 0.868334 0.705336
400907 0.407201 0.814405 0.781621
400908 0.377965 0.755931 0.851886
400909 0.347139 0.694279 0.915134
400910 0.431326 1.042799 0.408077
400911 0.414246 1.012102 0.494013
400912 0.394006 0.974043 0.579654
400913 0.370770 0.928818 0.663195
400914 0.344890 0.877057 0.742847
400915 0.316885 0.819797 0.817017
400916 0.287385 0.758373 0.884466
400917 0.257071 0.694279 0.944400
400918 0.363892 1.085845 0.358500
400919 0.346699 1.059426 0.444316
400920 0.326702 1.025458 0.530755
400921 0.304039 0.983895 0.616045
400922 0.279019 0.935134 0.698336
400923 0.252105 0.880024 0.775887
400924 0.223873 0.819797 0.847239
400925 0.194955 0.755931 0.911351
400926 0.165971 0.689995 0.967657
400927 0.295506 1.121611 0.307678
400928 0.277819 1.099456 0.392444
400929 0.257692 1.069791 0.478687
400930 0.235258 1.032338 0.564741
400931 0.210802 0.987246 0.648775
400932 0.184747 0.935133 0.728968
400933 0.157619 0.877057 0.803696
400934 0.130001 0.814405 0.871691
400935 0.102467 0.748746 0.932138
400936 0.075535 0.681659 0.984701
400937 0.227456 1.149964 0.256606
400938 0.208966 1.131850 0.339483
400939 0.188376 1.106457 0.424580
400940 0.165836 1.073315 0.510386
400941 0.141623 1.032338 0.595166
400942 0.116134 0.983894 0.677100
400943 0.089863 0.928817 0.754469
400944 0.063347 0.868333 0.825824
400945 0.037117 0.803933 0.890120
400946 0.011650 0.737212 0.946775
400947 -0.012671 0.669703 0.995659
400948 0.160901 1.171149 0.206205
400949 0.141398 1.156686 0.286502
400950 0.120095 1.135326 0.369611
400951 0.097165 1.106456 0.454217
400952 0.072892 1.069791 0.538734
400953 0.047667 1.025458 0.621421
400954 0.021960 0.974042 0.700542
400955 -0.003723 0.916559 0.774536
400956 -0.028885 0.854354 0.842167
400957 -0.053087 0.788957 0.902623
400958 -0.075980 0.721925 0.955537
400959 -0.097321 0.654699 1.000949
400960 0.096798 1.185707 0.157257
400961 0.076179 1.174406 0.234453
400962 0.054010 1.156686 0.314897
400963 0.030489 1.131850 0.397476
400964 0.005915 1.099456 0.480793
400965 -0.019319 1.059425 0.563246
400966 -0.044754 1.012101 0.643156
400967 -0.069900 0.958260 0.718924
400968 -0.094286 0.899050 0.789189
400969 -0.117499 0.835871 0.852944
400970 -0.139215 0.770232 0.909595
400971 -0.159221 0.703600 0.958956
400972 -0.177408 0.637288 1.001194
400973 0.035862 1.194375 0.110371
400974 0.014123 1.185706 0.184121
400975 -0.008966 1.171149 0.261400
400976 -0.033184 1.149963 0.341296
400977 -0.058218 1.121610 0.422614
400978 -0.083670 1.085844 0.503926
400979 -0.109084 1.042798 0.583672
400980 -0.133978 0.993010 0.660290
400981 -0.157891 0.937401 0.732360
400982 -0.180425 0.877192 0.798737
400983 -0.201274 0.813781 0.858632
400984 -0.220239 0.748598 0.911644
400985 -0.237233 0.682990 0.957729
400986 -0.252262 0.618123 0.997140
400987 1.120180 -0.430344 -0.000000
400988 1.140791 -0.369740 -0.043465
400989 1.140791 -0.369740 0.043464
400990 1.157448 -0.303873 -0.089304
400991 1.160667 -0.304718 -0.000000
400992 1.157448 -0.303873 0.089304
400993 1.169134 -0.233128 -0.137026
400994 1.175969 -0.234491 -0.045942
400995 1.175969 -0.234491 0.045942
400996 1.169134 -0.233128 0.137026
400997 1.174901 -0.158193 -0.185963
400998 1.185627 -0.159638 -0.093830
400999 1.189268 -0.160128 -0.000000
401000 1.185627 -0.159638 0.093830
401001 1.174901 -0.158194 0.185963
401002 1.173978 -0.080064 -0.235297
401003 1.188694 -0.081068 -0.142948
401004 1.196263 -0.081584 -0.047953
401005 1.196263 -0.081584 0.047952
401006 1.188694 -0.081068 0.142947
401007 1.173978 -0.080064 0.235296
401008 1.165883 0.000000 -0.284109
401009 1.184471 0.000000 -0.192426
401010 1.196061 0.000000 -0.097154
401011 1.200000 0.000000 -0.000000
401012 1.196061 -0.000000 0.097154
401013 1.184471 -0.000000 0.192426
401014 1.165883 -0.000000 0.284109
401015 1.150497 0.080562 -0.331461
401016 1.172616 0.082110 -0.241310
401017 1.188090 0.083194 -0.146696
401018 1.196061 0.083752 -0.049227
401019 1.196061 0.083752 0.049227
401020 1.188090 0.083194 0.146696
401021 1.172616 0.082110 0.241310
401022 1.150497 0.080561 0.331461
401023 1.128107 0.160129 -0.376475
401024 1.153210 0.163692 -0.288639
401025 1.172202 0.166388 -0.195595
401026 1.184058 0.168070 -0.098787
401027 1.188091 0.168643 0.000000
401028 1.184058 0.168070 0.098787
401029 1.172202 0.166387 0.195595
401030 1.153210 0.163691 0.288639
401031 1.128107 0.160128 0.376475
401032 1.099372 0.237291 -0.418418
401033 1.126765 0.243204 -0.333545
401034 1.148709 0.247940 -0.242886
401035 1.164071 0.251256 -0.147681
401036 1.171987 0.252964 -0.049562
401037 1.171987 0.252964 0.049562
401038 1.164071 0.251255 0.147681
401039 1.148709 0.247940 0.242886
401040 1.126765 0.243203 0.333545
401041 1.099372 0.237291 0.418418
401042 1.065249 0.310839 -0.456755
401043 1.094164 0.319277 -0.375322
401044 1.118358 0.326336 -0.287716
401045 1.136656 0.331675 -0.194949
401046 1.148075 0.335008 -0.098454
401047 1.151959 0.336141 0.000000
401048 1.148075 0.335007 0.098454
401049 1.136656 0.331675 0.194949
401050 1.118358 0.326336 0.287716
401051 1.094164 0.319276 0.375323
401052 1.065249 0.310838 0.456755
401053 1.026873 0.379843 -0.491173
401054 1.056548 0.390820 -0.413482
401055 1.082233 0.400321 -0.329416
401056 1.102776 0.407920 -0.239763
401057 1.117140 0.413233 -0.145731
401058 1.124535 0.415969 -0.048899
401059 1.124535 0.415968 0.048899
401060 1.117140 0.413233 0.145732
401061 1.102776 0.407920 0.239764
401062 1.082233 0.400321 0.329416
401063 1.056548 0.390819 0.413483
401064 1.026873 0.379843 0.491174
401065 0.985442 0.443691 -0.521576
401066 1.015179 0.457079 -0.447763
401067 1.041619 0.468984 -0.367539
401068 1.063675 0.478914 -0.281491
401069 1.080316 0.486407 -0.190597
401070 1.090683 0.491074 -0.096213
401071 1.094206 0.492660 0.000000
401072 1.090683 0.491074 0.096213
401073 1.080316 0.486406 0.190597
401074 1.063675 0.478914 0.281492
401075 1.041619 0.468983 0.367540
401076 1.015179 0.457079 0.447763
401077 0.985442 0.443690 0.521577
401078 0.942108 0.502072 -0.548048
401079 0.971319 0.517639 -0.478111
401080 0.997854 0.531780 -0.401868
401081 1.020722 0.543967 -0.319728
401082 1.038945 0.553678 -0.232454
401083 1.051649 0.560449 -0.141178
401084 1.058179 0.563928 -0.047351
401085 1.058179 0.563928 0.047352
401086 1.051649 0.560448 0.141178
401087 1.038945 0.553678 0.232455
401088 1.020722 0.543967 0.319728
401089 0.997854 0.531779 0.401869
401090 0.971319 0.517638 0.478112
401091 0.942108 0.502071 0.548049
401092 0.346150 -0.430347 -1.065355
401093 0.311182 -0.369742 -1.098388
401094 0.393858 -0.369743 -1.071525
401095 0.272734 -0.303875 -1.128396
401096 0.358663 -0.304720 -1.103860
401097 0.442603 -0.303875 -1.073202
401098 0.230958 -0.233129 -1.154257
401099 0.319698 -0.234492 -1.132611
401100 0.407087 -0.234492 -1.104216
401101 0.491602 -0.233130 -1.069569
401102 0.186199 -0.158194 -1.174864
401103 0.277138 -0.159638 -1.156594
401104 0.367503 -0.160129 -1.131062
401105 0.455617 -0.159638 -1.098603
401106 0.539927 -0.158194 -1.059931
401107 0.138995 -0.080064 -1.189231
401108 0.231373 -0.081068 -1.174689
401109 0.324059 -0.081584 -1.152532
401110 0.415271 -0.081584 -1.122895
401111 0.503280 -0.081068 -1.086342
401112 0.586562 -0.080064 -1.043808
401113 0.090069 0.000001 -1.196615
401114 0.183011 0.000001 -1.185963
401115 0.277202 0.000001 -1.167544
401116 0.370821 0.000001 -1.141268
401117 0.462004 0.000001 -1.107498
401118 0.549033 0.000001 -1.067035
401119 0.630486 0.000001 -1.021023
401120 0.040281 0.080563 -1.196615
401121 0.132857 0.082111 -1.189793
401122 0.227622 0.083195 -1.175273
401123 0.322786 0.083753 -1.152734
401124 0.416423 0.083753 -1.122309
401125 0.506660 0.083195 -1.084608
401126 0.591861 0.082111 -1.040653
401127 0.670766 0.080563 -0.991757
401128 -0.009449 0.160130 -1.189231
401129 0.081847 0.163693 -1.185962
401130 0.176207 0.166389 -1.175273
401131 0.271943 0.168072 -1.156633
401132 0.367142 0.168645 -1.129941
401133 0.459849 0.168072 -1.095578
401134 0.548257 0.166389 -1.054386
401135 0.630879 0.163693 -1.007570
401136 0.706659 0.160130 -0.956552
401137 -0.058218 0.237293 -1.174863
401138 0.030967 0.243205 -1.174688
401139 0.123971 0.247942 -1.167543
401140 0.219265 0.251258 -1.152733
401141 0.315030 0.252967 -1.129940
401142 0.409303 0.252967 -1.099309
401143 0.500175 0.251258 -1.061459
401144 0.585975 0.247942 -1.017428
401145 0.665416 0.243206 -0.968542
401146 0.737670 0.237293 -0.916261
401147 -0.105222 0.310840 -1.154256
401148 -0.018839 0.319278 -1.156593
401149 0.071957 0.326338 -1.152530
401150 0.165839 0.331678 -1.141266
401151 0.261141 0.335010 -1.122307
401152 0.355978 0.336143 -1.095576
401153 0.448414 0.335010 -1.061458
401154 0.536659 0.331678 -1.020778
401155 0.619232 0.326338 -0.974708
401156 0.695075 0.319279 -0.924625
401157 0.763587 0.310841 -0.871960
401158 -0.149815 0.379845 -1.128394
401159 -0.066755 0.390822 -1.132609
401160 0.021135 0.400323 -1.131059
401161 0.112749 0.407922 -1.122892
401162 0.206618 0.413236 -1.107495
401163 0.300998 0.415971 -1.084605
401164 0.394010 0.415971 -1.054383
401165 0.483819 0.413236 -1.017426
401166 0.568811 0.407922 -0.974707
401167 0.647728 0.400323 -0.927464
401168 0.719743 0.390822 -0.877057
401169 0.784462 0.379845 -0.824826
401170 -0.191532 0.443692 -1.098387
401171 -0.112141 0.457081 -1.103858
401172 -0.027673 0.468986 -1.104213
401173 0.060980 0.478917 -1.098599
401174 0.152569 0.486409 -1.086337
401175 0.245538 0.491077 -1.067031
401176 0.338132 0.492663 -1.040649
401177 0.428549 0.491077 -1.007566
401178 0.515110 0.486409 -0.968539
401179 0.596415 0.478917 -0.924623
401180 0.671436 0.468986 -0.877056
401181 0.739562 0.457081 -0.827118
401182 0.800574 0.443692 -0.776027
401183 -0.230098 0.502073 -1.065353
401184 -0.154557 0.517640 -1.071522
401185 -0.073846 0.531782 -1.073199
401186 0.011342 0.543969 -1.069565
401187 0.099977 0.553681 -1.059926
401188 0.190712 0.560451 -1.043802
401189 0.281965 0.563931 -1.021018
401190 0.372034 0.563931 -0.991752
401191 0.459251 0.560451 -0.956547
401192 0.542135 0.553680 -0.916257
401193 0.619507 0.543969 -0.871957
401194 0.690561 0.531782 -0.824824
401195 0.754873 0.517640 -0.776026
401196 0.812360 0.502073 -0.726633
401197 -0.906247 -0.430347 -0.658420
401198 -0.948470 -0.369742 -0.635371
401199 -0.897373 -0.369742 -0.705700
401200 -0.988890 -0.303874 -0.608076
401201 -0.939002 -0.304720 -0.682218
401202 -0.883905 -0.303875 -0.752577
401203 -1.026395 -0.233129 -0.576337
401204 -0.978386 -0.234492 -0.654044
401205 -0.924377 -0.234492 -0.728382
401206 -0.865309 -0.233130 -0.798055
401207 -1.059825 -0.158194 -0.540135
401208 -1.014348 -0.159638 -0.620978
401209 -0.962141 -0.160129 -0.699031
401210 -0.904042 -0.159638 -0.772803
401211 -0.841208 -0.158194 -0.841037
401212 -1.088076 -0.080064 -0.499680
401213 -1.045700 -0.081068 -0.583044
401214 -0.995985 -0.081584 -0.664347
401215 -0.939613 -0.081584 -0.741938
401216 -0.877652 -0.081068 -0.814344
401217 -0.811463 -0.080064 -0.880407
401218 -1.110218 0.000000 -0.455431
401219 -1.071366 0.000000 -0.540532
401220 -1.024742 0.000000 -0.624423
401221 -0.970822 0.000000 -0.705340
401222 -0.910528 0.000000 -0.781626
401223 -0.845151 0.000001 -0.851892
401224 -0.776221 0.000001 -0.915140
401225 -1.125603 0.080562 -0.408079
401226 -1.090507 0.082111 -0.494016
401227 -1.047414 0.083194 -0.579657
401228 -0.996571 0.083753 -0.663199
401229 -0.938700 0.083753 -0.742851
401230 -0.874959 0.083195 -0.817023
401231 -0.806826 0.082111 -0.884472
401232 -0.735940 0.080562 -0.944406
401233 -1.133947 0.160128 -0.358501
401234 -1.102627 0.163692 -0.444318
401235 -1.063302 0.166388 -0.530758
401236 -1.015990 0.168071 -0.616048
401237 -0.961187 0.168644 -0.698341
401238 -0.899857 0.168072 -0.775892
401239 -0.833361 0.166389 -0.847245
401240 -0.763305 0.163693 -0.911356
401241 -0.691366 0.160130 -0.967663
401242 -1.135353 0.237291 -0.307679
401243 -1.107628 0.243204 -0.392445
401244 -1.072092 0.247940 -0.478689
401245 -1.028560 0.251257 -0.564744
401246 -0.977290 0.252966 -0.648778
401247 -0.919025 0.252966 -0.728972
401248 -0.854947 0.251257 -0.803701
401249 -0.786557 0.247942 -0.871696
401250 -0.715515 0.243205 -0.932143
401251 -0.643465 0.237293 -0.984706
401252 -1.130280 0.310838 -0.256607
401253 -1.105809 0.319276 -0.339484
401254 -1.073888 0.326336 -0.424581
401255 -1.034164 0.331676 -0.510389
401256 -0.986683 0.335009 -0.595169
401257 -0.931954 0.336142 -0.677104
401258 -0.870941 0.335009 -0.754473
401259 -0.804983 0.331677 -0.825829
401260 -0.735651 0.326338 -0.890124
401261 -0.664583 0.319278 -0.946780
401262 -0.593323 0.310841 -0.995663
401263 -1.119464 0.379841 -0.206205
401264 -1.097806 0.390819 -0.286502
401265 -1.069173 0.400320 -0.369612
401266 -1.033096 0.407920 -0.454219
401267 -0.989445 0.413234 -0.538736
401268 -0.938510 0.415970 -0.621424
401269 -0.881025 0.415970 -0.700546
401270 -0.818124 0.413235 -0.774539
401271 -0.751231 0.407922 -0.842171
401272 -0.681914 0.400323 -0.902627
401273 -0.611719 0.390822 -0.955541
401274 -0.542045 0.379845 -1.000952
401275 -1.103817 0.443688 -0.157257
401276 -1.084487 0.457077 -0.234453
401277 -1.058724 0.468982 -0.314897
401278 -1.025989 0.478914 -0.397477
401279 -0.986025 0.486407 -0.480795
401280 -0.938934 0.491075 -0.563248
401281 -0.885230 0.492662 -0.643158
401282 -0.825826 0.491076 -0.718927
401283 -0.761960 0.486408 -0.789192
401284 -0.695069 0.478916 -0.852947
401285 -0.626646 0.468985 -0.909597
401286 -0.558101 0.457081 -0.958958
401287 -0.490656 0.443692 -1.001196
401288 -1.084318 0.502068 -0.110370
401289 -1.066843 0.517636 -0.184120
401290 -1.043495 0.531778 -0.261400
401291 -1.013715 0.543966 -0.341296
401292 -0.977158 0.553678 -0.422614
401293 -0.933785 0.560449 -0.503927
401294 -0.883917 0.563929 -0.583674
401295 -0.828251 0.563930 -0.660291
401296 -0.767817 0.560450 -0.732361
401297 -0.703886 0.553680 -0.798738
401298 -0.637845 0.543969 -0.858634
401299 -0.571061 0.531781 -0.911646
401300 -0.504778 0.517640 -0.957731
401301 -0.440037 0.502073 -0.997141
401302 -0.906247 -0.430348 0.658420
401303 -0.897373 -0.369743 0.705699
401304 -0.948470 -0.369743 0.635370
401305 -0.883905 -0.303876 0.752576
401306 -0.939002 -0.304721 0.682218
401307 -0.988890 -0.303875 0.608076
401308 -0.865309 -0.233131 0.798055
401309 -0.924377 -0.234493 0.728382
401310 -0.978386 -0.234493 0.654044
401311 -1.026395 -0.233130 0.576337
401312 -0.841208 -0.158195 0.841037
401313 -0.904042 -0.159639 0.772803
401314 -0.962141 -0.160130 0.699031
401315 -1.014348 -0.159639 0.620978
401316 -1.059825 -0.158195 0.540135
401317 -0.811463 -0.080065 0.880407
401318 -0.877652 -0.081069 0.814344
401319 -0.939613 -0.081585 0.741938
401320 -0.995985 -0.081585 0.664347
401321 -1.045700 -0.081068 0.583044
401322 -1.088076 -0.080065 0.499680
401323 -0.776221 -0.000001 0.915140
401324 -0.845151 -0.000001 0.851892
401325 -0.910528 -0.000000 0.781626
401326 -0.970822 -0.000000 0.705340
401327 -1.024742 -0.000000 0.624423
401328 -1.071366 -0.000000 0.540532
401329 -1.110218 -0.000000 0.455431
401330 -0.735940 0.080561 0.944406
401331 -0.806826 0.082110 0.884472
401332 -0.874959 0.083194 0.817023
401333 -0.938700 0.083752 0.742852
401334 -0.996571 0.083752 0.663199
401335 -1.047414 0.083194 0.579657
401336 -1.090507 0.082110 0.494016
401337 -1.125603 0.080561 0.408079
401338 -0.691366 0.160129 0.967663
401339 -0.763305 0.163692 0.911357
401340 -0.833361 0.166388 0.847245
401341 -0.899857 0.168071 0.775893
401342 -0.961187 0.168643 0.698341
401343 -1.015990 0.168071 0.616049
401344 -1.063302 0.166387 0.530758
401345 -1.102627 0.163691 0.444319
401346 -1.133947 0.160128 0.358501
401347 -0.643465 0.237292 0.984706
401348 -0.715515 0.243204 0.932143
401349 -0.786557 0.247941 0.871696
401350 -0.854947 0.251256 0.803701
401351 -0.919025 0.252965 0.728973
401352 -0.977290 0.252965 0.648779
401353 -1.028560 0.251256 0.564744
401354 -1.072092 0.247940 0.478690
401355 -1.107628 0.243203 0.392445
401356 -1.135353 0.237290 0.307679
401357 -0.593323 0.310840 0.995664
401358 -0.664583 0.319277 0.946780
401359 -0.735651 0.326337 0.890125
401360 -0.804983 0.331676 0.825829
401361 -0.870941 0.335008 0.754474
401362 -0.931954 0.336141 0.677104
401363 -0.986683 0.335008 0.595169
401364 -1.034164 0.331675 0.510389
401365 -1.073888 0.326335 0.424582
401366 -1.105809 0.319275 0.339485
401367 -1.130280 0.310837 0.256607
401368 -0.542045 0.379844 1.000953
401369 -0.611719 0.390821 0.955541
401370 -0.681914 0.400322 0.902627
401371 -0.751231 0.407921 0.842171
401372 -0.818123 0.413234 0.774540
401373 -0.881025 0.415969 0.700546
401374 -0.938510 0.415969 0.621425
401375 -0.989445 0.413233 0.538737
401376 -1.033096 0.407919 0.454219
401377 -1.069173 0.400320 0.369613
401378 -1.097806 0.390818 0.286502
401379 -1.119464 0.379841 0.206206
401380 -0.490656 0.443691 1.001197
401381 -0.558101 0.457080 0.958959
401382 -0.626646 0.468984 0.909598
401383 -0.695069 0.478915 0.852947
401384 -0.761960 0.486407 0.789193
401385 -0.825826 0.491075 0.718927
401386 -0.885230 0.492661 0.643159
401387 -0.938934 0.491074 0.563249
401388 -0.986025 0.486406 0.480795
401389 -1.025989 0.478913 0.397477
401390 -1.058724 0.468982 0.314897
401391 -1.084487 0.457077 0.234453
401392 -1.103817 0.443688 0.157257
401393 -0.440037 0.502072 0.997142
401394 -0.504778 0.517639 0.957732
401395 -0.571061 0.531780 0.911647
401396 -0.637844 0.543967 0.858635
401397 -0.703886 0.553679 0.798739
401398 -0.767817 0.560449 0.732362
401399 -0.828250 0.563929 0.660292
401400 -0.883917 0.563928 0.583675
401401 -0.933785 0.560448 0.503928
401402 -0.977158 0.553677 0.422615
401403 -1.013715 0.543965 0.341297
401404 -1.043495 0.531777 0.261401
401405 -1.066842 0.517636 0.184121
401406 -1.084318 0.502068 0.110371
401407 0.346150 -0.430349 1.065354
401408 0.393858 -0.369744 1.071525
401409 0.311182 -0.369744 1.098388
401410 0.442602 -0.303876 1.073202
401411 0.358663 -0.304721 1.103860
401412 0.272734 -0.303876 1.128395
401413 0.491602 -0.233131 1.069569
401414 0.407087 -0.234494 1.104216
401415 0.319698 -0.234494 1.132610
401416 0.230959 -0.233131 1.154257
401417 0.539927 -0.158196 1.059931
401418 0.455617 -0.159640 1.098603
401419 0.367503 -0.160130 1.131062
401420 0.277138 -0.159640 1.156594
401421 0.186199 -0.158195 1.174864
401422 0.586562 -0.080065 1.043808
401423 0.503280 -0.081069 1.086341
401424 0.415271 -0.081585 1.122895
401425 0.324059 -0.081585 1.152532
401426 0.231373 -0.081069 1.174689
401427 0.138995 -0.080065 1.189231
401428 0.630486 -0.000001 1.021023
401429 0.549033 -0.000001 1.067035
401430 0.462004 -0.000001 1.107498
401431 0.370821 -0.000001 1.141268
401432 0.277202 -0.000001 1.167544
401433 0.183011 -0.000001 1.185963
401434 0.090069 -0.000001 1.196615
401435 0.670766 0.080561 0.991757
401436 0.591861 0.082110 1.040653
401437 0.506660 0.083194 1.084608
401438 0.416423 0.083752 1.122309
401439 0.322786 0.083752 1.152734
401440 0.227622 0.083194 1.175273
401441 0.132857 0.082110 1.189793
401442 0.040281 0.080561 1.196615
401443 0.706659 0.160129 0.956552
401444 0.630879 0.163692 1.007570
401445 0.548257 0.166388 1.054386
401446 0.459849 0.168071 1.095578
401447 0.367142 0.168643 1.129941
401448 0.271943 0.168071 1.156633
401449 0.176207 0.166388 1.175273
401450 0.081847 0.163692 1.185962
401451 -0.009449 0.160128 1.189231
401452 0.737670 0.237292 0.916261
401453 0.665416 0.243204 0.968542
401454 0.585975 0.247941 1.017428
401455 0.500175 0.251257 1.061459
401456 0.409303 0.252965 1.099309
401457 0.315030 0.252965 1.129940
401458 0.219265 0.251256 1.152733
401459 0.123971 0.247940 1.167543
401460 0.030967 0.243204 1.174688
401461 -0.058218 0.237291 1.174863
401462 0.763586 0.310840 0.871960
401463 0.695075 0.319277 0.924626
401464 0.619232 0.326337 0.974708
401465 0.536659 0.331677 1.020778
401466 0.448414 0.335009 1.061458
401467 0.355978 0.336142 1.095577
401468 0.261141 0.335009 1.122308
401469 0.165839 0.331676 1.141266
401470 0.071957 0.326337 1.152530
401471 -0.018839 0.319277 1.156593
401472 -0.105222 0.310839 1.154256
401473 0.784462 0.379844 0.824826
401474 0.719743 0.390821 0.877057
401475 0.647728 0.400322 0.927465
401476 0.568811 0.407921 0.974707
401477 0.483819 0.413234 1.017426
401478 0.394010 0.415970 1.054384
401479 0.300998 0.415970 1.084606
401480 0.206618 0.413234 1.107496
401481 0.112749 0.407921 1.122893
401482 0.021135 0.400322 1.131060
401483 -0.066755 0.390820 1.132609
401484 -0.149815 0.379843 1.128395
401485 0.800574 0.443691 0.776028
401486 0.739562 0.457080 0.827119
401487 0.671436 0.468985 0.877056
401488 0.596415 0.478915 0.924624
401489 0.515110 0.486408 0.968539
401490 0.428549 0.491076 1.007567
401491 0.338132 0.492662 1.040649
401492 0.245539 0.491076 1.067031
401493 0.152569 0.486408 1.086338
401494 0.060980 0.478915 1.098600
401495 -0.027673 0.468984 1.104214
401496 -0.112141 0.457079 1.103858
401497 -0.191532 0.443691 1.098387
401498 0.812360 0.502072 0.726633
401499 0.754872 0.517639 0.776027
401500 0.690561 0.531780 0.824825
401501 0.619507 0.543968 0.871958
401502 0.542135 0.553679 0.916258
401503 0.459251 0.560450 0.956548
401504 0.372034 0.563930 0.991753
401505 0.281965 0.563930 1.021019
401506 0.190712 0.560450 1.043803
401507 0.099977 0.553679 1.059927
401508 0.011342 0.543968 1.069566
401509 -0.073846 0.531780 1.073199
401510 -0.154557 0.517639 1.071523
401511 -0.230098 0.502071 1.065354
401512 0.440038 -0.502072 -0.997141
401513 0.490656 -0.443691 -1.001197
401514 0.504779 -0.517639 -0.957731
401515 0.542046 -0.379844 -1.000952
401516 0.558102 -0.457079 -0.958958
401517 0.571062 -0.531780 -0.911646
401518 0.593324 -0.310839 -0.995664
401519 0.611720 -0.390820 -0.955541
401520 0.626648 -0.468984 -0.909597
401521 0.637846 -0.543968 -0.858634
401522 0.643465 -0.237291 -0.984706
401523 0.664584 -0.319277 -0.946779
401524 0.681915 -0.400321 -0.902627
401525 0.695071 -0.478914 -0.852946
401526 0.703888 -0.553678 -0.798737
401527 0.691367 -0.160128 -0.967663
401528 0.715516 -0.243203 -0.932143
401529 0.735652 -0.326336 -0.890124
401530 0.751233 -0.407920 -0.842170
401531 0.761962 -0.486407 -0.789191
401532 0.767819 -0.560449 -0.732360
401533 0.735941 -0.080561 -0.944405
401534 0.763306 -0.163691 -0.911356
401535 0.786558 -0.247939 -0.871695
401536 0.804984 -0.331675 -0.825828
401537 0.818125 -0.413233 -0.774538
401538 0.825828 -0.491074 -0.718925
401539 0.828253 -0.563928 -0.660290
401540 0.776221 0.000001 -0.915140
401541 0.806826 -0.082109 -0.884471
401542 0.833362 -0.166386 -0.847244
401543 0.854948 -0.251255 -0.803701
401544 0.870943 -0.335007 -0.754473
401545 0.881027 -0.415968 -0.700545
401546 0.885232 -0.492660 -0.643157
401547 0.883919 -0.563928 -0.583672
401548 0.811463 0.080066 -0.880407
401549 0.845152 0.000002 -0.851891
401550 0.874959 -0.083192 -0.817022
401551 0.899858 -0.168069 -0.775892
401552 0.919027 -0.252963 -0.728972
401553 0.931956 -0.336139 -0.677103
401554 0.938512 -0.415967 -0.621423
401555 0.938936 -0.491073 -0.563247
401556 0.933787 -0.560447 -0.503926
401557 0.841208 0.158196 -0.841036
401558 0.877652 0.081070 -0.814343
401559 0.910528 0.000002 -0.781625
401560 0.938700 -0.083750 -0.742851
401561 0.961187 -0.168641 -0.698340
401562 0.977291 -0.252962 -0.648778
401563 0.986684 -0.335006 -0.595168
401564 0.989446 -0.413231 -0.538735
401565 0.986026 -0.486405 -0.480794
401566 0.977160 -0.553676 -0.422613
401567 0.865308 0.233131 -0.798055
401568 0.904042 0.159641 -0.772803
401569 0.939613 0.081587 -0.741938
401570 0.970823 0.000003 -0.705340
401571 0.996571 -0.083749 -0.663199
401572 1.015991 -0.168068 -0.616048
401573 1.028561 -0.251253 -0.564743
401574 1.034165 -0.331673 -0.510388
401575 1.033097 -0.407918 -0.454218
401576 1.025991 -0.478912 -0.397476
401577 1.013716 -0.543965 -0.341295
401578 0.883905 0.303877 -0.752576
401579 0.924376 0.234494 -0.728382
401580 0.962140 0.160131 -0.699031
401581 0.995985 0.081587 -0.664347
401582 1.024742 0.000003 -0.624423
401583 1.047414 -0.083191 -0.579657
401584 1.063302 -0.166385 -0.530758
401585 1.072093 -0.247937 -0.478690
401586 1.073889 -0.326333 -0.424581
401587 1.069174 -0.400318 -0.369612
401588 1.058725 -0.468980 -0.314896
401589 1.043496 -0.531777 -0.261399
401590 0.897373 0.369744 -0.705699
401591 0.939001 0.304722 -0.682218
401592 0.978386 0.234495 -0.654044
401593 1.014347 0.159641 -0.620978
401594 1.045699 0.081071 -0.583044
401595 1.071366 0.000003 -0.540533
401596 1.090507 -0.082107 -0.494016
401597 1.102627 -0.163689 -0.444319
401598 1.107628 -0.243200 -0.392446
401599 1.105810 -0.319273 -0.339485
401600 1.097807 -0.390816 -0.286502
401601 1.084488 -0.457076 -0.234453
401602 1.066843 -0.517635 -0.184120
401603 0.906247 0.430348 -0.658420
401604 0.948469 0.369744 -0.635371
401605 0.988889 0.303877 -0.608076
401606 1.026394 0.233132 -0.576337
401607 1.059824 0.158197 -0.540135
401608 1.088076 0.080067 -0.499681
401609 1.110217 0.000003 -0.455432
401610 1.125603 -0.080558 -0.408080
401611 1.133947 -0.160125 -0.358502
401612 1.135354 -0.237288 -0.307680
401613 1.130281 -0.310835 -0.256608
401614 1.119465 -0.379839 -0.206206
401615 1.103817 -0.443687 -0.157258
401616 1.084319 -0.502067 -0.110370
401617 -0.812360 -0.502072 -0.726633
401618 -0.800575 -0.443691 -0.776028
401619 -0.754873 -0.517639 -0.776027
401620 -0.784462 -0.379844 -0.824826
401621 -0.739563 -0.457079 -0.827119
401622 -0.690561 -0.531780 -0.824824
401623 -0.763587 -0.310839 -0.871960
401624 -0.719743 -0.390820 -0.877057
401625 -0.671436 -0.468984 -0.877056
401626 -0.619507 -0.543968 -0.871958
401627 -0.737670 -0.237291 -0.916261
401628 -0.695075 -0.319277 -0.924626
401629 -0.647728 -0.400322 -0.927465
401630 -0.596415 -0.478915 -0.924624
401631 -0.542135 -0.553679 -0.916258
401632 -0.706659 -0.160128 -0.956552
401633 -0.665416 -0.243204 -0.968542
401634 -0.619232 -0.326336 -0.974708
401635 -0.568811 -0.407920 -0.974708
401636 -0.515111 -0.486407 -0.968540
401637 -0.459252 -0.560450 -0.956548
401638 -0.670766 -0.080561 -0.991757
401639 -0.630879 -0.163691 -1.007570
401640 -0.585975 -0.247940 -1.017428
401641 -0.536659 -0.331676 -1.020778
401642 -0.483820 -0.413234 -1.017427
401643 -0.428549 -0.491075 -1.007567
401644 -0.372034 -0.563930 -0.991753
401645 -0.630486 0.000001 -1.021023
401646 -0.591861 -0.082109 -1.040653
401647 -0.548257 -0.166387 -1.054386
401648 -0.500175 -0.251255 -1.061459
401649 -0.448414 -0.335008 -1.061459
401650 -0.394010 -0.415969 -1.054384
401651 -0.338132 -0.492661 -1.040650
401652 -0.281966 -0.563930 -1.021019
401653 -0.586562 0.080066 -1.043807
401654 -0.549033 0.000001 -1.067035
401655 -0.506660 -0.083193 -1.084608
401656 -0.459849 -0.168070 -1.095578
401657 -0.409303 -0.252964 -1.099309
401658 -0.355978 -0.336141 -1.095577
401659 -0.300998 -0.415969 -1.084606
401660 -0.245539 -0.491075 -1.067031
401661 -0.190713 -0.560450 -1.043803
401662 -0.539927 0.158196 -1.059931
401663 -0.503280 0.081070 -1.086341
401664 -0.462004 0.000002 -1.107498
401665 -0.416423 -0.083751 -1.122309
401666 -0.367142 -0.168642 -1.129941
401667 -0.315030 -0.252964 -1.129941
401668 -0.261142 -0.335008 -1.122308
401669 -0.206618 -0.413233 -1.107496
401670 -0.152569 -0.486407 -1.086338
401671 -0.099977 -0.553679 -1.059927
401672 -0.491602 0.233131 -1.069569
401673 -0.455617 0.159640 -1.098603
401674 -0.415271 0.081586 -1.122895
401675 -0.370821 0.000002 -1.141268
401676 -0.322786 -0.083751 -1.152734
401677 -0.271943 -0.168070 -1.156633
401678 -0.219266 -0.251255 -1.152733
401679 -0.165839 -0.331675 -1.141266
401680 -0.112749 -0.407920 -1.122893
401681 -0.060980 -0.478915 -1.098600
401682 -0.011343 -0.543968 -1.069566
401683 -0.442603 0.303877 -1.073202
401684 -0.407087 0.234494 -1.104216
401685 -0.367503 0.160131 -1.131061
401686 -0.324059 0.081586 -1.152532
401687 -0.277202 0.000002 -1.167544
401688 -0.227622 -0.083193 -1.175273
401689 -0.176207 -0.166387 -1.175273
401690 -0.123971 -0.247940 -1.167543
401691 -0.071957 -0.326336 -1.152531
401692 -0.021135 -0.400321 -1.131060
401693 0.027673 -0.468984 -1.104214
401694 0.073846 -0.531780 -1.073199
401695 -0.393858 0.369744 -1.071525
401696 -0.358663 0.304722 -1.103860
401697 -0.319698 0.234494 -1.132610
401698 -0.277138 0.159640 -1.156594
401699 -0.231372 0.081070 -1.174689
401700 -0.183011 0.000001 -1.185963
401701 -0.132856 -0.082109 -1.189793
401702 -0.081847 -0.163691 -1.185962
401703 -0.030967 -0.243203 -1.174689
401704 0.018839 -0.319276 -1.156593
401705 0.066755 -0.390820 -1.132609
401706 0.112141 -0.457079 -1.103858
401707 0.154557 -0.517639 -1.071523
401708 -0.346150 0.430349 -1.065354
401709 -0.311182 0.369744 -1.098388
401710 -0.272734 0.303876 -1.128395
401711 -0.230958 0.233131 -1.154257
401712 -0.186199 0.158196 -1.174864
401713 -0.138995 0.080066 -1.189231
401714 -0.090069 0.000001 -1.196615
401715 -0.040281 -0.080561 -1.196615
401716 0.009448 -0.160128 -1.189231
401717 0.058218 -0.237291 -1.174863
401718 0.105222 -0.310839 -1.154256
401719 0.149815 -0.379843 -1.128395
401720 0.191532 -0.443690 -1.098387
401721 0.230098 -0.502071 -1.065354
401722 -0.942108 -0.502072 0.548048
401723 -0.985442 -0.443691 0.521576
401724 -0.971319 -0.517639 0.478111
401725 -1.026873 -0.379843 0.491173
401726 -1.015179 -0.457079 0.447763
401727 -0.997854 -0.531780 0.401869
401728 -1.065248 -0.310839 0.456755
401729 -1.056548 -0.390820 0.413482
401730 -1.041619 -0.468983 0.367540
401731 -1.020723 -0.543967 0.319728
401732 -1.099372 -0.237291 0.418418
401733 -1.094164 -0.319276 0.375323
401734 -1.082233 -0.400321 0.329416
401735 -1.063675 -0.478914 0.281492
401736 -1.038945 -0.553678 0.232454
401737 -1.128107 -0.160128 0.376475
401738 -1.126765 -0.243203 0.333545
401739 -1.118358 -0.326336 0.287716
401740 -1.102776 -0.407920 0.239763
401741 -1.080316 -0.486406 0.190597
401742 -1.051649 -0.560448 0.141178
401743 -1.150497 -0.080561 0.331461
401744 -1.153210 -0.163692 0.288639
401745 -1.148709 -0.247940 0.242886
401746 -1.136656 -0.331675 0.194949
401747 -1.117140 -0.413233 0.145732
401748 -1.090683 -0.491074 0.096213
401749 -1.058179 -0.563928 0.047351
401750 -1.165883 -0.000000 0.284109
401751 -1.172616 -0.082110 0.241310
401752 -1.172202 -0.166388 0.195595
401753 -1.164071 -0.251256 0.147681
401754 -1.148075 -0.335007 0.098454
401755 -1.124535 -0.415969 0.048899
401756 -1.094206 -0.492660 -0.000000
401757 -1.058179 -0.563928 -0.047352
401758 -1.173979 0.080064 0.235297
401759 -1.184471 -0.000000 0.192426
401760 -1.188090 -0.083194 0.146696
401761 -1.184058 -0.168071 0.098787
401762 -1.171987 -0.252964 0.049561
401763 -1.151959 -0.336141 -0.000000
401764 -1.124535 -0.415969 -0.048899
401765 -1.090683 -0.491074 -0.096213
401766 -1.051649 -0.560448 -0.141178
401767 -1.174901 0.158193 0.185963
401768 -1.188694 0.081067 0.142948
401769 -1.196061 -0.000000 0.097154
401770 -1.196061 -0.083752 0.049227
401771 -1.188091 -0.168643 -0.000000
401772 -1.171987 -0.252965 -0.049562
401773 -1.148075 -0.335008 -0.098454
401774 -1.117140 -0.413233 -0.145732
401775 -1.080315 -0.486407 -0.190597
401776 -1.038945 -0.553678 -0.232454
401777 -1.169134 0.233128 0.137026
401778 -1.185627 0.159637 0.093830
401779 -1.196263 0.081583 0.047952
401780 -1.200000 -0.000001 -0.000000
401781 -1.196061 -0.083753 -0.049227
401782 -1.184058 -0.168071 -0.098787
401783 -1.164071 -0.251256 -0.147681
401784 -1.136656 -0.331676 -0.194950
401785 -1.102776 -0.407920 -0.239764
401786 -1.063674 -0.478914 -0.281492
401787 -1.020722 -0.543967 -0.319728
401788 -1.157448 0.303872 0.089304
401789 -1.175969 0.234490 0.045942
401790 -1.189268 0.160127 -0.000000
401791 -1.196263 0.081583 -0.047953
401792 -1.196061 -0.000001 -0.097155
401793 -1.188090 -0.083195 -0.146697
401794 -1.172202 -0.166389 -0.195596
401795 -1.148709 -0.247941 -0.242887
401796 -1.118357 -0.326337 -0.287717
401797 -1.082233 -0.400321 -0.329416
401798 -1.041618 -0.468984 -0.367540
401799 -0.997854 -0.531780 -0.401869
401800 -1.140791 0.369739 0.043464
401801 -1.160667 0.304717 -0.000000
401802 -1.175969 0.234490 -0.045943
401803 -1.185627 0.159636 -0.093831
401804 -1.188694 0.081066 -0.142949
401805 -1.184471 -0.000002 -0.192427
401806 -1.172616 -0.082112 -0.241311
401807 -1.153209 -0.163693 -0.288640
401808 -1.126765 -0.243205 -0.333546
401809 -1.094164 -0.319277 -0.375324
401810 -1.056547 -0.390820 -0.413483
401811 -1.015178 -0.457079 -0.447763
401812 -0.971318 -0.517638 -0.478112
401813 -1.120181 0.430343 -0.000000
401814 -1.140791 0.369739 -0.043465
401815 -1.157449 0.303872 -0.089304
401816 -1.169135 0.233126 -0.137027
401817 -1.174901 0.158192 -0.185964
401818 -1.173978 0.080062 -0.235298
401819 -1.165882 -0.000002 -0.284111
401820 -1.150497 -0.080563 -0.331462
401821 -1.128106 -0.160130 -0.376477
401822 -1.099372 -0.237293 -0.418419
401823 -1.065248 -0.310840 -0.456756
401824 -1.026872 -0.379844 -0.491174
401825 -0.985442 -0.443691 -0.521577
401826 -0.942108 -0.502071 -0.548049
401827 0.230098 -0.502073 1.065353
401828 0.191532 -0.443692 1.098387
401829 0.154557 -0.517640 1.071523
401830 0.149815 -0.379845 1.128394
401831 0.112141 -0.457081 1.103858
401832 0.073846 -0.531782 1.073199
401833 0.105223 -0.310840 1.154256
401834 0.066756 -0.390822 1.132609
401835 0.027673 -0.468985 1.104213
401836 -0.011342 -0.543969 1.069565
401837 0.058218 -0.237292 1.174863
401838 0.018840 -0.319278 1.156593
401839 -0.021135 -0.400323 1.131059
401840 -0.060980 -0.478916 1.098600
401841 -0.099977 -0.553680 1.059926
401842 0.009449 -0.160130 1.189231
401843 -0.030967 -0.243205 1.174688
401844 -0.071956 -0.326338 1.152530
401845 -0.112748 -0.407922 1.122892
401846 -0.152569 -0.486409 1.086338
401847 -0.190712 -0.560451 1.043802
401848 -0.040281 -0.080562 1.196615
401849 -0.081846 -0.163693 1.185962
401850 -0.123970 -0.247941 1.167543
401851 -0.165838 -0.331677 1.141266
401852 -0.206617 -0.413235 1.107495
401853 -0.245538 -0.491077 1.067031
401854 -0.281965 -0.563931 1.021018
401855 -0.090069 -0.000001 1.196615
401856 -0.132856 -0.082111 1.189793
401857 -0.176206 -0.166389 1.175273
401858 -0.219265 -0.251257 1.152733
401859 -0.261141 -0.335010 1.122308
401860 -0.300997 -0.415971 1.084605
401861 -0.338132 -0.492663 1.040649
401862 -0.372034 -0.563931 0.991752
401863 -0.138994 0.080064 1.189231
401864 -0.183010 -0.000000 1.185963
401865 -0.227621 -0.083194 1.175273
401866 -0.271942 -0.168072 1.156633
401867 -0.315029 -0.252966 1.129940
401868 -0.355977 -0.336143 1.095577
401869 -0.394010 -0.415971 1.054384
401870 -0.428548 -0.491077 1.007566
401871 -0.459251 -0.560451 0.956547
401872 -0.186198 0.158194 1.174864
401873 -0.231372 0.081068 1.174689
401874 -0.277202 -0.000000 1.167544
401875 -0.322785 -0.083753 1.152734
401876 -0.367141 -0.168644 1.129941
401877 -0.409302 -0.252966 1.099309
401878 -0.448413 -0.335010 1.061458
401879 -0.483819 -0.413235 1.017426
401880 -0.515110 -0.486409 0.968539
401881 -0.542135 -0.553680 0.916258
401882 -0.230958 0.233129 1.154257
401883 -0.277137 0.159639 1.156594
401884 -0.324058 0.081584 1.152532
401885 -0.370820 -0.000000 1.141268
401886 -0.416422 -0.083753 1.122310
401887 -0.459848 -0.168072 1.095578
401888 -0.500174 -0.251257 1.061459
401889 -0.536658 -0.331677 1.020778
401890 -0.568811 -0.407922 0.974707
401891 -0.596414 -0.478916 0.924624
401892 -0.619507 -0.543969 0.871957
401893 -0.272733 0.303875 1.128396
401894 -0.319697 0.234492 1.132611
401895 -0.367502 0.160129 1.131062
401896 -0.415271 0.081584 1.122896
401897 -0.462003 -0.000000 1.107499
401898 -0.506659 -0.083195 1.084608
401899 -0.548256 -0.166389 1.054386
401900 -0.585974 -0.247942 1.017428
401901 -0.619231 -0.326338 0.974708
401902 -0.647728 -0.400323 0.927464
401903 -0.671436 -0.468985 0.877056
401904 -0.690561 -0.531782 0.824824
401905 -0.311182 0.369742 1.098388
401906 -0.358662 0.304720 1.103860
401907 -0.407086 0.234493 1.104216
401908 -0.455616 0.159639 1.098603
401909 -0.503279 0.081068 1.086342
401910 -0.549032 -0.000000 1.067035
401911 -0.591861 -0.082111 1.040653
401912 -0.630878 -0.163693 1.007570
401913 -0.665415 -0.243205 0.968542
401914 -0.695075 -0.319278 0.924626
401915 -0.719743 -0.390822 0.877057
401916 -0.739562 -0.457081 0.827118
401917 -0.754872 -0.517640 0.776026
401918 -0.346150 0.430347 1.065355
401919 -0.393858 0.369743 1.071525
401920 -0.442602 0.303875 1.073202
401921 -0.491601 0.233130 1.069569
401922 -0.539927 0.158195 1.059931
401923 -0.586562 0.080064 1.043808
401924 -0.630485 -0.000000 1.021023
401925 -0.670766 -0.080562 0.991757
401926 -0.706659 -0.160130 0.956552
401927 -0.737670 -0.237293 0.916261
401928 -0.763586 -0.310840 0.871960
401929 -0.784462 -0.379845 0.824826
401930 -0.800574 -0.443692 0.776027
401931 -0.812360 -0.502073 0.726633
401932 1.084319 -0.502068 0.110369
401933 1.103817 -0.443688 0.157256
401934 1.066843 -0.517636 0.184119
401935 1.119465 -0.379841 0.206204
401936 1.084488 -0.457077 0.234451
401937 1.043496 -0.531777 0.261398
401938 1.130280 -0.310838 0.256606
401939 1.097806 -0.390818 0.286500
401940 1.058724 -0.468982 0.314895
401941 1.013716 -0.543965 0.341294
401942 1.135354 -0.237290 0.307678
401943 1.105810 -0.319276 0.339483
401944 1.069174 -0.400320 0.369610
401945 1.025990 -0.478913 0.397474
401946 0.977160 -0.553677 0.422612
401947 1.133947 -0.160128 0.358500
401948 1.107628 -0.243203 0.392444
401949 1.073889 -0.326336 0.424579
401950 1.033097 -0.407920 0.454216
401951 0.986026 -0.486407 0.480792
401952 0.933787 -0.560449 0.503924
401953 1.125603 -0.080562 0.408078
401954 1.102628 -0.163692 0.444317
401955 1.072093 -0.247940 0.478687
401956 1.034165 -0.331676 0.510386
401957 0.989446 -0.413234 0.538733
401958 0.938936 -0.491075 0.563245
401959 0.883919 -0.563929 0.583671
401960 1.110218 -0.000000 0.455430
401961 1.090508 -0.082111 0.494015
401962 1.063303 -0.166388 0.530756
401963 1.028561 -0.251256 0.564742
401964 0.986685 -0.335009 0.595166
401965 0.938512 -0.415970 0.621421
401966 0.885232 -0.492662 0.643155
401967 0.828253 -0.563930 0.660288
401968 1.088076 0.080064 0.499680
401969 1.071367 -0.000000 0.540531
401970 1.047415 -0.083194 0.579656
401971 1.015992 -0.168071 0.616046
401972 0.977291 -0.252965 0.648776
401973 0.931956 -0.336142 0.677101
401974 0.881027 -0.415970 0.700543
401975 0.825828 -0.491076 0.718924
401976 0.767819 -0.560450 0.732359
401977 1.059825 0.158194 0.540134
401978 1.045700 0.081068 0.583043
401979 1.024743 -0.000000 0.624421
401980 0.996572 -0.083753 0.663197
401981 0.961188 -0.168644 0.698339
401982 0.919027 -0.252966 0.728970
401983 0.870943 -0.335009 0.754471
401984 0.818126 -0.413235 0.774537
401985 0.761962 -0.486409 0.789190
401986 0.703889 -0.553680 0.798736
401987 1.026395 0.233129 0.576336
401988 1.014348 0.159638 0.620978
401989 0.995986 0.081584 0.664346
401990 0.970823 -0.000001 0.705338
401991 0.938701 -0.083753 0.742850
401992 0.899859 -0.168072 0.775890
401993 0.854949 -0.251258 0.803699
401994 0.804985 -0.331677 0.825827
401995 0.751233 -0.407922 0.842169
401996 0.695071 -0.478916 0.852945
401997 0.637847 -0.543969 0.858633
401998 0.988890 0.303874 0.608076
401999 0.978387 0.234492 0.654044
402000 0.962141 0.160129 0.699030
402001 0.939613 0.081584 0.741937
402002 0.910529 -0.000001 0.781624
402003 0.874960 -0.083195 0.817021
402004 0.833363 -0.166389 0.847243
402005 0.786558 -0.247942 0.871694
402006 0.735653 -0.326338 0.890123
402007 0.681916 -0.400323 0.902625
402008 0.626648 -0.468986 0.909596
402009 0.571062 -0.531782 0.911645
402010 0.948470 0.369742 0.635371
402011 0.939002 0.304720 0.682218
402012 0.924377 0.234492 0.728382
402013 0.904042 0.159638 0.772802
402014 0.877652 0.081068 0.814343
402015 0.845152 -0.000001 0.851891
402016 0.806827 -0.082111 0.884471
402017 0.763306 -0.163693 0.911355
402018 0.715516 -0.243206 0.932142
402019 0.664584 -0.319279 0.946778
402020 0.611720 -0.390822 0.955540
402021 0.558102 -0.457081 0.958957
402022 0.504779 -0.517640 0.957730
402023 0.906247 0.430347 0.658420
402024 0.897373 0.369742 0.705700
402025 0.883905 0.303875 0.752577
402026 0.865309 0.233130 0.798055
402027 0.841209 0.158194 0.841037
402028 0.811464 0.080064 0.880407
402029 0.776221 -0.000001 0.915139
402030 0.735941 -0.080563 0.944405
402031 0.691367 -0.160130 0.967662
402032 0.643465 -0.237293 0.984705
402033 0.593324 -0.310841 0.995663
402034 0.542045 -0.379845 1.000952
402035 0.490656 -0.443693 1.001196
402036 0.440038 -0.502073 0.997141
402037 0.093887 -1.194375 -0.068213
402038 0.119648 -1.185707 -0.140655
402039 0.170745 -1.185707 -0.070328
402040 0.146391 -1.171149 -0.216747
402041 0.199437 -1.174406 -0.144900
402042 0.251377 -1.171149 -0.072249
402043 0.173759 -1.149964 -0.295619
402044 0.228785 -1.156687 -0.223010
402045 0.282794 -1.156686 -0.148674
402046 0.334847 -1.149963 -0.073905
402047 0.201303 -1.121611 -0.376121
402048 0.258294 -1.131850 -0.303644
402049 0.314410 -1.135326 -0.228432
402050 0.368601 -1.131850 -0.151822
402051 0.419920 -1.121610 -0.075225
402052 0.228505 -1.085846 -0.456864
402053 0.287385 -1.099457 -0.385493
402054 0.345588 -1.106457 -0.310358
402055 0.401961 -1.106457 -0.232769
402056 0.455434 -1.099456 -0.154197
402057 0.505119 -1.085844 -0.076145
402058 0.254817 -1.042800 -0.536318
402059 0.315434 -1.059426 -0.467031
402060 0.375628 -1.069792 -0.393001
402061 0.434160 -1.073315 -0.315436
402062 0.489842 -1.069791 -0.235801
402063 0.541650 -1.059425 -0.155677
402064 0.588815 -1.042797 -0.076617
402065 0.279711 -0.993011 -0.612935
402066 0.341826 -1.012102 -0.546630
402067 0.403822 -1.025459 -0.474723
402068 0.464402 -1.032338 -0.398257
402069 0.522273 -1.032338 -0.318606
402070 0.576278 -1.025458 -0.237362
402071 0.625508 -1.012100 -0.156180
402072 0.669376 -0.993009 -0.076617
402073 0.302726 -0.937403 -0.685298
402074 0.366016 -0.958262 -0.622709
402075 0.429530 -0.974044 -0.553844
402076 0.491941 -0.983895 -0.479525
402077 0.551881 -0.987246 -0.400966
402078 0.608074 -0.983894 -0.319684
402079 0.659471 -0.974042 -0.237362
402080 0.705339 -0.958259 -0.155678
402081 0.745308 -0.937399 -0.076145
402082 0.323510 -0.877195 -0.752244
402083 0.387588 -0.899052 -0.693889
402084 0.452243 -0.916561 -0.628803
402085 0.516163 -0.928818 -0.557561
402086 0.577937 -0.935134 -0.481159
402087 0.636202 -0.935133 -0.400966
402088 0.689775 -0.928817 -0.318606
402089 0.737779 -0.916558 -0.235801
402090 0.779702 -0.899049 -0.154198
402091 0.815400 -0.877191 -0.075225
402092 0.341849 -0.813783 -0.812955
402093 0.406282 -0.835873 -0.759112
402094 0.471639 -0.854355 -0.698308
402095 0.536651 -0.868334 -0.630874
402096 0.599914 -0.877057 -0.557561
402097 0.660010 -0.880024 -0.479526
402098 0.715655 -0.877056 -0.398258
402099 0.765832 -0.868332 -0.315437
402100 0.809877 -0.854353 -0.232770
402101 0.847509 -0.835870 -0.151823
402102 0.878807 -0.813779 -0.073906
402103 0.357665 -0.748600 -0.866991
402104 0.422011 -0.770233 -0.817709
402105 0.487593 -0.788958 -0.761444
402106 0.553222 -0.803934 -0.698309
402107 0.617535 -0.814405 -0.628804
402108 0.679109 -0.819796 -0.553846
402109 0.736594 -0.819796 -0.474725
402110 0.788857 -0.814404 -0.393003
402111 0.835087 -0.803932 -0.310360
402112 0.874853 -0.788955 -0.228434
402113 0.908098 -0.770230 -0.148675
402114 0.935085 -0.748596 -0.072250
402115 0.371005 -0.682991 -0.914264
402116 0.434839 -0.703601 -0.869403
402117 0.500174 -0.721926 -0.817710
402118 0.565919 -0.737213 -0.759114
402119 0.630789 -0.748746 -0.693891
402120 0.693396 -0.755931 -0.622711
402121 0.752373 -0.758372 -0.546632
402122 0.806504 -0.755930 -0.467034
402123 0.854854 -0.748744 -0.385495
402124 0.896839 -0.737210 -0.303646
402125 0.932252 -0.721923 -0.223012
402126 0.961226 -0.703597 -0.144901
402127 0.984166 -0.682987 -0.070328
402128 0.382011 -0.618123 -0.954983
402129 0.444952 -0.637289 -0.914265
402130 0.509601 -0.654699 -0.866993
402131 0.574976 -0.669703 -0.812958
402132 0.639895 -0.681659 -0.752247
402133 0.703043 -0.689994 -0.685301
402134 0.763075 -0.694278 -0.612939
402135 0.818741 -0.694278 -0.536322
402136 0.869012 -0.689993 -0.456868
402137 0.913167 -0.681657 -0.376124
402138 0.950847 -0.669701 -0.295621
402139 0.982036 -0.654696 -0.216749
402140 1.007017 -0.637285 -0.140657
402141 1.026292 -0.618119 -0.068213
402142 -0.035862 -1.194375 -0.110370
402143 -0.096798 -1.185707 -0.157257
402144 -0.014124 -1.185707 -0.184120
402145 -0.160901 -1.171149 -0.206205
402146 -0.076179 -1.174406 -0.234452
402147 0.008965 -1.171149 -0.261398
402148 -0.227456 -1.149964 -0.256606
402149 -0.141398 -1.156687 -0.286500
402150 -0.054010 -1.156687 -0.314895
402151 0.033183 -1.149964 -0.341294
402152 -0.295506 -1.121611 -0.307678
402153 -0.208966 -1.131850 -0.339482
402154 -0.120095 -1.135326 -0.369609
402155 -0.030490 -1.131850 -0.397474
402156 0.058217 -1.121611 -0.422611
402157 -0.363892 -1.085846 -0.358499
402158 -0.277819 -1.099457 -0.392443
402159 -0.188377 -1.106457 -0.424578
402160 -0.097165 -1.106457 -0.454215
402161 -0.005916 -1.099457 -0.480791
402162 0.083669 -1.085846 -0.503923
402163 -0.431326 -1.042800 -0.408077
402164 -0.346699 -1.059426 -0.444315
402165 -0.257692 -1.069792 -0.478686
402166 -0.165837 -1.073316 -0.510384
402167 -0.072893 -1.069792 -0.538731
402168 0.019318 -1.059426 -0.563243
402169 0.109083 -1.042800 -0.583669
402170 -0.496501 -0.993011 -0.455429
402171 -0.414247 -1.012102 -0.494013
402172 -0.326702 -1.025459 -0.530754
402173 -0.235258 -1.032339 -0.564739
402174 -0.141623 -1.032339 -0.595163
402175 -0.047668 -1.025459 -0.621419
402176 0.044753 -1.012102 -0.643153
402177 0.133977 -0.993011 -0.660287
402178 -0.558210 -0.937403 -0.499678
402179 -0.479127 -0.958262 -0.540529
402180 -0.394006 -0.974044 -0.579653
402181 -0.304039 -0.983896 -0.616043
402182 -0.210803 -0.987247 -0.648773
402183 -0.116135 -0.983896 -0.677098
402184 -0.021961 -0.974044 -0.700540
402185 0.069900 -0.958262 -0.718921
402186 0.157891 -0.937403 -0.732357
402187 -0.615456 -0.877195 -0.540133
402188 -0.540157 -0.899052 -0.583041
402189 -0.458277 -0.916561 -0.624418
402190 -0.370770 -0.928819 -0.663194
402191 -0.279019 -0.935135 -0.698335
402192 -0.184747 -0.935135 -0.728966
402193 -0.089864 -0.928819 -0.754467
402194 0.003722 -0.916561 -0.774534
402195 0.094286 -0.899052 -0.789187
402196 0.180425 -0.877195 -0.798734
402197 -0.667530 -0.813783 -0.576335
402198 -0.596411 -0.835873 -0.620975
402199 -0.518387 -0.854356 -0.664343
402200 -0.434164 -0.868334 -0.705335
402201 -0.344891 -0.877058 -0.742846
402202 -0.252105 -0.880025 -0.775886
402203 -0.157619 -0.877058 -0.803695
402204 -0.063347 -0.868334 -0.825823
402205 0.028884 -0.854356 -0.842165
402206 0.117498 -0.835873 -0.852942
402207 0.201273 -0.813783 -0.858631
402208 -0.714033 -0.748600 -0.608074
402209 -0.647280 -0.770233 -0.654041
402210 -0.573503 -0.788959 -0.699027
402211 -0.493178 -0.803935 -0.741933
402212 -0.407201 -0.814406 -0.781620
402213 -0.316885 -0.819798 -0.817016
402214 -0.223874 -0.819798 -0.847238
402215 -0.130001 -0.814406 -0.871689
402216 -0.037118 -0.803935 -0.890118
402217 0.053086 -0.788959 -0.902622
402218 0.139215 -0.770233 -0.909593
402219 0.220238 -0.748600 -0.911643
402220 -0.754871 -0.682991 -0.635369
402221 -0.692479 -0.703601 -0.682216
402222 -0.623127 -0.721926 -0.728379
402223 -0.547083 -0.737213 -0.772799
402224 -0.465007 -0.748747 -0.814339
402225 -0.377965 -0.755932 -0.851886
402226 -0.287385 -0.758374 -0.884465
402227 -0.194955 -0.755932 -0.911350
402228 -0.102467 -0.748747 -0.932137
402229 -0.011650 -0.737213 -0.946774
402230 0.075980 -0.721926 -0.955536
402231 0.159221 -0.703601 -0.958955
402232 0.237232 -0.682991 -0.957729
402233 -0.790195 -0.618123 -0.658419
402234 -0.732020 -0.637289 -0.705698
402235 -0.667085 -0.654699 -0.752574
402236 -0.595493 -0.669704 -0.798051
402237 -0.517692 -0.681660 -0.841032
402238 -0.434510 -0.689996 -0.880402
402239 -0.347139 -0.694280 -0.915134
402240 -0.257071 -0.694280 -0.944399
402241 -0.165971 -0.689996 -0.967657
402242 -0.075535 -0.681660 -0.984700
402243 0.012671 -0.669704 -0.995659
402244 0.097321 -0.654699 -1.000948
402245 0.177408 -0.637289 -1.001194
402246 0.252262 -0.618123 -0.997140
402247 -0.116050 -1.194375 -0.000001
402248 -0.179473 -1.185707 0.043464
402249 -0.179473 -1.185707 -0.043465
402250 -0.245834 -1.171149 0.089303
402251 -0.246518 -1.174406 -0.000001
402252 -0.245834 -1.171149 -0.089304
402253 -0.314336 -1.149964 0.137025
402254 -0.316173 -1.156687 0.045941
402255 -0.316173 -1.156687 -0.045943
402256 -0.314336 -1.149964 -0.137026
402257 -0.383937 -1.121611 0.185962
402258 -0.387442 -1.131850 0.093829
402259 -0.388632 -1.135326 -0.000001
402260 -0.387442 -1.131850 -0.093831
402261 -0.383937 -1.121611 -0.185963
402262 -0.453404 -1.085846 0.235295
402263 -0.459088 -1.099457 0.142946
402264 -0.462011 -1.106457 0.047952
402265 -0.462011 -1.106457 -0.047953
402266 -0.459088 -1.099456 -0.142948
402267 -0.453404 -1.085845 -0.235296
402268 -0.521394 -1.042800 0.284107
402269 -0.529707 -1.059426 0.192425
402270 -0.534890 -1.069792 0.097153
402271 -0.536652 -1.073315 -0.000001
402272 -0.534890 -1.069791 -0.097155
402273 -0.529707 -1.059426 -0.192426
402274 -0.521394 -1.042799 -0.284109
402275 -0.586569 -0.993012 0.331459
402276 -0.597846 -1.012102 0.241308
402277 -0.605736 -1.025458 0.146695
402278 -0.609799 -1.032338 0.049226
402279 -0.609799 -1.032338 -0.049227
402280 -0.605736 -1.025458 -0.146696
402281 -0.597846 -1.012102 -0.241309
402282 -0.586569 -0.993011 -0.331460
402283 -0.647722 -0.937403 0.376473
402284 -0.662135 -0.958262 0.288638
402285 -0.673040 -0.974043 0.195594
402286 -0.679847 -0.983895 0.098786
402287 -0.682163 -0.987246 -0.000001
402288 -0.679847 -0.983895 -0.098787
402289 -0.673040 -0.974043 -0.195595
402290 -0.662135 -0.958261 -0.288639
402291 -0.647722 -0.937402 -0.376474
402292 -0.703887 -0.877195 0.418416
402293 -0.721426 -0.899051 0.333543
402294 -0.735476 -0.916560 0.242885
402295 -0.745311 -0.928818 0.147680
402296 -0.750379 -0.935133 0.049561
402297 -0.750379 -0.935133 -0.049562
402298 -0.745311 -0.928817 -0.147681
402299 -0.735476 -0.916560 -0.242886
402300 -0.721426 -0.899051 -0.333545
402301 -0.703887 -0.877194 -0.418417
402302 -0.754410 -0.813783 0.456753
402303 -0.774888 -0.835873 0.375321
402304 -0.792021 -0.854355 0.287715
402305 -0.804980 -0.868333 0.194948
402306 -0.813067 -0.877057 0.098453
402307 -0.815818 -0.880024 -0.000001
402308 -0.813067 -0.877057 -0.098454
402309 -0.804980 -0.868333 -0.194949
402310 -0.792021 -0.854355 -0.287716
402311 -0.774888 -0.835872 -0.375322
402312 -0.754410 -0.813783 -0.456754
402313 -0.798967 -0.748600 0.491172
402314 -0.822055 -0.770233 0.413481
402315 -0.842040 -0.788958 0.329415
402316 -0.858023 -0.803934 0.239762
402317 -0.869199 -0.814405 0.145731
402318 -0.874953 -0.819796 0.048898
402319 -0.874953 -0.819796 -0.048899
402320 -0.869199 -0.814405 -0.145732
402321 -0.858023 -0.803934 -0.239763
402322 -0.842040 -0.788958 -0.329416
402323 -0.822055 -0.770233 -0.413482
402324 -0.798967 -0.748600 -0.491173
402325 -0.837545 -0.682991 0.521575
402326 -0.862818 -0.703601 0.447762
402327 -0.885290 -0.721925 0.367539
402328 -0.904036 -0.737212 0.281491
402329 -0.918179 -0.748746 0.190596
402330 -0.926991 -0.755931 0.096212
402331 -0.929985 -0.758372 -0.000000
402332 -0.926991 -0.755931 -0.096213
402333 -0.918179 -0.748745 -0.190597
402334 -0.904036 -0.737212 -0.281492
402335 -0.885290 -0.721925 -0.367540
402336 -0.862818 -0.703600 -0.447763
402337 -0.837545 -0.682991 -0.521576
402338 -0.870383 -0.618124 0.548048
402339 -0.897370 -0.637289 0.478111
402340 -0.921885 -0.654699 0.401868
402341 -0.943012 -0.669703 0.319727
402342 -0.959847 -0.681659 0.232454
402343 -0.971585 -0.689994 0.141177
402344 -0.977617 -0.694278 0.047351
402345 -0.977617 -0.694278 -0.047352
402346 -0.971585 -0.689994 -0.141178
402347 -0.959847 -0.681658 -0.232454
402348 -0.943012 -0.669702 -0.319728
402349 -0.921885 -0.654698 -0.401869
402350 -0.897370 -0.637288 -0.478112
402351 -0.870383 -0.618123 -0.548048
402352 -0.035862 -1.194376 0.110369
402353 -0.014124 -1.185707 0.184118
402354 -0.096798 -1.185707 0.157255
402355 0.008965 -1.171150 0.261397
402356 -0.076179 -1.174406 0.234450
402357 -0.160901 -1.171149 0.206203
402358 0.033183 -1.149965 0.341292
402359 -0.054010 -1.156687 0.314893
402360 -0.141398 -1.156687 0.286499
402361 -0.227456 -1.149964 0.256604
402362 0.058217 -1.121611 0.422610
402363 -0.030490 -1.131851 0.397472
402364 -0.120095 -1.135327 0.369608
402365 -0.208966 -1.131851 0.339481
402366 -0.295506 -1.121611 0.307676
402367 0.083669 -1.085847 0.503922
402368 -0.005916 -1.099458 0.480789
402369 -0.097165 -1.106458 0.454214
402370 -0.188377 -1.106458 0.424577
402371 -0.277819 -1.099457 0.392441
402372 -0.363892 -1.085846 0.358498
402373 0.109083 -1.042800 0.583668
402374 0.019318 -1.059427 0.563242
402375 -0.072893 -1.069793 0.538730
402376 -0.165837 -1.073316 0.510383
402377 -0.257692 -1.069793 0.478684
402378 -0.346699 -1.059427 0.444314
402379 -0.431326 -1.042800 0.408076
402380 0.133977 -0.993012 0.660285
402381 0.044753 -1.012103 0.643152
402382 -0.047668 -1.025460 0.621418
402383 -0.141623 -1.032340 0.595162
402384 -0.235258 -1.032339 0.564738
402385 -0.326702 -1.025460 0.530752
402386 -0.414247 -1.012103 0.494011
402387 -0.496501 -0.993012 0.455427
402388 0.157891 -0.937404 0.732356
402389 0.069900 -0.958263 0.718920
402390 -0.021961 -0.974045 0.700539
402391 -0.116135 -0.983897 0.677097
402392 -0.210803 -0.987248 0.648771
402393 -0.304039 -0.983897 0.616042
402394 -0.394006 -0.974045 0.579652
402395 -0.479127 -0.958263 0.540528
402396 -0.558210 -0.937403 0.499677
402397 0.180425 -0.877196 0.798733
402398 0.094286 -0.899053 0.789186
402399 0.003722 -0.916562 0.774532
402400 -0.089864 -0.928820 0.754466
402401 -0.184747 -0.935136 0.728965
402402 -0.279019 -0.935135 0.698334
402403 -0.370770 -0.928819 0.663192
402404 -0.458277 -0.916562 0.624417
402405 -0.540157 -0.899052 0.583039
402406 -0.615456 -0.877195 0.540131
402407 0.201273 -0.813784 0.858630
402408 0.117498 -0.835874 0.852941
402409 0.028884 -0.854357 0.842164
402410 -0.063347 -0.868335 0.825821
402411 -0.157619 -0.877059 0.803693
402412 -0.252105 -0.880026 0.775885
402413 -0.344891 -0.877059 0.742844
402414 -0.434164 -0.868335 0.705334
402415 -0.518387 -0.854356 0.664342
402416 -0.596411 -0.835874 0.620974
402417 -0.667530 -0.813784 0.576334
402418 0.220238 -0.748601 0.911642
402419 0.139215 -0.770235 0.909592
402420 0.053086 -0.788960 0.902621
402421 -0.037118 -0.803936 0.890117
402422 -0.130001 -0.814407 0.871688
402423 -0.223873 -0.819799 0.847237
402424 -0.316885 -0.819799 0.817015
402425 -0.407201 -0.814407 0.781619
402426 -0.493177 -0.803936 0.741932
402427 -0.573503 -0.788960 0.699026
402428 -0.647279 -0.770234 0.654040
402429 -0.714033 -0.748601 0.608074
402430 0.237232 -0.682992 0.957728
402431 0.159221 -0.703602 0.958954
402432 0.075980 -0.721927 0.955535
402433 -0.011650 -0.737214 0.946773
402434 -0.102467 -0.748748 0.932136
402435 -0.194955 -0.755934 0.911349
402436 -0.287385 -0.758375 0.884464
402437 -0.377965 -0.755933 0.851885
402438 -0.465007 -0.748748 0.814337
402439 -0.547083 -0.737214 0.772797
402440 -0.623127 -0.721927 0.728378
402441 -0.692479 -0.703602 0.682215
402442 -0.754871 -0.682992 0.635368
402443 0.252262 -0.618125 0.997139
402444 0.177408 -0.637290 1.001193
402445 0.097321 -0.654700 1.000948
402446 0.012671 -0.669705 0.995658
402447 -0.075535 -0.681661 0.984699
402448 -0.165971 -0.689997 0.967656
402449 -0.257071 -0.694281 0.944399
402450 -0.347139 -0.694281 0.915133
402451 -0.434510 -0.689997 0.880401
402452 -0.517692 -0.681661 0.841031
402453 -0.595493 -0.669705 0.798050
402454 -0.667085 -0.654700 0.752573
402455 -0.732020 -0.637290 0.705697
402456 -0.790195 -0.618124 0.658418
402457 0.093887 -1.194375 0.068212
402458 0.170745 -1.185707 0.070327
402459 0.119648 -1.185707 0.140654
402460 0.251377 -1.171149 0.072248
402461 0.199437 -1.174406 0.144898
402462 0.146391 -1.171149 0.216745
402463 0.334847 -1.149963 0.073904
402464 0.282794 -1.156687 0.148672
402465 0.228785 -1.156687 0.223009
402466 0.173759 -1.149964 0.295617
402467 0.419920 -1.121610 0.075223
402468 0.368601 -1.131850 0.151821
402469 0.314410 -1.135326 0.228431
402470 0.258294 -1.131851 0.303642
402471 0.201303 -1.121611 0.376119
402472 0.505119 -1.085844 0.076143
402473 0.455434 -1.099456 0.154196
402474 0.401961 -1.106457 0.232767
402475 0.345588 -1.106457 0.310357
402476 0.287385 -1.099457 0.385491
402477 0.228505 -1.085846 0.456863
402478 0.588815 -1.042797 0.076616
402479 0.541650 -1.059425 0.155676
402480 0.489842 -1.069791 0.235799
402481 0.434160 -1.073315 0.315435
402482 0.375628 -1.069792 0.392999
402483 0.315434 -1.059427 0.467030
402484 0.254817 -1.042800 0.536317
402485 0.669376 -0.993009 0.076616
402486 0.625508 -1.012100 0.156179
402487 0.576278 -1.025458 0.237361
402488 0.522273 -1.032338 0.318604
402489 0.464402 -1.032339 0.398256
402490 0.403822 -1.025459 0.474722
402491 0.341826 -1.012103 0.546628
402492 0.279711 -0.993012 0.612934
402493 0.745308 -0.937399 0.076144
402494 0.705339 -0.958259 0.155676
402495 0.659471 -0.974042 0.237361
402496 0.608074 -0.983895 0.319683
402497 0.551881 -0.987246 0.400964
402498 0.491941 -0.983896 0.479524
402499 0.429530 -0.974044 0.553843
402500 0.366016 -0.958263 0.622708
402501 0.302726 -0.937404 0.685297
402502 0.815400 -0.877191 0.075224
402503 0.779702 -0.899049 0.154197
402504 0.737780 -0.916559 0.235800
402505 0.689775 -0.928817 0.318605
402506 0.636202 -0.935134 0.400965
402507 0.577937 -0.935134 0.481158
402508 0.516163 -0.928819 0.557559
402509 0.452243 -0.916561 0.628801
402510 0.387588 -0.899052 0.693888
402511 0.323510 -0.877196 0.752243
402512 0.878807 -0.813779 0.073904
402513 0.847509 -0.835870 0.151822
402514 0.809876 -0.854353 0.232769
402515 0.765832 -0.868332 0.315436
402516 0.715655 -0.877057 0.398257
402517 0.660010 -0.880024 0.479525
402518 0.599914 -0.877058 0.557560
402519 0.536651 -0.868334 0.630873
402520 0.471639 -0.854356 0.698307
402521 0.406282 -0.835874 0.759111
402522 0.341849 -0.813784 0.812954
402523 0.935085 -0.748596 0.072249
402524 0.908098 -0.770230 0.148674
402525 0.874853 -0.788956 0.228433
402526 0.835087 -0.803933 0.310359
402527 0.788857 -0.814405 0.393002
402528 0.736594 -0.819797 0.474724
402529 0.679109 -0.819797 0.553845
402530 0.617535 -0.814406 0.628803
402531 0.553222 -0.803935 0.698308
402532 0.487593 -0.788959 0.761443
402533 0.422011 -0.770234 0.817708
402534 0.357665 -0.748601 0.866990
402535 0.984166 -0.682987 0.070328
402536 0.961226 -0.703597 0.144900
402537 0.932252 -0.721923 0.223011
402538 0.896839 -0.737211 0.303645
402539 0.854854 -0.748745 0.385494
402540 0.806504 -0.755931 0.467033
402541 0.752373 -0.758373 0.546632
402542 0.693396 -0.755932 0.622711
402543 0.630789 -0.748747 0.693890
402544 0.565919 -0.737213 0.759113
402545 0.500174 -0.721927 0.817709
402546 0.434839 -0.703602 0.869402
402547 0.371005 -0.682992 0.914263
402548 1.026292 -0.618119 0.068213
402549 1.007017 -0.637285 0.140656
402550 0.982036 -0.654696 0.216748
402551 0.950846 -0.669701 0.295620
402552 0.913167 -0.681658 0.376123
402553 0.869012 -0.689994 0.456867
402554 0.818741 -0.694279 0.536321
402555 0.763075 -0.694279 0.612938
402556 0.703043 -0.689995 0.685300
402557 0.639895 -0.681660 0.752246
402558 0.574976 -0.669704 0.812957
402559 0.509601 -0.654700 0.866992
402560 0.444952 -0.637290 0.914264
402561 0.382011 -0.618125 0.954982
