Mesh2HRTF 1.0.0-dev
    1
    1  1225
200000 -1.445255E-03 -9.973094E-04
200001  4.680519E-04  1.399222E-03
200002  4.486779E-04  1.406190E-03
200003  3.901994E-04  1.425539E-03
200004  2.917623E-04  1.452598E-03
200005  1.526396E-04  1.479630E-03
200006 -2.678174E-05  1.496037E-03
200007 -2.437561E-04  1.488868E-03
200008 -4.918646E-04  1.443811E-03
200009 -7.599014E-04  1.346754E-03
200010 -1.031307E-03  1.185927E-03
200011 -1.284502E-03  9.544086E-04
200012 -1.494390E-03  6.526129E-04
200013 -1.635075E-03  2.901897E-04
200014 -1.683565E-03 -1.132843E-04
200015 -1.623848E-03 -5.293047E-04
200016 -1.450521E-03 -9.233041E-04
200017 -1.171046E-03 -1.259099E-03
200018 -8.059365E-04 -1.504179E-03
200019 -3.865948E-04 -1.634783E-03
200020  4.891158E-05 -1.639648E-03
200021  4.613066E-04 -1.521618E-03
200022  8.156679E-04 -1.296767E-03
200023  1.085966E-03 -9.913263E-04
200024  1.257754E-03 -6.371814E-04
200025  1.328692E-03 -2.669626E-04
200026  1.307096E-03  9.028974E-05
200027  1.209112E-03  4.121764E-04
200028  1.055300E-03  6.844074E-04
200029  8.673416E-04  9.007706E-04
200030  6.654290E-04  1.061963E-03
200031  4.665733E-04  1.173768E-03
200032  2.838623E-04  1.245042E-03
200033  1.264926E-04  1.285858E-03
200034  3.259191E-07  1.306011E-03
200035 -9.129857E-05  1.313945E-03
200036 -1.467205E-04  1.316059E-03
200037 -1.652527E-04  1.316318E-03
200038 -1.467193E-04  1.316060E-03
200039 -9.129616E-05  1.313946E-03
200040  3.294547E-07  1.306013E-03
200041  1.264972E-04  1.285859E-03
200042  2.838678E-04  1.245044E-03
200043  4.665796E-04  1.173771E-03
200044  6.654358E-04  1.061967E-03
200045  8.673489E-04  9.007759E-04
200046  1.055307E-03  6.844139E-04
200047  1.209120E-03  4.121843E-04
200048  1.307104E-03  9.029915E-05
200049  1.328700E-03 -2.669516E-04
200050  1.257761E-03 -6.371688E-04
200051  1.085972E-03 -9.913121E-04
200052  8.156734E-04 -1.296751E-03
200053  4.613112E-04 -1.521601E-03
200054  4.891540E-05 -1.639630E-03
200055 -3.865919E-04 -1.634763E-03
200056 -8.059345E-04 -1.504158E-03
200057 -1.171045E-03 -1.259077E-03
200058 -1.450521E-03 -9.232819E-04
200059 -1.623849E-03 -5.292823E-04
200060 -1.683566E-03 -1.132618E-04
200061 -1.635077E-03  2.902119E-04
200062 -1.494392E-03  6.526344E-04
200063 -1.284505E-03  9.544292E-04
200064 -1.031310E-03  1.185947E-03
200065 -7.599045E-04  1.346772E-03
200066 -4.918677E-04  1.443827E-03
200067 -2.437591E-04  1.488883E-03
200068 -2.678436E-05  1.496049E-03
200069  1.526373E-04  1.479641E-03
200070  2.917606E-04  1.452606E-03
200071  3.901982E-04  1.425544E-03
200072  4.486772E-04  1.406193E-03
200073  1.457620E-03  5.123133E-04
200074  1.442708E-03  5.508641E-04
200075  1.392179E-03  6.636598E-04
200076  1.289654E-03  8.407550E-04
200077  1.111534E-03  1.061517E-03
200078  8.336562E-04  1.290300E-03
200079  4.418814E-04  1.474147E-03
200080 -5.433018E-05  1.546205E-03
200081 -6.090582E-04  1.438324E-03
200082 -1.134554E-03  1.103621E-03
200083 -1.511297E-03  5.444183E-04
200084 -1.618100E-03 -1.656242E-04
200085 -1.378025E-03 -8.801798E-04
200086 -8.041722E-04 -1.410892E-03
200087 -2.171148E-05 -1.587944E-03
200088  7.535122E-04 -1.330404E-03
200089  1.281469E-03 -6.938865E-04
200090  1.386610E-03  1.329176E-04
200091  1.029299E-03  8.890418E-04
200092  3.247067E-04  1.336009E-03
200093 -5.013633E-04  1.344183E-03
200094 -1.198727E-03  9.323015E-04
200095 -1.580809E-03  2.463975E-04
200096 -1.577312E-03 -5.058213E-04
200097 -1.236078E-03 -1.131325E-03
200098 -6.838600E-04 -1.506925E-03
200099 -7.069494E-05 -1.597799E-03
200100  4.775867E-04 -1.442983E-03
200101  8.849452E-04 -1.123150E-03
200102  1.127913E-03 -7.273605E-04
200103  1.223144E-03 -3.296425E-04
200104  1.209487E-03  2.137343E-05
200105  1.131992E-03  3.021645E-04
200106  1.031336E-03  5.079790E-04
200107  9.388533E-04  6.447054E-04
200108  8.755761E-04  7.216463E-04
200109  8.532413E-04  7.463485E-04
200110  8.755800E-04  7.216433E-04
200111  9.388609E-04  6.446995E-04
200112  1.031347E-03  5.079708E-04
200113  1.132007E-03  3.021544E-04
200114  1.209504E-03  2.136234E-05
200115  1.223163E-03 -3.296538E-04
200116  1.127934E-03 -7.273711E-04
200117  8.849667E-04 -1.123159E-03
200118  4.776084E-04 -1.442989E-03
200119 -7.067357E-05 -1.597802E-03
200120 -6.838396E-04 -1.506924E-03
200121 -1.236059E-03 -1.131320E-03
200122 -1.577294E-03 -5.058116E-04
200123 -1.580794E-03  2.464122E-04
200124 -1.198715E-03  9.323211E-04
200125 -5.013541E-04  1.344208E-03
200126  3.247129E-04  1.336038E-03
200127  1.029302E-03  8.890748E-04
200128  1.386610E-03  1.329541E-04
200129  1.281466E-03 -6.938471E-04
200130  7.535063E-04 -1.330362E-03
200131 -2.171992E-05 -1.587901E-03
200132 -8.041828E-04 -1.410848E-03
200133 -1.378037E-03 -8.801360E-04
200134 -1.618114E-03 -1.655812E-04
200135 -1.511311E-03  5.444599E-04
200136 -1.134569E-03  1.103660E-03
200137 -6.090727E-04  1.438361E-03
200138 -5.434395E-05  1.546239E-03
200139  4.418687E-04  1.474176E-03
200140  8.336451E-04  1.290326E-03
200141  1.111525E-03  1.061537E-03
200142  1.289647E-03  8.407709E-04
200143  1.392174E-03  6.636706E-04
200144  1.442705E-03  5.508695E-04
200145  5.733519E-04  1.490193E-03
200146  5.158885E-04  1.510479E-03
200147  3.400689E-04  1.557764E-03
200148  4.095260E-05  1.590864E-03
200149 -3.723192E-04  1.542451E-03
200150 -8.536552E-04  1.330100E-03
200151 -1.299613E-03  8.857976E-04
200152 -1.550464E-03  2.056518E-04
200153 -1.435012E-03 -5.971720E-04
200154 -8.653032E-04 -1.277145E-03
200155  5.437901E-05 -1.526428E-03
200156  9.867207E-04 -1.139804E-03
200157  1.472694E-03 -1.999593E-04
200158  1.191805E-03  8.638047E-04
200159  2.244047E-04  1.457927E-03
200160 -9.055043E-04  1.193123E-03
200161 -1.514137E-03  1.908702E-04
200162 -1.213396E-03 -9.397572E-04
200163 -1.980611E-04 -1.490191E-03
200164  8.771761E-04 -1.132705E-03
200165  1.346622E-03 -1.270528E-04
200166  9.632012E-04  8.895994E-04
200167  3.610831E-06  1.339709E-03
200168 -9.748964E-04  1.036130E-03
200169 -1.497894E-03  2.111167E-04
200170 -1.401655E-03 -7.008735E-04
200171 -8.297259E-04 -1.327736E-03
200172 -7.548550E-05 -1.508428E-03
200173  5.906341E-04 -1.289424E-03
200174  1.017519E-03 -8.308845E-04
200175  1.180969E-03 -3.047495E-04
200176  1.139479E-03  1.668564E-04
200177  9.812533E-04  5.266814E-04
200178  7.873682E-04  7.680713E-04
200179  6.160880E-04  9.113871E-04
200180  5.021607E-04  9.835982E-04
200181  4.625522E-04  1.005181E-03
200182  5.021679E-04  9.835886E-04
200183  6.161021E-04  9.113684E-04
200184  7.873886E-04  7.680445E-04
200185  9.812791E-04  5.266481E-04
200186  1.139509E-03  1.668183E-04
200187  1.181002E-03 -3.047903E-04
200188  1.017554E-03 -8.309257E-04
200189  5.906703E-04 -1.289463E-03
200190 -7.544982E-05 -1.508463E-03
200191 -8.296918E-04 -1.327766E-03
200192 -1.401623E-03 -7.008962E-04
200193 -1.497866E-03  2.111023E-04
200194 -9.748720E-04  1.036124E-03
200195  3.630785E-06  1.339713E-03
200196  9.632163E-04  8.896126E-04
200197  1.346632E-03 -1.270309E-04
200198  8.771808E-04 -1.132675E-03
200199 -1.980618E-04 -1.490154E-03
200200 -1.213402E-03 -9.397143E-04
200201 -1.514148E-03  1.909178E-04
200202 -9.055203E-04  1.193174E-03
200203  2.243845E-04  1.457981E-03
200204  1.191782E-03  8.638593E-04
200205  1.472668E-03 -1.999046E-04
200206  9.866925E-04 -1.139750E-03
200207  5.435014E-05 -1.526376E-03
200208 -8.653317E-04 -1.277096E-03
200209 -1.435040E-03 -5.971257E-04
200210 -1.550489E-03  2.056941E-04
200211 -1.299635E-03  8.858352E-04
200212 -8.536745E-04  1.330132E-03
200213 -3.723350E-04  1.542477E-03
200214  4.094066E-05  1.590885E-03
200215  3.400609E-04  1.557778E-03
200216  5.158844E-04  1.510486E-03
200217 -1.257155E-03 -8.335700E-04
200218 -1.212032E-03 -8.957973E-04
200219 -1.059615E-03 -1.067251E-03
200220 -7.575504E-04 -1.295228E-03
200221 -2.678526E-04 -1.475401E-03
200222  3.892837E-04 -1.452439E-03
200223  1.072805E-03 -1.068169E-03
200224  1.501672E-03 -2.763472E-04
200225  1.356135E-03  7.190658E-04
200226  5.228874E-04  1.437265E-03
200227 -6.560711E-04  1.356557E-03
200228 -1.426386E-03  3.727412E-04
200229 -1.134631E-03 -8.964213E-04
200230  9.576270E-05 -1.429127E-03
200231  1.250493E-03 -6.947732E-04
200232  1.251161E-03  6.945628E-04
200233  5.465960E-05  1.428723E-03
200234 -1.195019E-03  7.821510E-04
200235 -1.284401E-03 -6.085686E-04
200236 -1.638544E-04 -1.386327E-03
200237  1.049294E-03 -8.498534E-04
200238  1.238117E-03  4.259324E-04
200239  3.123709E-04  1.271950E-03
200240 -8.762348E-04  1.036669E-03
200241 -1.414212E-03  1.534992E-05
200242 -1.031992E-03 -9.960894E-04
200243 -1.154297E-04 -1.391970E-03
200244  7.438412E-04 -1.082762E-03
200245  1.162636E-03 -3.667935E-04
200246  1.087739E-03  3.757638E-04
200247  6.841396E-04  8.989946E-04
200248  1.666569E-04  1.139021E-03
200249 -3.075589E-04  1.154868E-03
200250 -6.657345E-04  1.048643E-03
200251 -8.978510E-04  9.125261E-04
200252 -1.022766E-03  8.089604E-04
200253 -1.061558E-03  7.710854E-04
200254 -1.022755E-03  8.089433E-04
200255 -8.978310E-04  9.124928E-04
200256 -6.657057E-04  1.048595E-03
200257 -3.075228E-04  1.154809E-03
200258  1.666986E-04  1.138953E-03
200259  6.841848E-04  8.989212E-04
200260  1.087785E-03  3.756888E-04
200261  1.162682E-03 -3.668663E-04
200262  7.438852E-04 -1.082829E-03
200263 -1.153894E-04 -1.392029E-03
200264 -1.031957E-03 -9.961375E-04
200265 -1.414182E-03  1.531412E-05
200266 -8.762106E-04  1.036647E-03
200267  3.123891E-04  1.271940E-03
200268  1.238129E-03  4.259359E-04
200269  1.049300E-03 -8.498382E-04
200270 -1.638545E-04 -1.386301E-03
200271 -1.284408E-03 -6.085347E-04
200272 -1.195032E-03  7.821917E-04
200273  5.463998E-05  1.428769E-03
200274  1.251135E-03  6.946120E-04
200275  1.250461E-03 -6.947220E-04
200276  9.572686E-05 -1.429075E-03
200277 -1.134670E-03 -8.963692E-04
200278 -1.426426E-03  3.727923E-04
200279 -6.561109E-04  1.356607E-03
200280  5.228496E-04  1.437312E-03
200281  1.356101E-03  7.191103E-04
200282  1.501642E-03 -2.763062E-04
200283  1.072780E-03 -1.068132E-03
200284  3.892635E-04 -1.452407E-03
200285 -2.678680E-04 -1.475374E-03
200286 -7.575614E-04 -1.295207E-03
200287 -1.059623E-03 -1.067237E-03
200288 -1.212035E-03 -8.957904E-04
200289  6.736156E-05  1.521011E-03
200290 -2.126785E-05  1.520354E-03
200291 -2.835465E-04  1.487139E-03
200292 -6.909646E-04  1.332897E-03
200293 -1.144695E-03  9.407345E-04
200294 -1.435648E-03  2.448184E-04
200295 -1.281658E-03 -6.393144E-04
200296 -5.154512E-04 -1.324157E-03
200297  6.276920E-04 -1.285945E-03
200298  1.418480E-03 -3.242066E-04
200299  1.102826E-03  9.692625E-04
200300 -2.222642E-04  1.429705E-03
200301 -1.316471E-03  4.643483E-04
200302 -9.295042E-04 -9.855065E-04
200303  5.796015E-04 -1.227171E-03
200304  1.381386E-03  9.359683E-05
200305  4.292972E-04  1.320535E-03
200306 -1.049971E-03  8.554625E-04
200307 -1.125888E-03 -6.765680E-04
200308  2.535669E-04 -1.272327E-03
200309  1.279363E-03 -2.276983E-04
200310  7.202984E-04  1.083547E-03
200311 -6.627316E-04  1.119611E-03
200312 -1.300793E-03 -4.518410E-05
200313 -6.467007E-04 -1.116815E-03
200314  5.258422E-04 -1.140824E-03
200315  1.179026E-03 -2.683318E-04
200316  9.391557E-04  7.125517E-04
200317  1.366812E-04  1.178496E-03
200318 -6.860241E-04  1.015652E-03
200319 -1.184220E-03  4.686966E-04
200320 -1.302051E-03 -1.532034E-04
200321 -1.158982E-03 -6.541662E-04
200322 -9.112946E-04 -9.764120E-04
200323 -6.762529E-04 -1.147584E-03
200324 -5.180582E-04 -1.221509E-03
200325 -4.631674E-04 -1.240962E-03
200326 -5.180460E-04 -1.221531E-03
200327 -6.762291E-04 -1.147628E-03
200328 -9.112603E-04 -9.764742E-04
200329 -1.158939E-03 -6.542437E-04
200330 -1.302002E-03 -1.532921E-04
200331 -1.184168E-03  4.686013E-04
200332 -6.859709E-04  1.015554E-03
200333  1.367319E-04  1.178402E-03
200334  9.392015E-04  7.124647E-04
200335  1.179065E-03 -2.684079E-04
200336  5.258735E-04 -1.140886E-03
200337 -6.466772E-04 -1.116863E-03
200338 -1.300777E-03 -4.521566E-05
200339 -6.627216E-04  1.119595E-03
200340  7.203029E-04  1.083545E-03
200341  1.279363E-03 -2.276875E-04
200342  2.535614E-04 -1.272306E-03
200343 -1.125899E-03 -6.765390E-04
200344 -1.049988E-03  8.554971E-04
200345  4.292727E-04  1.320573E-03
200346  1.381354E-03  9.363702E-05
200347  5.795630E-04 -1.227130E-03
200348 -9.295480E-04 -9.854656E-04
200349 -1.316517E-03  4.643886E-04
200350 -2.223111E-04  1.429745E-03
200351  1.102781E-03  9.693012E-04
200352  1.418441E-03 -3.241689E-04
200353  6.276597E-04 -1.285908E-03
200354 -5.154758E-04 -1.324123E-03
200355 -1.281675E-03 -6.392828E-04
200356 -1.435658E-03  2.448463E-04
200357 -1.144700E-03  9.407579E-04
200358 -6.909664E-04  1.332915E-03
200359 -2.835466E-04  1.487151E-03
200360 -2.126753E-05  1.520361E-03
200361  1.087386E-03  9.547497E-04
200362  1.021393E-03  1.024523E-03
200363  7.986309E-04  1.204329E-03
200364  3.669689E-04  1.393027E-03
200365 -2.802797E-04  1.402742E-03
200366 -9.900050E-04  1.007512E-03
200367 -1.382521E-03  1.265895E-04
200368 -1.017356E-03 -9.134819E-04
200369  1.240598E-04 -1.357896E-03
200370  1.232054E-03 -6.210610E-04
200371  1.144395E-03  7.945839E-04
200372 -2.353409E-04  1.352728E-03
200373 -1.300206E-03  2.363029E-04
200374 -5.558767E-04 -1.162450E-03
200375  1.021132E-03 -8.197484E-04
200376  1.065505E-03  8.090094E-04
200377 -5.173987E-04  1.203417E-03
200378 -1.219095E-03 -2.593326E-04
200379  5.950578E-05 -1.227074E-03
200380  1.248831E-03 -1.945626E-04
200381  5.247267E-04  1.163991E-03
200382 -9.316288E-04  8.152426E-04
200383 -1.016414E-03 -6.263144E-04
200384  2.546196E-04 -1.157537E-03
200385  1.173953E-03 -2.308397E-04
200386  7.579820E-04  9.304105E-04
200387 -3.832577E-04  1.131581E-03
200388 -1.133539E-03  3.628609E-04
200389 -1.019533E-03 -6.076127E-04
200390 -3.239662E-04 -1.132240E-03
200391  4.351629E-04 -1.074836E-03
200392  9.300348E-04 -6.534940E-04
200393  1.106004E-03 -1.459056E-04
200394  1.065863E-03  2.743811E-04
200395  9.422202E-04  5.524309E-04
200396  8.332978E-04  7.004406E-04
200397  7.917420E-04  7.457155E-04
200398  8.333099E-04  7.004173E-04
200399  9.422441E-04  5.523859E-04
200400  1.065898E-03  2.743169E-04
200401  1.106048E-03 -1.459853E-04
200402  9.300867E-04 -6.535847E-04
200403  4.352188E-04 -1.074932E-03
200404 -3.239102E-04 -1.132338E-03
200405 -1.019482E-03 -6.077063E-04
200406 -1.133495E-03  3.627756E-04
200407 -3.832239E-04  1.131508E-03
200408  7.580046E-04  9.303517E-04
200409  1.173965E-03 -2.308826E-04
200410  2.546235E-04 -1.157564E-03
200411 -1.016416E-03 -6.263260E-04
200412 -9.316336E-04  8.152443E-04
200413  5.247202E-04  1.164004E-03
200414  1.248823E-03 -1.945416E-04
200415  5.949484E-05 -1.227047E-03
200416 -1.219111E-03 -2.593030E-04
200417 -5.174221E-04  1.203448E-03
200418  1.065473E-03  8.090400E-04
200419  1.021092E-03 -8.197187E-04
200420 -5.559241E-04 -1.162422E-03
200421 -1.300257E-03  2.363305E-04
200422 -2.353905E-04  1.352756E-03
200423  1.144351E-03  7.946117E-04
200424  1.232019E-03 -6.210325E-04
200425  1.240367E-04 -1.357867E-03
200426 -1.017367E-03 -9.134530E-04
200427 -1.382521E-03  1.266171E-04
200428 -9.899963E-04  1.007537E-03
200429 -2.802663E-04  1.402763E-03
200430  3.669833E-04  1.393044E-03
200431  7.986427E-04  1.204340E-03
200432  1.021400E-03  1.024528E-03
200433  6.621345E-04  1.184158E-03
200434  5.734705E-04  1.229056E-03
200435  2.925988E-04  1.322894E-03
200436 -1.941707E-04  1.338111E-03
200437 -8.095420E-04  1.076637E-03
200438 -1.282072E-03  3.841209E-04
200439 -1.180593E-03 -6.051874E-04
200440 -2.731219E-04 -1.287771E-03
200441  9.328231E-04 -9.245183E-04
200442  1.251388E-03  4.019371E-04
200443  1.131871E-04  1.299120E-03
200444 -1.174172E-03  4.956726E-04
200445 -7.294822E-04 -1.012843E-03
200446  8.816154E-04 -8.916172E-04
200447  1.027982E-03  7.443591E-04
200448 -5.859400E-04  1.096491E-03
200449 -1.092065E-03 -4.752192E-04
200450  4.263682E-04 -1.108836E-03
200451  1.178275E-03  3.352243E-04
200452 -1.636400E-04  1.200970E-03
200453 -1.147603E-03 -7.326771E-06
200454 -1.201647E-04 -1.118609E-03
200455  1.113294E-03 -3.373973E-04
200456  6.542103E-04  9.849296E-04
200457 -6.781072E-04  9.259168E-04
200458 -1.066959E-03 -2.709366E-04
200459 -2.054535E-04 -1.067012E-03
200460  8.221580E-04 -7.321210E-04
200461  1.094709E-03  2.149105E-04
200462  5.929964E-04  9.466003E-04
200463 -1.768237E-04  1.094460E-03
200464 -7.733527E-04  7.803225E-04
200465 -1.050580E-03  2.956030E-04
200466 -1.078050E-03 -1.415168E-04
200467 -9.904434E-04 -4.436184E-04
200468 -8.974241E-04 -6.085331E-04
200469 -8.602010E-04 -6.596266E-04
200470 -8.974150E-04 -6.085527E-04
200471 -9.904247E-04 -4.436562E-04
200472 -1.078021E-03 -1.415701E-04
200473 -1.050541E-03  2.955379E-04
200474 -7.733036E-04  7.802496E-04
200475 -1.767682E-04  1.094384E-03
200476  5.930534E-04  9.465247E-04
200477  1.094762E-03  2.148397E-04
200478  8.222012E-04 -7.321834E-04
200479 -2.054240E-04 -1.067063E-03
200480 -1.066945E-03 -2.709743E-04
200481 -6.781063E-04  9.258932E-04
200482  6.542018E-04  9.849198E-04
200483  1.113281E-03 -3.373948E-04
200484 -1.201771E-04 -1.118597E-03
200485 -1.147612E-03 -7.306620E-06
200486 -1.636455E-04  1.200996E-03
200487  1.178270E-03  3.352520E-04
200488  4.263602E-04 -1.108808E-03
200489 -1.092081E-03 -4.751918E-04
200490 -5.859673E-04  1.096516E-03
200491  1.027943E-03  7.443821E-04
200492  8.815666E-04 -8.915962E-04
200493 -7.295357E-04 -1.012823E-03
200494 -1.174224E-03  4.956931E-04
200495  1.131442E-04  1.299142E-03
200496  1.251360E-03  4.019621E-04
200497  9.328114E-04 -9.244907E-04
200498 -2.731163E-04 -1.287742E-03
200499 -1.180572E-03 -6.051591E-04
200500 -1.282041E-03  3.841466E-04
200501 -8.095073E-04  1.076658E-03
200502 -1.941380E-04  1.338126E-03
200503  2.926240E-04  1.322905E-03
200504  5.734842E-04  1.229061E-03
200505 -9.175733E-04  8.994636E-04
200506 -9.847903E-04  8.258790E-04
200507 -1.148775E-03  5.782787E-04
200508 -1.282021E-03  1.083255E-04
200509 -1.160321E-03 -5.513296E-04
200510 -5.652557E-04 -1.145748E-03
200511  4.306675E-04 -1.188987E-03
200512  1.198407E-03 -3.523469E-04
200513  8.860744E-04  8.632598E-04
200514 -4.395677E-04  1.148351E-03
200515 -1.220338E-03 -6.241990E-05
200516 -2.168925E-04 -1.192216E-03
200517  1.134278E-03 -4.003501E-04
200518  5.127877E-04  1.077620E-03
200519 -1.028327E-03  5.657901E-04
200520 -5.673300E-04 -1.003959E-03
200521  1.013063E-03 -5.584320E-04
200522  5.695703E-04  1.011839E-03
200523 -9.736085E-04  5.643162E-04
200524 -5.330244E-04 -9.530718E-04
200525  9.644837E-04 -5.583288E-04
200526  6.674084E-04  9.157231E-04
200527 -7.739069E-04  7.709132E-04
200528 -8.427398E-04 -6.158547E-04
200529  4.348194E-04 -9.581821E-04
200530  1.082798E-03  1.102142E-04
200531  3.627825E-04  1.031518E-03
200532 -6.944762E-04  8.009461E-04
200533 -1.011923E-03 -1.346092E-04
200534 -5.088840E-04 -8.651836E-04
200535  2.635523E-04 -9.750576E-04
200536  8.240305E-04 -6.102714E-04
200537  1.033574E-03 -9.804771E-05
200538  9.899908E-04  3.344918E-04
200539  8.484288E-04  6.136612E-04
200540  7.244348E-04  7.561137E-04
200541  6.774242E-04  7.982496E-04
200542  7.244376E-04  7.561004E-04
200543  8.484366E-04  6.136363E-04
200544  9.900070E-04  3.344579E-04
200545  1.033602E-03 -9.808730E-05
200546  8.240710E-04 -6.103133E-04
200547  2.636038E-04 -9.750991E-04
200548 -5.088268E-04 -8.652220E-04
200549 -1.011868E-03 -1.346423E-04
200550 -6.944308E-04  8.009203E-04
200551  3.628116E-04  1.031501E-03
200552  1.082808E-03  1.102076E-04
200553  4.348125E-04 -9.581785E-04
200554 -8.427579E-04 -6.158417E-04
200555 -7.739281E-04  7.709339E-04
200556  6.673916E-04  9.157492E-04
200557  9.644759E-04 -5.582995E-04
200558 -5.330227E-04 -9.530410E-04
200559 -9.736015E-04  5.643471E-04
200560  5.695754E-04  1.011869E-03
200561  1.013058E-03 -5.584039E-04
200562 -5.673493E-04 -1.003934E-03
200563 -1.028363E-03  5.658127E-04
200564  5.127378E-04  1.077640E-03
200565  1.134221E-03 -4.003311E-04
200566 -2.169476E-04 -1.192196E-03
200567 -1.220382E-03 -6.239667E-05
200568 -4.395938E-04  1.148379E-03
200569  8.860704E-04  8.632919E-04
200570  1.198425E-03 -3.523124E-04
200571  4.307041E-04 -1.188953E-03
200572 -5.652072E-04 -1.145719E-03
200573 -1.160269E-03 -5.513065E-04
200574 -1.281973E-03  1.083413E-04
200575 -1.148739E-03  5.782880E-04
200576 -9.847708E-04  8.258831E-04
200577 -3.784001E-04 -1.168925E-03
200578 -2.838318E-04 -1.194068E-03
200579  6.321561E-06 -1.222843E-03
200580  4.740376E-04 -1.117597E-03
200581  9.783391E-04 -6.952328E-04
200582  1.179820E-03  1.033634E-04
200583  6.927311E-04  9.470931E-04
200584 -4.046337E-04  1.101499E-03
200585 -1.171170E-03  1.452605E-04
200586 -5.642984E-04 -1.034445E-03
200587  8.281484E-04 -8.105917E-04
200588  9.211225E-04  6.625702E-04
200589 -5.728901E-04  9.714439E-04
200590 -9.979034E-04 -5.307846E-04
200591  5.211391E-04 -9.884008E-04
200592  9.488060E-04  5.535602E-04
200593 -6.098910E-04  9.016727E-04
200594 -8.451141E-04 -6.669050E-04
200595  7.240095E-04 -7.888992E-04
200596  7.561054E-04  7.586039E-04
200597 -7.509712E-04  7.311134E-04
200598 -7.102337E-04 -7.330347E-04
200599  7.090120E-04 -7.466641E-04
200600  8.511559E-04  6.094212E-04
200601 -4.012071E-04  9.457377E-04
200602 -9.780065E-04 -1.332076E-04
200603 -1.801981E-04 -9.560219E-04
200604  8.112235E-04 -5.728552E-04
200605  9.374085E-04  3.907721E-04
200606  2.875602E-04  9.745186E-04
200607 -4.755129E-04  8.752767E-04
200608 -8.979547E-04  3.673639E-04
200609 -9.331542E-04 -1.787760E-04
200610 -7.487799E-04 -5.671431E-04
200611 -5.212736E-04 -7.767382E-04
200612 -3.565375E-04 -8.641504E-04
200613 -2.982057E-04 -8.860542E-04
200614 -3.565436E-04 -8.641572E-04
200615 -5.212816E-04 -7.767497E-04
200616 -7.487828E-04 -5.671563E-04
200617 -9.331448E-04 -1.787875E-04
200618 -8.979282E-04  3.673564E-04
200619 -4.754691E-04  8.752746E-04
200620  2.876162E-04  9.745220E-04
200621  9.374671E-04  3.907807E-04
200622  8.112737E-04 -5.728413E-04
200623 -1.801656E-04 -9.560027E-04
200624 -9.779965E-04 -1.331827E-04
200625 -4.012179E-04  9.457679E-04
200626  8.511318E-04  6.094556E-04
200627  7.089855E-04 -7.466274E-04
200628 -7.102521E-04 -7.329976E-04
200629 -7.509749E-04  7.311494E-04
200630  7.561169E-04  7.586385E-04
200631  7.240303E-04 -7.888659E-04
200632 -8.450940E-04 -6.668726E-04
200633 -6.098822E-04  9.017040E-04
200634  9.487954E-04  5.535896E-04
200635  5.211065E-04 -9.883743E-04
200636 -9.979547E-04 -5.307609E-04
200637 -5.729517E-04  9.714659E-04
200638  9.210617E-04  6.625933E-04
200639  8.280994E-04 -8.105645E-04
200640 -5.643267E-04 -1.034411E-03
200641 -1.171173E-03  1.452998E-04
200642 -4.046110E-04  1.101542E-03
200643  6.927751E-04  9.471337E-04
200644  1.179877E-03  1.033976E-04
200645  9.784011E-04 -6.952082E-04
200646  4.740943E-04 -1.117582E-03
200647  6.364488E-06 -1.222837E-03
200648 -2.838087E-04 -1.194065E-03
200649  8.277129E-04  7.693747E-04
200650  7.600900E-04  8.350911E-04
200651  5.292308E-04  9.952870E-04
200652  8.500090E-05  1.122754E-03
200653 -5.357648E-04  9.924495E-04
200654 -1.061573E-03  3.970637E-04
200655 -1.000800E-03 -5.409462E-04
200656 -1.050753E-04 -1.125953E-03
200657  9.446592E-04 -5.809795E-04
200658  8.355809E-04  6.926330E-04
200659 -4.954649E-04  9.614293E-04
200660 -1.034635E-03 -3.550219E-04
200661  2.598428E-04 -1.054289E-03
200662  1.022822E-03  2.448821E-04
200663 -3.116937E-04  9.931245E-04
200664 -9.774422E-04 -3.953690E-04
200665  4.705990E-04 -9.276693E-04
200666  8.427485E-04  5.633852E-04
200667 -6.595237E-04  7.636528E-04
200668 -6.975350E-04 -7.259253E-04
200669  7.628030E-04 -6.433570E-04
200670  6.185496E-04  7.722351E-04
200671 -7.457481E-04  6.290323E-04
200672 -6.732695E-04 -6.856020E-04
200673  5.828906E-04 -7.628571E-04
200674  8.851181E-04  3.905340E-04
200675 -7.442490E-05  9.590472E-04
200676 -8.835621E-04  3.199393E-04
200677 -6.930759E-04 -6.036707E-04
200678  1.000812E-04 -9.103598E-04
200679  7.535971E-04 -5.396831E-04
200680  9.366282E-04  7.963130E-05
200681  7.485246E-04  5.804915E-04
200682  4.242136E-04  8.477891E-04
200683  1.347766E-04  9.356742E-04
200684 -4.758627E-05  9.412296E-04
200685 -1.082538E-04  9.350139E-04
200686 -4.760250E-05  9.412271E-04
200687  1.347504E-04  9.356721E-04
200688  4.241883E-04  8.477916E-04
200689  7.485118E-04  5.805026E-04
200690  9.366367E-04  7.965312E-05
200691  7.536297E-04 -5.396510E-04
200692  1.001334E-04 -9.103196E-04
200693 -6.930152E-04 -6.036256E-04
200694 -8.835068E-04  3.199869E-04
200695 -7.438761E-05  9.590961E-04
200696  8.851304E-04  3.905837E-04
200697  5.828789E-04 -7.628071E-04
200698 -6.732968E-04 -6.855529E-04
200699 -7.457775E-04  6.290788E-04
200700  6.185311E-04  7.722774E-04
200701  7.628039E-04 -6.433193E-04
200702 -6.975141E-04 -7.258910E-04
200703 -6.594903E-04  7.636857E-04
200704  8.427820E-04  5.634185E-04
200705  4.706191E-04 -9.276350E-04
200706 -9.774453E-04 -3.953351E-04
200707 -3.117233E-04  9.931561E-04
200708  1.022770E-03  2.449100E-04
200709  2.597770E-04 -1.054264E-03
200710 -1.034702E-03 -3.549966E-04
200711 -4.955206E-04  9.614590E-04
200712  8.355461E-04  6.926702E-04
200713  9.446508E-04 -5.809348E-04
200714 -1.050566E-04 -1.125905E-03
200715 -1.000758E-03 -5.409002E-04
200716 -1.061516E-03  3.971006E-04
200717 -5.357020E-04  9.924734E-04
200718  8.505902E-05  1.122765E-03
200719  5.292752E-04  9.952897E-04
200720  7.601140E-04  8.350906E-04
200721 -8.553735E-04 -6.681743E-04
200722 -7.969829E-04 -7.367011E-04
200723 -5.917101E-04 -9.092185E-04
200724 -1.807143E-04 -1.067757E-03
200725  4.186029E-04 -9.930415E-04
200726  9.601824E-04 -4.653354E-04
200727  9.610870E-04  4.301081E-04
200728  1.391603E-04  1.034443E-03
200729 -8.849297E-04  5.586015E-04
200730 -8.192876E-04 -6.616876E-04
200731  4.477172E-04 -9.421156E-04
200732  9.640199E-04  3.135890E-04
200733 -2.854044E-04  9.600033E-04
200734 -9.716185E-04 -3.085814E-04
200735  3.422685E-04 -9.513207E-04
200736  8.736494E-04  4.249703E-04
200737 -5.568357E-04  7.953787E-04
200738 -7.314285E-04 -6.635346E-04
200739  7.253240E-04 -6.362504E-04
200740  5.186368E-04  7.829535E-04
200741 -8.377691E-04  4.341209E-04
200742 -3.994332E-04 -8.572082E-04
200743  8.402235E-04 -3.970033E-04
200744  4.334322E-04  8.078460E-04
200745 -7.454695E-04  5.307284E-04
200746 -6.731539E-04 -6.121851E-04
200747  3.836774E-04 -8.156671E-04
200748  8.978525E-04  4.207493E-05
200749  3.969776E-04  8.070285E-04
200750 -4.242365E-04  7.878140E-04
200751 -8.592135E-04  2.091372E-04
200752 -7.726222E-04 -4.072488E-04
200753 -4.022351E-04 -7.674165E-04
200754 -7.316372E-06 -8.639281E-04
200755  2.817562E-04 -8.168564E-04
200756  4.423646E-04 -7.431935E-04
200757  4.922435E-04 -7.115888E-04
200758  4.423388E-04 -7.431951E-04
200759  2.817127E-04 -8.168556E-04
200760 -7.363652E-06 -8.639186E-04
200761 -4.022706E-04 -7.673928E-04
200762 -7.726332E-04 -4.072083E-04
200763 -8.591947E-04  2.091929E-04
200764 -4.241915E-04  7.878800E-04
200765  3.970371E-04  8.070991E-04
200766  8.979103E-04  4.214532E-05
200767  3.837182E-04 -8.155995E-04
200768 -6.731392E-04 -6.121210E-04
200769 -7.454809E-04  5.307886E-04
200770  4.334036E-04  8.079015E-04
200771  8.401926E-04 -3.969542E-04
200772 -3.994512E-04 -8.571667E-04
200773 -8.377645E-04  4.341553E-04
200774  5.186646E-04  7.829834E-04
200775  7.253664E-04 -6.362211E-04
200776 -7.313859E-04 -6.635027E-04
200777 -5.568081E-04  7.954140E-04
200778  8.736513E-04  4.250071E-04
200779  3.422412E-04 -9.512859E-04
200780 -9.716708E-04 -3.085515E-04
200781 -2.854720E-04  9.600284E-04
200782  9.639494E-04  3.136127E-04
200783  4.476557E-04 -9.420880E-04
200784 -8.193304E-04 -6.616515E-04
200785 -8.849477E-04  5.586469E-04
200786  1.391686E-04  1.034493E-03
200787  9.611188E-04  4.301554E-04
200788  9.602312E-04 -4.652994E-04
200789  4.186594E-04 -9.930215E-04
200790 -1.806601E-04 -1.067751E-03
200791 -5.916678E-04 -9.092220E-04
200792 -7.969597E-04 -7.367056E-04
200793  6.689150E-04  7.753545E-04
200794  6.017748E-04  8.273563E-04
200795  3.787027E-04  9.471891E-04
200796 -3.273429E-05  1.014804E-03
200797 -5.753066E-04  8.305435E-04
200798 -9.794895E-04  2.369610E-04
200799 -8.127453E-04 -5.961221E-04
200800  6.349444E-05 -1.003640E-03
200801  9.233545E-04 -3.691903E-04
200802  6.281861E-04  7.492635E-04
200803 -6.036677E-04  7.614447E-04
200804 -8.375513E-04 -5.098916E-04
200805  4.506810E-04 -8.636293E-04
200806  8.261483E-04  4.522163E-04
200807 -5.312090E-04  7.720418E-04
200808 -7.303304E-04 -6.198092E-04
200809  6.766701E-04 -6.451029E-04
200810  5.042605E-04  7.472578E-04
200811 -8.343524E-04  3.787906E-04
200812 -2.924790E-04 -8.771995E-04
200813  8.696542E-04 -2.066478E-04
200814  1.258861E-04  8.676131E-04
200815 -8.846380E-04  1.087232E-04
200816 -1.703843E-04 -8.745773E-04
200817  8.235743E-04 -2.717969E-04
200818  4.110712E-04  7.495324E-04
200819 -6.103979E-04  6.069125E-04
200820 -7.978284E-04 -3.306218E-04
200821 -9.177939E-05 -8.507419E-04
200822  6.413158E-04 -5.511754E-04
200823  8.318227E-04  1.222645E-04
200824  5.370961E-04  6.465897E-04
200825  7.699438E-05  8.379894E-04
200826 -3.106275E-04  7.822542E-04
200827 -5.512817E-04  6.351715E-04
200828 -6.673598E-04  5.106681E-04
200829 -7.001672E-04  4.641532E-04
200830 -6.673930E-04  5.106637E-04
200831 -5.513388E-04  6.351686E-04
200832 -3.106927E-04  7.822614E-04
200833  7.693943E-05  8.380148E-04
200834  5.370668E-04  6.466369E-04
200835  8.318267E-04  1.223313E-04
200836  6.413507E-04 -5.510959E-04
200837 -9.172523E-05 -8.506581E-04
200838 -7.977722E-04 -3.305406E-04
200839 -6.103565E-04  6.069877E-04
200840  4.110869E-04  7.496008E-04
200841  8.235633E-04 -2.717352E-04
200842 -1.704131E-04 -8.745229E-04
200843 -8.846692E-04  1.087689E-04
200844  1.258685E-04  8.676492E-04
200845  8.696605E-04 -2.066204E-04
200846 -2.924481E-04 -8.771768E-04
200847 -8.343063E-04  3.788139E-04
200848  5.043065E-04  7.472859E-04
200849  6.767003E-04 -6.450689E-04
200850 -7.303265E-04 -6.197722E-04
200851 -5.312342E-04  7.720766E-04
200852  8.260984E-04  4.522446E-04
200853  4.506156E-04 -8.636083E-04
200854 -8.376212E-04 -5.098742E-04
200855 -6.037316E-04  7.614651E-04
200856  6.281367E-04  7.492930E-04
200857  9.233257E-04 -3.691502E-04
200858  6.348921E-05 -1.003594E-03
200859 -8.127277E-04 -5.960786E-04
200860 -9.794536E-04  2.369922E-04
200861 -5.752600E-04  8.305568E-04
200862 -3.268672E-05  1.014802E-03
200863  3.787414E-04  9.471783E-04
200864  6.017964E-04  8.273474E-04
200865 -3.069479E-04 -9.087914E-04
200866 -2.303676E-04 -9.315198E-04
200867  5.722779E-06 -9.608497E-04
200868  3.883998E-04 -8.812894E-04
200869  8.005024E-04 -5.382450E-04
200870  9.552130E-04  1.161168E-04
200871  5.314444E-04  7.925851E-04
200872 -3.772117E-04  8.660316E-04
200873 -9.397436E-04  2.673649E-05
200874 -3.294304E-04 -8.809478E-04
200875  7.754575E-04 -5.209257E-04
200876  6.071848E-04  6.857999E-04
200877 -6.579916E-04  6.273687E-04
200878 -6.288994E-04 -6.723444E-04
200879  6.866437E-04 -5.911837E-04
200880  4.887894E-04  7.265158E-04
200881 -8.036615E-04  3.769648E-04
200882 -2.860115E-04 -8.513578E-04
200883  8.471124E-04 -1.716944E-04
200884  3.503329E-05  8.466820E-04
200885 -8.667523E-04 -5.677794E-05
200886  8.194357E-05 -8.616346E-04
200887  8.274579E-04  8.622127E-05
200888 -7.152990E-05  8.217012E-04
200889 -8.438430E-04  2.588076E-05
200890 -2.148113E-04 -8.159753E-04
200891  6.963203E-04 -4.338722E-04
200892  6.434487E-04  4.820821E-04
200893 -1.353643E-04  7.949193E-04
200894 -7.399888E-04  3.420066E-04
200895 -7.509902E-04 -3.250276E-04
200896 -3.492041E-04 -7.355442E-04
200897  1.238362E-04 -7.976483E-04
200898  4.687709E-04 -6.493702E-04
200899  6.550227E-04 -4.533315E-04
200900  7.315381E-04 -3.093090E-04
200901  7.503232E-04 -2.581590E-04
200902  7.315008E-04 -3.093187E-04
200903  6.549575E-04 -4.533434E-04
200904  4.686942E-04 -6.493725E-04
200905  1.237674E-04 -7.976303E-04
200906 -3.492482E-04 -7.355007E-04
200907 -7.510002E-04 -3.249609E-04
200908 -7.399658E-04  3.420882E-04
200909 -1.353191E-04  7.950053E-04
200910  6.434990E-04  4.821640E-04
200911  6.963587E-04 -4.337987E-04
200912 -2.147963E-04 -8.159107E-04
200913 -8.438535E-04  2.593710E-05
200914 -7.155769E-05  8.217493E-04
200915  8.274276E-04  8.625988E-05
200916  8.192658E-05 -8.616064E-04
200917 -8.667458E-04 -5.675876E-05
200918  3.506361E-05  8.466967E-04
200919  8.471571E-04 -1.716780E-04
200920 -2.859677E-04 -8.513347E-04
200921 -8.036335E-04  3.769955E-04
200922  4.887925E-04  7.265504E-04
200923  6.866204E-04 -5.911518E-04
200924 -6.289444E-04 -6.723207E-04
200925 -6.580503E-04  6.273825E-04
200926  6.071208E-04  6.858077E-04
200927  7.753958E-04 -5.209163E-04
200928 -3.294832E-04 -8.809296E-04
200929 -9.397817E-04  2.676632E-05
200930 -3.772306E-04  8.660689E-04
200931  5.314468E-04  7.926205E-04
200932  9.552350E-04  1.161397E-04
200933  8.005384E-04 -5.382403E-04
200934  3.884407E-04 -8.813008E-04
200935  5.758214E-06 -9.608677E-04
200936 -2.303472E-04 -9.315328E-04
200937 -1.105526E-04  9.212056E-04
200938 -1.840985E-04  9.077692E-04
200939 -3.941709E-04  8.328735E-04
200940 -6.835624E-04  6.064534E-04
200941 -8.936661E-04  1.471222E-04
200942 -7.670362E-04 -4.730277E-04
200943 -1.451649E-04 -8.903555E-04
200944  6.624088E-04 -6.155232E-04
200945  8.441776E-04  3.128845E-04
200946 -6.261151E-06  8.893358E-04
200947 -8.586765E-04  1.995699E-04
200948 -3.256154E-04 -8.210056E-04
200949  7.850095E-04 -3.902256E-04
200950  3.831410E-04  7.663610E-04
200951 -7.908547E-04  3.335389E-04
200952 -2.803837E-04 -8.204619E-04
200953  8.183044E-04 -1.948993E-04
200954  6.712431E-05  8.212898E-04
200955 -8.418823E-04 -4.230826E-05
200956  1.087728E-04 -8.327179E-04
200957  7.885215E-04  1.714545E-04
200958 -2.337826E-04  7.679120E-04
200959 -7.894360E-04 -2.360239E-04
200960  1.598243E-04 -7.996083E-04
200961  7.821104E-04  5.335638E-05
200962  8.495316E-05  7.719062E-04
200963 -7.316638E-04  3.073782E-04
200964 -5.817307E-04 -5.523851E-04
200965  1.893996E-04 -7.680367E-04
200966  7.207470E-04 -2.782239E-04
200967  6.712252E-04  3.584342E-04
200968  2.540867E-04  7.154975E-04
200969 -2.007405E-04  7.361802E-04
200970 -5.167508E-04  5.676098E-04
200971 -6.783581E-04  3.662191E-04
200972 -7.398697E-04  2.228958E-04
200973 -7.537819E-04  1.726072E-04
200974 -7.399077E-04  2.228793E-04
200975 -6.784254E-04  3.661954E-04
200976 -5.168319E-04  5.675934E-04
200977 -2.008166E-04  7.361846E-04
200978  2.540326E-04  7.155298E-04
200979  6.712032E-04  3.584926E-04
200980  7.207574E-04 -2.781487E-04
200981  1.894333E-04 -7.679567E-04
200982 -5.816894E-04 -5.523100E-04
200983 -7.316310E-04  3.074437E-04
200984  8.496609E-05  7.719618E-04
200985  7.821008E-04  5.340358E-05
200986  1.597989E-04 -7.995691E-04
200987 -7.894639E-04 -2.359938E-04
200988 -2.337985E-04  7.679320E-04
200989  7.885269E-04  1.714658E-04
200990  1.087995E-04 -8.327105E-04
200991 -8.418435E-04 -4.229834E-05
200992  6.716111E-05  8.213074E-04
200993  8.183264E-04 -1.948733E-04
200994 -2.803835E-04 -8.204318E-04
200995 -7.908760E-04  3.335659E-04
200996  3.831031E-04  7.663783E-04
200997  7.849613E-04 -3.902202E-04
200998 -3.256689E-04 -8.210085E-04
200999 -8.587315E-04  1.995667E-04
201000 -6.313515E-06  8.893403E-04
201001  8.441331E-04  3.129006E-04
201002  6.623784E-04 -6.154986E-04
201003 -1.451761E-04 -8.903317E-04
201004 -7.670266E-04 -4.730152E-04
201005 -8.936392E-04  1.471178E-04
201006 -6.835264E-04  6.064343E-04
201007 -3.941373E-04  8.328497E-04
201008 -1.840784E-04  9.077531E-04
201009  4.974771E-04 -7.133714E-04
201010  5.534524E-04 -6.722600E-04
201011  6.986876E-04 -5.248496E-04
201012  8.499418E-04 -2.198668E-04
201013  8.443408E-04  2.481844E-04
201014  4.959444E-04  7.227041E-04
201015 -1.939652E-04  8.444575E-04
201016 -7.949434E-04  3.147986E-04
201017 -6.389062E-04 -5.597911E-04
201018  2.942955E-04 -7.979146E-04
201019  8.458600E-04  6.746556E-05
201020  8.427772E-05  8.330376E-04
201021 -8.155944E-04  1.579571E-04
201022 -1.883911E-04 -8.124481E-04
201023  8.013368E-04 -1.806940E-04
201024  1.200235E-04  7.963042E-04
201025 -8.142802E-04  4.506125E-05
201026  1.488571E-05 -8.149282E-04
201027  7.830323E-04  8.817496E-05
201028 -1.749837E-04  7.619465E-04
201029 -7.666036E-04 -2.243541E-04
201030  2.186644E-04 -7.596394E-04
201031  7.352722E-04  1.970672E-04
201032 -1.608056E-04  7.422571E-04
201033 -7.775877E-04 -4.894480E-05
201034 -1.495572E-04 -7.637629E-04
201035  6.555847E-04 -3.746268E-04
201036  5.820665E-04  4.524464E-04
201037 -1.268827E-04  7.279437E-04
201038 -6.786536E-04  3.208118E-04
201039 -7.031556E-04 -2.846834E-04
201040 -3.525861E-04 -6.712553E-04
201041  7.387681E-05 -7.489368E-04
201042  3.946735E-04 -6.329226E-04
201043  5.752571E-04 -4.663984E-04
201044  6.538257E-04 -3.408498E-04
201045  6.742315E-04 -2.957846E-04
201046  6.537901E-04 -3.408732E-04
201047  5.751933E-04 -4.664346E-04
201048  3.945949E-04 -6.329547E-04
201049  7.380007E-05 -7.489488E-04
201050 -3.526451E-04 -6.712384E-04
201051 -7.031867E-04 -2.846387E-04
201052 -6.786550E-04  3.208748E-04
201053 -1.268614E-04  7.280123E-04
201054  5.820972E-04  4.525101E-04
201055  6.556105E-04 -3.745729E-04
201056 -1.495467E-04 -7.637187E-04
201057 -7.775955E-04 -4.890821E-05
201058 -1.608269E-04  7.422869E-04
201059  7.352486E-04  1.970891E-04
201060  2.186506E-04 -7.596266E-04
201061 -7.665998E-04 -2.243492E-04
201062 -1.749629E-04  7.619479E-04
201063  7.830618E-04  8.817926E-05
201064  1.491186E-05 -8.149161E-04
201065 -8.142674E-04  4.508167E-05
201066  1.200191E-04  7.963286E-04
201067  8.013175E-04 -1.806731E-04
201068 -1.884203E-04 -8.124375E-04
201069 -8.156296E-04  1.579546E-04
201070  8.423789E-05  8.330249E-04
201071  8.458153E-04  6.745022E-05
201072  2.942472E-04 -7.979242E-04
201073 -6.389536E-04 -5.597902E-04
201074 -7.949820E-04  3.148081E-04
201075 -1.939871E-04  8.444677E-04
201076  4.959442E-04  7.227055E-04
201077  8.443612E-04  2.481715E-04
201078  8.499748E-04 -2.198916E-04
201079  6.987208E-04 -5.248768E-04
201080  5.534730E-04 -6.722777E-04
201081 -6.897903E-04  4.733158E-04
201082 -7.229802E-04  4.176356E-04
201083 -7.953889E-04  2.382857E-04
201084 -8.202018E-04 -7.946317E-05
201085 -6.587418E-04 -4.868350E-04
201086 -2.027133E-04 -7.933463E-04
201087  4.411319E-04 -6.948276E-04
201088  8.244300E-04 -5.685872E-05
201089  4.561971E-04  6.850110E-04
201090 -4.455119E-04  6.801224E-04
201091 -7.719990E-04 -2.267791E-04
201092  6.331952E-05 -8.014901E-04
201093  7.992608E-04 -4.930951E-05
201094  1.027577E-04  7.826925E-04
201095 -7.807012E-04  1.096902E-04
201096 -1.015686E-04 -7.831287E-04
201097  7.689190E-04 -6.824641E-05
201098  5.665479E-06  7.626452E-04
201099 -7.726983E-04 -4.464670E-05
201100  6.633364E-05 -7.667166E-04
201101  7.413328E-04  8.488204E-05
201102 -9.847909E-05  7.351425E-04
201103 -7.548323E-04 -6.041317E-05
201104 -4.281615E-05 -7.525833E-04
201105  7.088645E-04 -1.721154E-04
201106  3.220244E-04  6.413480E-04
201107 -5.144057E-04  5.143541E-04
201108 -6.947108E-04 -2.513217E-04
201109 -1.477246E-04 -7.221271E-04
201110  4.784879E-04 -5.440206E-04
201111  7.107419E-04 -1.765647E-05
201112  5.422493E-04  4.476276E-04
201113  1.989883E-04  6.723119E-04
201114 -1.229918E-04  6.912301E-04
201115 -3.424453E-04  6.147156E-04
201116 -4.582991E-04  5.354898E-04
201117 -4.932182E-04  5.040904E-04
201118 -4.583296E-04  5.354603E-04
201119 -3.425011E-04  6.146682E-04
201120 -1.230624E-04  6.911831E-04
201121  1.989165E-04  6.722831E-04
201122  5.421900E-04  4.476274E-04
201123  7.107051E-04 -1.762831E-05
201124  4.784765E-04 -5.439733E-04
201125 -1.477153E-04 -7.220735E-04
201126 -6.946909E-04 -2.512721E-04
201127 -5.143869E-04  5.143947E-04
201128  3.220331E-04  6.413802E-04
201129  7.088597E-04 -1.720893E-04
201130 -4.283140E-05 -7.525622E-04
201131 -7.548498E-04 -6.039828E-05
201132 -9.848968E-05  7.351497E-04
201133  7.413347E-04  8.488214E-05
201134  6.634711E-05 -7.667197E-04
201135 -7.726805E-04 -4.464735E-05
201136  5.678414E-06  7.626515E-04
201137  7.689207E-04 -6.823245E-05
201138 -1.015787E-04 -7.831111E-04
201139 -7.807187E-04  1.097046E-04
201140  1.027377E-04  7.826971E-04
201141  7.992398E-04 -4.931817E-05
201142  6.329499E-05 -8.015103E-04
201143 -7.720312E-04 -2.268045E-04
201144 -4.455534E-04  6.800998E-04
201145  4.561501E-04  6.849966E-04
201146  8.243866E-04 -5.686506E-05
201147  4.411027E-04 -6.948317E-04
201148 -2.027204E-04 -7.933559E-04
201149 -6.587259E-04 -4.868547E-04
201150 -8.201703E-04 -7.949108E-05
201151 -7.953552E-04  2.382578E-04
201152 -7.229588E-04  4.176181E-04
201153  7.621407E-04 -2.414385E-04
201154  7.788656E-04 -1.840436E-04
201155  8.025451E-04 -7.399249E-06
201156  7.539743E-04  2.821085E-04
201157  5.218508E-04  6.131659E-04
201158  4.756986E-05  7.991472E-04
201159 -5.238054E-04  5.935086E-04
201160 -7.808336E-04 -5.265309E-05
201161 -3.508256E-04 -6.946732E-04
201162  4.849289E-04 -6.092355E-04
201163  7.360888E-04  2.531510E-04
201164 -5.841447E-05  7.697284E-04
201165 -7.614514E-04  7.407318E-05
201166 -1.585283E-04 -7.470150E-04
201167  7.276445E-04 -2.062287E-04
201168  2.142053E-04  7.152768E-04
201169 -7.214122E-04  2.083252E-04
201170 -2.063074E-04 -7.210648E-04
201171  7.070081E-04 -1.910803E-04
201172  1.695014E-04  7.044071E-04
201173 -7.122717E-04  1.777177E-04
201174 -2.243735E-04 -6.984073E-04
201175  6.552188E-04 -2.836133E-04
201176  3.566584E-04  6.057138E-04
201177 -5.315954E-04  4.743582E-04
201178 -6.157030E-04 -3.739094E-04
201179  1.153508E-04 -7.035646E-04
201180  6.677011E-04 -2.038698E-04
201181  5.114784E-04  4.600884E-04
201182 -6.118469E-05  6.844045E-04
201183 -5.418442E-04  4.305326E-04
201184 -6.969778E-04 -1.105396E-05
201185 -5.850619E-04 -3.835987E-04
201186 -3.652092E-04 -5.973648E-04
201187 -1.604443E-04 -6.812795E-04
201188 -2.797215E-05 -6.990447E-04
201189  1.671393E-05 -6.992919E-04
201190 -2.799601E-05 -6.990787E-04
201191 -1.604888E-04 -6.813355E-04
201192 -3.652677E-04 -5.974239E-04
201193 -5.851245E-04 -3.836424E-04
201194 -6.970333E-04 -1.107094E-05
201195 -5.418836E-04  4.305431E-04
201196 -6.120396E-05  6.844342E-04
201197  5.114773E-04  4.601252E-04
201198  6.677114E-04 -2.038358E-04
201199  1.153636E-04 -7.035377E-04
201200 -6.156949E-04 -3.738888E-04
201201 -5.315955E-04  4.743750E-04
201202  3.566510E-04  6.057277E-04
201203  6.552091E-04 -2.836037E-04
201204 -2.243798E-04 -6.984041E-04
201205 -7.122715E-04  1.777144E-04
201206  1.695065E-04  7.044001E-04
201207  7.070127E-04 -1.910860E-04
201208 -2.063093E-04 -7.210650E-04
201209 -7.214228E-04  2.083314E-04
201210  2.141890E-04  7.152867E-04
201211  7.276285E-04 -2.062208E-04
201212 -1.585394E-04 -7.470153E-04
201213 -7.614584E-04  7.406064E-05
201214 -5.842357E-05  7.697037E-04
201215  7.360699E-04  2.531185E-04
201216  4.848960E-04 -6.092690E-04
201217 -3.508694E-04 -6.947018E-04
201218 -7.808786E-04 -5.267487E-05
201219 -5.238388E-04  5.934906E-04
201220  4.755822E-05  7.991278E-04
201221  5.218635E-04  6.131414E-04
201222  7.540046E-04  2.820802E-04
201223  8.025790E-04 -7.425160E-06
201224  7.788875E-04 -1.840592E-04
