Mesh2HRTF 1.0.0-dev
    1
    1  1225
200000  1.196858E-05  3.441663E-05
200001  1.894825E-05  3.391129E-05
200002  1.890078E-05  3.354663E-05
200003  1.883263E-05  3.322646E-05
200004  1.875124E-05  3.296115E-05
200005  1.866265E-05  3.275891E-05
200006  1.857151E-05  3.262579E-05
200007  1.848099E-05  3.256576E-05
200008  1.839286E-05  3.258065E-05
200009  1.830747E-05  3.267021E-05
200010  1.822373E-05  3.283198E-05
200011  1.813913E-05  3.306127E-05
200012  1.804974E-05  3.335104E-05
200013  1.795020E-05  3.369178E-05
200014  1.783379E-05  3.407151E-05
200015  1.769241E-05  3.447566E-05
200016  1.751674E-05  3.488719E-05
200017  1.729630E-05  3.528668E-05
200018  1.701972E-05  3.565259E-05
200019  1.667496E-05  3.596168E-05
200020  1.624969E-05  3.618956E-05
200021  1.573171E-05  3.631136E-05
200022  1.510948E-05  3.630261E-05
200023  1.437268E-05  3.614021E-05
200024  1.351286E-05  3.580354E-05
200025  1.252413E-05  3.527558E-05
200026  1.140375E-05  3.454406E-05
200027  1.015282E-05  3.360255E-05
200028  8.776744E-06  3.245143E-05
200029  7.285663E-06  3.109864E-05
200030  5.694669E-06  2.956015E-05
200031  4.023847E-06  2.786017E-05
200032  2.298068E-06  2.603087E-05
200033  5.465636E-07  2.411177E-05
200034 -1.197756E-06  2.214873E-05
200035 -2.899199E-06  2.019247E-05
200036 -4.520390E-06  1.829680E-05
200037 -6.023517E-06  1.651653E-05
200038 -7.371689E-06  1.490531E-05
200039 -8.530313E-06  1.351324E-05
200040 -9.468457E-06  1.238472E-05
200041 -1.016009E-05  1.155639E-05
200042 -1.058520E-05  1.105545E-05
200043 -1.073059E-05  1.089834E-05
200044 -1.059051E-05  1.109004E-05
200045 -1.016694E-05  1.162379E-05
200046 -9.469475E-06  1.248149E-05
200047 -8.515015E-06  1.363458E-05
200048 -7.327049E-06  1.504544E-05
200049 -5.934727E-06  1.666913E-05
200050 -4.371690E-06  1.845549E-05
200051 -2.674767E-06  2.035133E-05
200052 -8.825751E-07  2.230271E-05
200053  9.658854E-07  2.425704E-05
200054  2.832576E-06  2.616509E-05
200055  4.681645E-06  2.798261E-05
200056  6.480481E-06  2.967166E-05
200057  8.200549E-06  3.120150E-05
200058  9.817999E-06  3.254916E-05
200059  1.131399E-05  3.369950E-05
200060  1.267486E-05  3.464504E-05
200061  1.389197E-05  3.538543E-05
200062  1.496144E-05  3.592669E-05
200063  1.588368E-05  3.628029E-05
200064  1.666282E-05  3.646214E-05
200065  1.730612E-05  3.649151E-05
200066  1.782323E-05  3.638997E-05
200067  1.822559E-05  3.618044E-05
200068  1.852577E-05  3.588629E-05
200069  1.873693E-05  3.553057E-05
200070  1.887226E-05  3.513542E-05
200071  1.894464E-05  3.472154E-05
200072  1.896623E-05  3.430785E-05
200073  1.529657E-05  1.996250E-05
200074  1.468843E-05  1.877349E-05
200075  1.414626E-05  1.777713E-05
200076  1.367929E-05  1.697881E-05
200077  1.329389E-05  1.638145E-05
200078  1.299421E-05  1.598707E-05
200079  1.278278E-05  1.579780E-05
200080  1.266088E-05  1.581666E-05
200081  1.262879E-05  1.604767E-05
200082  1.268575E-05  1.649547E-05
200083  1.282984E-05  1.716451E-05
200084  1.305760E-05  1.805759E-05
200085  1.336346E-05  1.917417E-05
200086  1.373902E-05  2.050827E-05
200087  1.417212E-05  2.204623E-05
200088  1.464588E-05  2.376458E-05
200089  1.513766E-05  2.562801E-05
200090  1.561819E-05  2.758784E-05
200091  1.605088E-05  2.958109E-05
200092  1.639166E-05  3.153035E-05
200093  1.658926E-05  3.334467E-05
200094  1.658632E-05  3.492154E-05
200095  1.632118E-05  3.615008E-05
200096  1.573057E-05  3.691534E-05
200097  1.475300E-05  3.710378E-05
200098  1.333271E-05  3.660966E-05
200099  1.142405E-05  3.534202E-05
200100  8.995884E-06  3.323204E-05
200101  6.035709E-06  3.024016E-05
200102  2.553183E-06  2.636246E-05
200103 -1.417353E-06  2.163577E-05
200104 -5.815572E-06  1.614092E-05
200105 -1.055534E-05  1.000356E-05
200106 -1.552646E-05  3.392224E-06
200107 -2.059799E-05 -3.486651E-06
200108 -2.562306E-05 -1.039670E-05
200109 -3.044487E-05 -1.708234E-05
200110 -3.490374E-05 -2.328166E-05
200111 -3.884459E-05 -2.874070E-05
200112 -4.212467E-05 -3.322817E-05
200113 -4.462077E-05 -3.654934E-05
200114 -4.623581E-05 -3.855817E-05
200115 -4.690408E-05 -3.916657E-05
200116 -4.659495E-05 -3.834996E-05
200117 -4.531470E-05 -3.614870E-05
200118 -4.310639E-05 -3.266528E-05
200119 -4.004769E-05 -2.805746E-05
200120 -3.624686E-05 -2.252802E-05
200121 -3.183704E-05 -1.631203E-05
200122 -2.696932E-05 -9.662657E-06
200123 -2.180499E-05 -2.836628E-06
200124 -1.650750E-05  3.919447E-06
200125 -1.123474E-05  1.038110E-05
200126 -6.131925E-06  1.635559E-05
200127 -1.325774E-06  2.168867E-05
200128  3.079911E-06  2.626829E-05
200129  7.006984E-06  3.002552E-05
200130  1.040400E-05  3.293277E-05
200131  1.324563E-05  3.499996E-05
200132  1.553069E-05  3.626915E-05
200133  1.727901E-05  3.680808E-05
200134  1.852756E-05  3.670342E-05
200135  1.932616E-05  3.605390E-05
200136  1.973311E-05  3.496404E-05
200137  1.981108E-05  3.353852E-05
200138  1.962344E-05  3.187757E-05
200139  1.923133E-05  3.007335E-05
200140  1.869131E-05  2.820750E-05
200141  1.805390E-05  2.634962E-05
200142  1.736268E-05  2.455680E-05
200143  1.665410E-05  2.287391E-05
200144  1.595767E-05  2.133455E-05
200145  5.697616E-06  1.800106E-06
200146  4.829859E-06  4.806438E-07
200147  4.111508E-06 -5.582675E-07
200148  3.531322E-06 -1.355130E-06
200149  3.078355E-06 -1.944425E-06
200150  2.743408E-06 -2.352521E-06
200151  2.519940E-06 -2.594529E-06
200152  2.404566E-06 -2.672234E-06
200153  2.397296E-06 -2.573255E-06
200154  2.501592E-06 -2.271506E-06
200155  2.724286E-06 -1.729038E-06
200156  3.075270E-06 -8.992787E-07
200157  3.566789E-06  2.684162E-07
200158  4.212144E-06  1.823039E-06
200159  5.023550E-06  3.805311E-06
200160  6.009057E-06  6.240532E-06
200161  7.168537E-06  9.131337E-06
200162  8.488988E-06  1.245089E-05
200163  9.939611E-06  1.613704E-05
200164  1.146732E-05  2.008800E-05
200165  1.299347E-05  2.416003E-05
200166  1.441250E-05  2.816774E-05
200167  1.559326E-05  3.188718E-05
200168  1.638327E-05  3.506234E-05
200169  1.661614E-05  3.741504E-05
200170  1.612172E-05  3.865826E-05
200171  1.473849E-05  3.851279E-05
200172  1.232714E-05  3.672655E-05
200173  8.784194E-06  3.309565E-05
200174  4.054585E-06  2.748611E-05
200175 -1.858195E-06  1.985419E-05
200176 -8.885231E-06  1.026375E-05
200177 -1.688945E-05 -1.101868E-06
200178 -2.566742E-05 -1.393531E-05
200179 -3.495579E-05 -2.780976E-05
200180 -4.444200E-05 -4.219377E-05
200181 -5.377884E-05 -5.647638E-05
200182 -6.260179E-05 -7.000150E-05
200183 -7.054839E-05 -8.210953E-05
200184 -7.727814E-05 -9.218267E-05
200185 -8.249206E-05 -9.969014E-05
200186 -8.595042E-05 -1.042286E-04
200187 -8.748757E-05 -1.055540E-04
200188 -8.702273E-05 -1.036008E-04
200189 -8.456593E-05 -9.848692E-05
200190 -8.021843E-05 -9.050413E-05
200191 -7.416738E-05 -8.009388E-05
200192 -6.667498E-05 -6.781230E-05
200193 -5.806271E-05 -5.428755E-05
200194 -4.869187E-05 -4.017405E-05
200195 -3.894176E-05 -2.610803E-05
200196 -2.918736E-05 -1.266833E-05
200197 -1.977811E-05 -3.453553E-07
200198 -1.101946E-05  1.047984E-05
200199 -3.158595E-06  1.954602E-05
200200  3.624867E-06  2.671221E-05
200201  9.222784E-06  3.194967E-05
200202  1.359705E-05  3.532736E-05
200203  1.677347E-05  3.699325E-05
200204  1.883181E-05  3.715355E-05
200205  1.989338E-05  3.605186E-05
200206  2.010740E-05  3.394963E-05
200207  1.963734E-05  3.110912E-05
200208  1.864862E-05  2.777936E-05
200209  1.729821E-05  2.418544E-05
200210  1.572684E-05  2.052122E-05
200211  1.405396E-05  1.694503E-05
200212  1.237528E-05  1.357823E-05
200213  1.076262E-05  1.050613E-05
200214  9.265600E-06  7.780718E-06
200215  7.914559E-06  5.424925E-06
200216  6.724221E-06  3.437763E-06
200217 -3.717730E-06 -1.202144E-05
200218 -4.217315E-06 -1.248648E-05
200219 -4.577580E-06 -1.271916E-05
200220 -4.839719E-06 -1.282027E-05
200221 -5.035577E-06 -1.287664E-05
200222 -5.187256E-06 -1.295523E-05
200223 -5.307878E-06 -1.309838E-05
200224 -5.402920E-06 -1.332020E-05
200225 -5.471443E-06 -1.360441E-05
200226 -5.506610E-06 -1.390384E-05
200227 -5.495164E-06 -1.414182E-05
200228 -5.415908E-06 -1.421597E-05
200229 -5.237751E-06 -1.400441E-05
200230 -4.918292E-06 -1.337449E-05
200231 -4.404132E-06 -1.219377E-05
200232 -3.634077E-06 -1.034260E-05
200233 -2.545906E-06 -7.727773E-06
200234 -1.086722E-06 -4.296082E-06
200235  7.739575E-07 -4.711421E-08
200236  3.030030E-06  4.955720E-06
200237  5.625728E-06  1.057667E-05
200238  8.445998E-06  1.660241E-05
200239  1.131245E-05  2.274080E-05
200240  1.398636E-05  2.862448E-05
200241  1.617936E-05  3.382005E-05
200242  1.757135E-05  3.784370E-05
200243  1.783438E-05  4.018389E-05
200244  1.666040E-05  4.033130E-05
200245  1.379010E-05  3.781572E-05
200246  9.040283E-06  3.224841E-05
200247  2.326808E-06  2.336745E-05
200248 -6.318963E-06  1.108225E-05
200249 -1.674196E-05 -4.487724E-06
200250 -2.866419E-05 -2.298568E-05
200251 -4.169452E-05 -4.380738E-05
200252 -5.534669E-05 -6.611301E-05
200253 -6.906413E-05 -8.886366E-05
200254 -8.225009E-05 -1.108828E-04
200255 -9.430091E-05 -1.309386E-04
200256 -1.046409E-04 -1.478415E-04
200257 -1.127568E-04 -1.605451E-04
200258 -1.182298E-04 -1.682411E-04
200259 -1.207635E-04 -1.704351E-04
200260 -1.202058E-04 -1.669946E-04
200261 -1.165622E-04 -1.581616E-04
200262 -1.099992E-04 -1.445289E-04
200263 -1.008363E-04 -1.269832E-04
200264 -8.952779E-05 -1.066216E-04
200265 -7.663216E-05 -8.465246E-05
200266 -6.277499E-05 -6.229283E-05
200267 -4.860585E-05 -4.067389E-05
200268 -3.475438E-05 -2.076376E-05
200269 -2.178921E-05 -3.314084E-06
200270 -1.018353E-05  1.116718E-05
200271 -2.900762E-07  2.241782E-05
200272  7.672611E-06  3.040225E-05
200273  1.362216E-05  3.527709E-05
200274  1.760324E-05  3.734764E-05
200275  1.976910E-05  3.702131E-05
200276  2.035621E-05  3.476294E-05
200277  1.965530E-05  3.105525E-05
200278  1.798175E-05  2.636645E-05
200279  1.564844E-05  2.112574E-05
200280  1.294326E-05  1.570627E-05
200281  1.011291E-05  1.041512E-05
200282  7.353218E-06  5.489000E-06
200283  4.805951E-06  1.094805E-06
200284  2.560842E-06 -2.666205E-06
200285  6.615854E-07 -5.751459E-06
200286 -8.857008E-07 -8.168306E-06
200287 -2.102896E-06 -9.964165E-06
200288 -3.030279E-06 -1.121626E-05
200289 -8.558427E-06 -1.718256E-05
200290 -8.256821E-06 -1.628787E-05
200291 -7.939092E-06 -1.531513E-05
200292 -7.664416E-06 -1.440716E-05
200293 -7.469687E-06 -1.368623E-05
200294 -7.372033E-06 -1.324893E-05
200295 -7.373822E-06 -1.316159E-05
200296 -7.469017E-06 -1.345592E-05
200297 -7.649147E-06 -1.412502E-05
200298 -7.906982E-06 -1.512012E-05
200299 -8.236288E-06 -1.634901E-05
200300 -8.626999E-06 -1.767709E-05
200301 -9.056554E-06 -1.893209E-05
200302 -9.479675E-06 -1.991305E-05
200303 -9.819983E-06 -2.040348E-05
200304 -9.967153E-06 -2.018784E-05
200305 -9.782515E-06 -1.907012E-05
200306 -9.114273E-06 -1.689302E-05
200307 -7.821290E-06 -1.355628E-05
200308 -5.802173E-06 -9.033241E-06
200309 -3.024912E-06 -3.385022E-06
200310  4.482500E-07  3.228064E-06
200311  4.445472E-06  1.053834E-05
200312  8.682832E-06  1.816651E-05
200313  1.277616E-05  2.562271E-05
200314  1.626649E-05  3.231460E-05
200315  1.865683E-05  3.756491E-05
200316  1.945631E-05  4.064085E-05
200317  1.822716E-05  4.079710E-05
200318  1.462962E-05  3.733338E-05
200319  8.459993E-06  2.966464E-05
200320 -3.220191E-07  1.739989E-05
200321 -1.157929E-05  4.217426E-07
200322 -2.499772E-05 -2.104371E-05
200323 -4.010055E-05 -4.637926E-05
200324 -5.627444E-05 -7.456344E-05
200325 -7.280452E-05 -1.042019E-04
200326 -8.891518E-05 -1.336077E-04
200327 -1.038140E-04 -1.609285E-04
200328 -1.167364E-04 -1.843097E-04
200329 -1.269907E-04 -2.020753E-04
200330 -1.340006E-04 -2.129035E-04
200331 -1.373453E-04 -2.159726E-04
200332 -1.367933E-04 -2.110548E-04
200333 -1.323274E-04 -1.985434E-04
200334 -1.241564E-04 -1.794095E-04
200335 -1.127090E-04 -1.550932E-04
200336 -9.861022E-05 -1.273472E-04
200337 -8.263768E-05 -9.805323E-05
200338 -6.566397E-05 -6.903959E-05
200339 -4.858883E-05 -4.192106E-05
200340 -3.226972E-05 -1.798023E-05
200341 -1.745803E-05  1.900283E-06
200342 -4.747524E-06  1.725384E-05
200343  5.460120E-06  2.800036E-05
200344  1.297047E-05  3.438371E-05
200345  1.779196E-05  3.688999E-05
200346  2.011380E-05  3.616086E-05
200347  2.026960E-05  3.291276E-05
200348  1.869147E-05  2.786943E-05
200349  1.586003E-05  2.171089E-05
200350  1.225635E-05  1.503893E-05
200351  8.320899E-06  8.357031E-06
200352  4.423312E-06  2.061789E-06
200353  8.449639E-07 -3.557079E-06
200354 -2.226118E-06 -8.310694E-06
200355 -4.690008E-06 -1.210089E-05
200356 -6.522397E-06 -1.490755E-05
200357 -7.758204E-06 -1.677465E-05
200358 -8.474056E-06 -1.779589E-05
200359 -8.771636E-06 -1.810081E-05
200360 -8.763008E-06 -1.784181E-05
200361 -7.835009E-06 -1.423060E-05
200362 -6.737905E-06 -1.222955E-05
200363 -5.807529E-06 -1.032200E-05
200364 -5.101793E-06 -8.645126E-06
200365 -4.642625E-06 -7.316860E-06
200366 -4.420331E-06 -6.434589E-06
200367 -4.403397E-06 -6.073283E-06
200368 -4.552557E-06 -6.282129E-06
200369 -4.836119E-06 -7.079029E-06
200370 -5.242144E-06 -8.443275E-06
200371 -5.782849E-06 -1.030787E-05
200372 -6.487989E-06 -1.255391E-05
200373 -7.387016E-06 -1.500959E-05
200374 -8.483620E-06 -1.745585E-05
200375 -9.729670E-06 -1.963902E-05
200376 -1.100705E-05 -2.128912E-05
200377 -1.212487E-05 -2.214155E-05
200378 -1.283583E-05 -2.195899E-05
200379 -1.287100E-05 -2.055167E-05
200380 -1.198704E-05 -1.779487E-05
200381 -1.001734E-05 -1.364391E-05
200382 -6.917046E-06 -8.147583E-06
200383 -2.793722E-06 -1.461087E-06
200384  2.081906E-06  6.141362E-06
200385  7.287086E-06  1.425493E-05
200386  1.227856E-05  2.233604E-05
200387  1.644047E-05  2.970156E-05
200388  1.914309E-05  3.554066E-05
200389  1.980575E-05  3.894535E-05
200390  1.795741E-05  3.896484E-05
200391  1.328800E-05  3.468676E-05
200392  5.684985E-06  2.534340E-05
200393 -4.749090E-06  1.043523E-05
200394 -1.769933E-05 -1.014306E-05
200395 -3.266004E-05 -3.599459E-05
200396 -4.897056E-05 -6.615405E-05
200397 -6.585969E-05 -9.908527E-05
200398 -8.249270E-05 -1.327579E-04
200399 -9.801708E-05 -1.648059E-04
200400 -1.116056E-04 -1.927572E-04
200401 -1.224981E-04 -2.143051E-04
200402 -1.300432E-04 -2.275848E-04
200403 -1.337430E-04 -2.314110E-04
200404 -1.332967E-04 -2.254343E-04
200405 -1.286408E-04 -2.101923E-04
200406 -1.199754E-04 -1.870421E-04
200407 -1.077702E-04 -1.579876E-04
200408 -9.274206E-05 -1.254295E-04
200409 -7.580355E-05 -9.187889E-05
200410 -5.798649E-05 -5.968092E-05
200411 -4.035009E-05 -3.078618E-05
200412 -2.388663E-05 -6.599491E-06
200413 -9.437449E-06  1.208304E-05
200414  2.371104E-06  2.505244E-05
200415  1.116581E-05  3.259847E-05
200416  1.683772E-05  3.537996E-05
200417  1.952719E-05  3.428141E-05
200418  1.958715E-05  3.027901E-05
200419  1.752836E-05  2.433263E-05
200420  1.395362E-05  1.731040E-05
200421  9.488235E-06  9.945216E-06
200422  4.715872E-06  2.817253E-06
200423  1.277981E-07 -3.645467E-06
200424 -3.908587E-06 -9.155512E-06
200425 -7.160250E-06 -1.354884E-05
200426 -9.520542E-06 -1.676522E-05
200427 -1.098838E-05 -1.882801E-05
200428 -1.164136E-05 -1.982454E-05
200429 -1.160870E-05 -1.988780E-05
200430 -1.104782E-05 -1.918026E-05
200431 -1.012585E-05 -1.788016E-05
200432 -9.005648E-06 -1.617053E-05
200433 -3.488447E-06 -6.780208E-06
200434 -1.950295E-06 -4.459883E-06
200435 -7.353255E-07 -2.338796E-06
200436  1.060688E-07 -5.004832E-07
200437  5.713398E-07  9.823222E-07
200438  7.048739E-07  2.043606E-06
200439  5.866452E-07  2.620692E-06
200440  3.102516E-07  2.653934E-06
200441 -4.589968E-08  2.091781E-06
200442 -4.466007E-07  9.020388E-07
200443 -9.171864E-07 -9.123774E-07
200444 -1.541438E-06 -3.297458E-06
200445 -2.436268E-06 -6.137324E-06
200446 -3.707190E-06 -9.253141E-06
200447 -5.396338E-06 -1.241327E-05
200448 -7.439148E-06 -1.535258E-05
200449 -9.644692E-06 -1.779620E-05
200450 -1.170819E-05 -1.948244E-05
200451 -1.325507E-05 -2.018110E-05
200452 -1.390717E-05 -1.970643E-05
200453 -1.335660E-05 -1.792626E-05
200454 -1.143154E-05 -1.477054E-05
200455 -8.141636E-06 -1.024249E-05
200456 -3.695929E-06 -4.434789E-06
200457  1.507740E-06  2.448473E-06
200458  6.918283E-06  1.006542E-05
200459  1.188577E-05  1.790974E-05
200460  1.572783E-05  2.529114E-05
200461  1.780129E-05  3.133331E-05
200462  1.757188E-05  3.500121E-05
200463  1.467440E-05  3.516833E-05
200464  8.955499E-06  3.072941E-05
200465  4.923746E-07  2.075502E-05
200466 -1.041523E-05  4.672703E-06
200467 -2.327742E-05 -1.755286E-05
200468 -3.746313E-05 -4.527704E-05
200469 -5.225463E-05 -7.710830E-05
200470 -6.689720E-05 -1.109488E-04
200471 -8.063715E-05 -1.441575E-04
200472 -9.274823E-05 -1.738273E-04
200473 -1.025522E-04 -1.971422E-04
200474 -1.094427E-04 -2.117587E-04
200475 -1.129204E-04 -2.161445E-04
200476 -1.126419E-04 -2.098116E-04
200477 -1.084752E-04 -1.933966E-04
200478 -1.005505E-04 -1.685731E-04
200479 -8.928746E-05 -1.378098E-04
200480 -7.538583E-05 -1.040217E-04
200481 -5.977287E-05 -7.017662E-05
200482 -4.351307E-05 -3.892732E-05
200483 -2.769516E-05 -1.232528E-05
200484 -1.331757E-05  8.344136E-06
200485 -1.191646E-06  2.259495E-05
200486  8.124511E-06  3.065582E-05
200487  1.435754E-05  3.330100E-05
200488  1.751849E-05  3.164060E-05
200489  1.787627E-05  2.691372E-05
200490  1.590969E-05  2.031806E-05
200491  1.224210E-05  1.289446E-05
200492  7.563502E-06  5.468480E-06
200493  2.548328E-06 -1.361216E-06
200494 -2.218951E-06 -7.204124E-06
200495 -6.297758E-06 -1.184462E-05
200496 -9.416107E-06 -1.520546E-05
200497 -1.146493E-05 -1.731371E-05
200498 -1.246879E-05 -1.827084E-05
200499 -1.254481E-05 -1.822672E-05
200500 -1.186187E-05 -1.735746E-05
200501 -1.060867E-05 -1.584750E-05
200502 -8.973676E-06 -1.387656E-05
200503 -7.135358E-06 -1.161147E-05
200504 -5.258010E-06 -9.202091E-06
200505  1.418433E-06  1.043042E-06
200506  2.956962E-06  2.818930E-06
200507  4.109595E-06  4.392741E-06
200508  4.818447E-06  5.758690E-06
200509  5.081763E-06  6.911374E-06
200510  4.964145E-06  7.837336E-06
200511  4.590258E-06  8.505102E-06
200512  4.118566E-06  8.857820E-06
200513  3.697857E-06  8.814019E-06
200514  3.416920E-06  8.280198E-06
200515  3.263950E-06  7.174452E-06
200516  3.113563E-06  5.454954E-06
200517  2.752822E-06  3.143776E-06
200518  1.944308E-06  3.373703E-07
200519  5.091740E-07 -2.800026E-06
200520 -1.596570E-06 -6.057094E-06
200521 -4.238529E-06 -9.202130E-06
200522 -7.108241E-06 -1.200664E-05
200523 -9.774628E-06 -1.425982E-05
200524 -1.176790E-05 -1.577324E-05
200525 -1.267365E-05 -1.637914E-05
200526 -1.221508E-05 -1.592816E-05
200527 -1.030736E-05 -1.429180E-05
200528 -7.077319E-06 -1.137412E-05
200529 -2.850635E-06 -7.135937E-06
200530  1.885958E-06 -1.632779E-06
200531  6.538527E-06  4.935073E-06
200532  1.046938E-05  1.216766E-05
200533  1.306591E-05  1.941870E-05
200534  1.381073E-05  2.577590E-05
200535  1.234586E-05  3.008822E-05
200536  8.520572E-06  3.105683E-05
200537  2.411540E-06  2.739520E-05
200538 -5.691234E-06  1.804758E-05
200539 -1.533064E-05  2.435757E-06
200540 -2.594907E-05 -1.931330E-05
200541 -3.695706E-05 -4.621483E-05
200542 -4.778582E-05 -7.640048E-05
200543 -5.791206E-05 -1.072519E-04
200544 -6.685562E-05 -1.356947E-04
200545 -7.416204E-05 -1.586164E-04
200546 -7.938986E-05 -1.733381E-04
200547 -8.212147E-05 -1.780504E-04
200548 -8.200686E-05 -1.721228E-04
200549 -7.883536E-05 -1.562212E-04
200550 -7.261537E-05 -1.322052E-04
200551 -6.363418E-05 -1.028270E-04
200552 -5.247188E-05 -7.129343E-05
200553 -3.995589E-05 -4.078028E-05
200554 -2.706151E-05 -1.399027E-05
200555 -1.478154E-05  7.168042E-06
200556 -3.997182E-06  2.173628E-05
200557  4.621160E-06  2.968924E-05
200558  1.066828E-05  3.177181E-05
200559  1.401557E-05  2.924218E-05
200560  1.479195E-05  2.358494E-05
200561  1.334732E-05  1.625399E-05
200562  1.020422E-05  8.487368E-06
200563  5.996168E-06  1.211066E-06
200564  1.390770E-06 -4.976340E-06
200565 -2.996239E-06 -9.763533E-06
200566 -6.680015E-06 -1.306083E-05
200567 -9.358467E-06 -1.493308E-05
200568 -1.092317E-05 -1.554369E-05
200569 -1.142950E-05 -1.511193E-05
200570 -1.104013E-05 -1.388022E-05
200571 -9.963035E-06 -1.208813E-05
200572 -8.402734E-06 -9.951846E-06
200573 -6.534495E-06 -7.650453E-06
200574 -4.500843E-06 -5.320280E-06
200575 -2.422304E-06 -3.056994E-06
200576 -4.115359E-07 -9.230623E-07
200577  4.493821E-06  6.421854E-06
200578  5.732780E-06  7.092888E-06
200579  6.635192E-06  7.650219E-06
200580  7.108205E-06  8.157046E-06
200581  7.118637E-06  8.670440E-06
200582  6.720425E-06  9.232493E-06
200583  6.060769E-06  9.854160E-06
200584  5.356682E-06  1.049777E-05
200585  4.840741E-06  1.106835E-05
200586  4.686232E-06  1.142257E-05
200587  4.934555E-06  1.139734E-05
200588  5.454859E-06  1.085052E-05
200589  5.960122E-06  9.699409E-06
200590  6.083837E-06  7.942513E-06
200591  5.495304E-06  5.657291E-06
200592  4.013140E-06  2.977344E-06
200593  1.676364E-06  6.134306E-08
200594 -1.250044E-06 -2.932303E-06
200595 -4.333144E-06 -5.856214E-06
200596 -7.071241E-06 -8.569834E-06
200597 -9.003096E-06 -1.092607E-05
200598 -9.798653E-06 -1.275641E-05
200599 -9.313217E-06 -1.386085E-05
200600 -7.600719E-06 -1.400807E-05
200601 -4.893947E-06 -1.295123E-05
200602 -1.565894E-06 -1.046548E-05
200603  1.915646E-06 -6.410221E-06
200604  5.036007E-06 -8.124639E-07
200605  7.286957E-06  6.042438E-06
200606  8.228472E-06  1.353599E-05
200607  7.554507E-06  2.068716E-05
200608  5.148421E-06  2.619690E-05
200609  1.109050E-06  2.858470E-05
200610 -4.266471E-06  2.641598E-05
200611 -1.054348E-05  1.859285E-05
200612 -1.723838E-05  4.655340E-06
200613 -2.390760E-05 -1.497746E-05
200614 -3.020818E-05 -3.889774E-05
200615 -3.591067E-05 -6.478368E-05
200616 -4.086352E-05 -8.967402E-05
200617 -4.492763E-05 -1.104102E-04
200618 -4.791335E-05 -1.241675E-04
200619 -4.955304E-05 -1.289663E-04
200620 -4.952973E-05 -1.240488E-04
200621 -4.755977E-05 -1.100339E-04
200622 -4.350404E-05 -8.881189E-05
200623 -3.746680E-05 -6.320239E-05
200624 -2.984132E-05 -3.645297E-05
200625 -2.127832E-05 -1.168942E-05
200626 -1.258134E-05  8.569268E-06
200627 -4.561473E-06  2.274147E-05
200628  2.101865E-06  3.031063E-05
200629  6.953143E-06  3.174881E-05
200630  9.789575E-06  2.827641E-05
200631  1.063896E-05  2.152808E-05
200632  9.715497E-06  1.320638E-05
200633  7.378226E-06  4.797451E-06
200634  4.097058E-06 -2.603382E-06
200635  4.127466E-07 -8.344315E-06
200636 -3.124977E-06 -1.217137E-05
200637 -6.040528E-06 -1.412824E-05
200638 -8.014270E-06 -1.444641E-05
200639 -8.930475E-06 -1.345507E-05
200640 -8.869760E-06 -1.151924E-05
200641 -8.049111E-06 -9.000180E-06
200642 -6.735477E-06 -6.227174E-06
200643 -5.166859E-06 -3.474590E-06
200644 -3.506059E-06 -9.442887E-07
200645 -1.834621E-06  1.242530E-06
200646 -1.782190E-07  3.040863E-06
200647  1.453931E-06  4.465742E-06
200648  3.033477E-06  5.569779E-06
200649  4.875530E-06  8.389354E-06
200650  5.735416E-06  7.840269E-06
200651  6.391336E-06  7.317654E-06
200652  6.692860E-06  6.919310E-06
200653  6.547315E-06  6.737818E-06
200654  5.965303E-06  6.856819E-06
200655  5.084289E-06  7.330860E-06
200656  4.156879E-06  8.156144E-06
200657  3.495073E-06  9.247776E-06
200658  3.375275E-06  1.043924E-05
200659  3.929806E-06  1.151073E-05
200660  5.068376E-06  1.223895E-05
200661  6.472047E-06  1.244949E-05
200662  7.675556E-06  1.205079E-05
200663  8.212575E-06  1.103733E-05
200664  7.767039E-06  9.465214E-06
200665  6.271675E-06  7.416098E-06
200666  3.921894E-06  4.969094E-06
200667  1.110541E-06  2.192206E-06
200668 -1.683961E-06 -8.469031E-07
200669 -4.015428E-06 -4.059060E-06
200670 -5.560221E-06 -7.309234E-06
200671 -6.161776E-06 -1.039472E-05
200672 -5.829136E-06 -1.302989E-05
200673 -4.705293E-06 -1.484501E-05
200674 -3.028340E-06 -1.541076E-05
200675 -1.101870E-06 -1.429877E-05
200676  7.255734E-07 -1.117983E-05
200677  2.086693E-06 -5.947724E-06
200678  2.642439E-06  1.157036E-06
200679  2.149929E-06  9.459220E-06
200680  5.315878E-07  1.783504E-05
200681 -2.085007E-06  2.480308E-05
200682 -5.381206E-06  2.873089E-05
200683 -8.920232E-06  2.813784E-05
200684 -1.225982E-05  2.204205E-05
200685 -1.506751E-05  1.027321E-05
200686 -1.719738E-05 -6.335297E-06
200687 -1.869881E-05 -2.594599E-05
200688 -1.975246E-05 -4.594128E-05
200689 -2.055680E-05 -6.334968E-05
200690 -2.120969E-05 -7.539558E-05
200691 -2.163408E-05 -8.005245E-05
200692 -2.158147E-05 -7.646733E-05
200693 -2.071773E-05 -6.515001E-05
200694 -1.876187E-05 -4.787710E-05
200695 -1.562506E-05 -2.733437E-05
200696 -1.149252E-05 -6.586120E-06
200697 -6.811075E-06  1.150151E-05
200698 -2.182841E-06  2.475514E-05
200699  1.794047E-06  3.200971E-05
200700  4.673034E-06  3.319759E-05
200701  6.239023E-06  2.921726E-05
200702  6.501816E-06  2.163250E-05
200703  5.629966E-06  1.228489E-05
200704  3.877103E-06  2.914569E-06
200705  1.541551E-06 -5.126118E-06
200706 -1.038283E-06 -1.101488E-05
200707 -3.485748E-06 -1.445410E-05
200708 -5.422563E-06 -1.555879E-05
200709 -6.547552E-06 -1.470218E-05
200710 -6.724312E-06 -1.237632E-05
200711 -6.026628E-06 -9.097192E-06
200712 -4.709528E-06 -5.352924E-06
200713 -3.115322E-06 -1.576414E-06
200714 -1.558010E-06  1.875612E-06
200715 -2.355516E-07  4.743669E-06
200716  8.008440E-07  6.881954E-06
200717  1.620584E-06  8.261181E-06
200718  2.352265E-06  8.952372E-06
200719  3.115056E-06  9.094091E-06
200720  3.965924E-06  8.852851E-06
200721  3.069255E-06  7.407440E-06
200722  3.637350E-06  5.889546E-06
200723  4.164874E-06  4.547306E-06
200724  4.439517E-06  3.469453E-06
200725  4.299355E-06  2.747715E-06
200726  3.690904E-06  2.483355E-06
200727  2.710709E-06  2.766315E-06
200728  1.613539E-06  3.634884E-06
200729  7.680297E-07  5.036808E-06
200730  5.524326E-07  6.814752E-06
200731  1.212816E-06  8.728353E-06
200732  2.739631E-06  1.050715E-05
200733  4.828460E-06  1.191303E-05
200734  6.958932E-06  1.278560E-05
200735  8.565483E-06  1.305278E-05
200736  9.224231E-06  1.270722E-05
200737  8.775713E-06  1.176696E-05
200738  7.343032E-06  1.024420E-05
200739  5.257535E-06  8.137018E-06
200740  2.937092E-06  5.442641E-06
200741  7.662498E-07  2.181954E-06
200742 -9.859496E-07 -1.572949E-06
200743 -2.193847E-06 -5.669266E-06
200744 -2.853158E-06 -9.842660E-06
200745 -3.033640E-06 -1.369426E-05
200746 -2.840209E-06 -1.669403E-05
200747 -2.404684E-06 -1.822889E-05
200748 -1.901834E-06 -1.770253E-05
200749 -1.558704E-06 -1.467635E-05
200750 -1.625666E-06 -9.025537E-06
200751 -2.303200E-06 -1.072817E-06
200752 -3.651549E-06  8.343163E-06
200753 -5.528371E-06  1.790432E-05
200754 -7.592074E-06  2.597697E-05
200755 -9.381658E-06  3.089495E-05
200756 -1.045164E-05  3.131631E-05
200757 -1.051645E-05  2.657619E-05
200758 -9.551155E-06  1.694240E-05
200759 -7.807578E-06  3.690418E-06
200760 -5.734266E-06 -1.105065E-05
200761 -3.824907E-06 -2.467321E-05
200762 -2.449209E-06 -3.461758E-05
200763 -1.729818E-06 -3.892881E-05
200764 -1.513514E-06 -3.670326E-05
200765 -1.449838E-06 -2.830453E-05
200766 -1.148328E-06 -1.528811E-05
200767 -3.525504E-07 -5.429675E-08
200768  9.413447E-07  1.467655E-05
200769  2.474289E-06  2.643061E-05
200770  3.829112E-06  3.345420E-05
200771  4.602941E-06  3.499704E-05
200772  4.564510E-06  3.136251E-05
200773  3.721600E-06  2.373706E-05
200774  2.275495E-06  1.385529E-05
200775  5.055383E-07  3.588989E-06
200776 -1.336129E-06 -5.437945E-06
200777 -3.058727E-06 -1.211710E-05
200778 -4.496983E-06 -1.595329E-05
200779 -5.463951E-06 -1.699817E-05
200780 -5.758257E-06 -1.567945E-05
200781 -5.242089E-06 -1.260878E-05
200782 -3.940905E-06 -8.434200E-06
200783 -2.088787E-06 -3.759713E-06
200784 -7.582721E-08  8.850824E-07
200785  1.681928E-06  5.057481E-06
200786  2.883273E-06  8.418522E-06
200787  3.427449E-06  1.075634E-05
200788  3.416385E-06  1.200385E-05
200789  3.088270E-06  1.223635E-05
200790  2.720441E-06  1.164254E-05
200791  2.539164E-06  1.047420E-05
200792  2.660293E-06  8.989377E-06
200793  2.484962E-07  4.601929E-06
200794  6.713391E-07  2.548756E-06
200795  1.198410E-06  7.982901E-07
200796  1.572215E-06 -6.067769E-07
200797  1.573710E-06 -1.607999E-06
200798  1.082754E-06 -2.111602E-06
200799  1.336349E-07 -2.006896E-06
200800 -1.051541E-06 -1.214611E-06
200801 -2.082537E-06  2.599138E-07
200802 -2.499775E-06  2.297135E-06
200803 -1.941119E-06  4.674020E-06
200804 -3.116281E-07  7.112196E-06
200805  2.136072E-06  9.343161E-06
200806  4.869070E-06  1.116230E-05
200807  7.264945E-06  1.244921E-05
200808  8.829989E-06  1.314995E-05
200809  9.340994E-06  1.323830E-05
200810  8.862485E-06  1.268248E-05
200811  7.661464E-06  1.143487E-05
200812  6.078855E-06  9.443237E-06
200813  4.413455E-06  6.671330E-06
200814  2.853024E-06  3.122961E-06
200815  1.466164E-06 -1.125738E-06
200816  2.469486E-07 -5.881646E-06
200817 -8.202697E-07 -1.078899E-05
200818 -1.721795E-06 -1.530952E-05
200819 -2.430732E-06 -1.875479E-05
200820 -2.965141E-06 -2.037974E-05
200821 -3.437398E-06 -1.952611E-05
200822 -4.043691E-06 -1.578972E-05
200823 -4.981560E-06 -9.177543E-06
200824 -6.332066E-06 -2.137553E-07
200825 -7.968159E-06  1.004739E-05
200826 -9.540268E-06  2.013311E-05
200827 -1.055577E-05  2.839111E-05
200828 -1.053008E-05  3.332168E-05
200829 -9.157994E-06  3.393300E-05
200830 -6.442960E-06  3.002965E-05
200831 -2.732186E-06  2.234697E-05
200832  1.362979E-06  1.247232E-05
200833  5.139872E-06  2.545130E-06
200834  8.011606E-06 -5.210129E-06
200835  9.673679E-06 -9.007925E-06
200836  1.016863E-05 -7.943299E-06
200837  9.824923E-06 -2.224389E-06
200838  9.094133E-06  6.874686E-06
200839  8.351868E-06  1.732777E-05
200840  7.746297E-06  2.684507E-05
200841  7.163008E-06  3.339886E-05
200842  6.324495E-06  3.565324E-05
200843  4.974590E-06  3.320638E-05
200844  3.048242E-06  2.660981E-05
200845  7.309886E-07  1.718014E-05
200846 -1.622678E-06  6.658672E-06
200847 -3.653704E-06 -3.195074E-06
200848 -5.135430E-06 -1.097251E-05
200849 -5.999336E-06 -1.585221E-05
200850 -6.254362E-06 -1.765037E-05
200851 -5.887632E-06 -1.670048E-05
200852 -4.844183E-06 -1.364008E-05
200853 -3.110475E-06 -9.203217E-06
200854 -8.320769E-07 -4.086338E-06
200855  1.639712E-06  1.103599E-06
200856  3.826362E-06  5.854914E-06
200857  5.288244E-06  9.753925E-06
200858  5.783881E-06  1.250471E-05
200859  5.341605E-06  1.395880E-05
200860  4.223240E-06  1.413423E-05
200861  2.815368E-06  1.320661E-05
200862  1.503940E-06  1.146682E-05
200863  5.756112E-07  9.254346E-06
200864  1.651251E-07  6.885867E-06
200865 -2.433698E-06  1.125948E-06
200866 -2.039145E-06 -1.023155E-06
200867 -1.444308E-06 -2.780275E-06
200868 -9.210077E-07 -4.169546E-06
200869 -7.175273E-07 -5.185622E-06
200870 -1.007139E-06 -5.761680E-06
200871 -1.825660E-06 -5.783503E-06
200872 -3.011494E-06 -5.141184E-06
200873 -4.190387E-06 -3.790764E-06
200874 -4.854162E-06 -1.795455E-06
200875 -4.540861E-06  6.711502E-07
200876 -3.046998E-06  3.359762E-06
200877 -5.522151E-07  6.003329E-06
200878  2.430382E-06  8.374543E-06
200879  5.259217E-06  1.031822E-05
200880  7.408178E-06  1.174627E-05
200881  8.621478E-06  1.260541E-05
200882  8.925271E-06  1.284361E-05
200883  8.530661E-06  1.239566E-05
200884  7.701745E-06  1.118745E-05
200885  6.647952E-06  9.147307E-06
200886  5.470693E-06  6.221387E-06
200887  4.174347E-06  2.405335E-06
200888  2.732059E-06 -2.198935E-06
200889  1.167656E-06 -7.316663E-06
200890 -4.047653E-07 -1.246080E-05
200891 -1.821952E-06 -1.695249E-05
200892 -2.973276E-06 -2.000830E-05
200893 -3.890945E-06 -2.087629E-05
200894 -4.756628E-06 -1.899470E-05
200895 -5.806867E-06 -1.414672E-05
200896 -7.184761E-06 -6.580466E-06
200897 -8.815893E-06  2.944297E-06
200898 -1.037117E-05  1.321753E-05
200899 -1.133783E-05  2.276119E-05
200900 -1.117700E-05  3.011007E-05
200901 -9.514937E-06  3.413484E-05
200902 -6.300674E-06  3.432903E-05
200903 -1.869039E-06  3.097862E-05
200904  3.122092E-06  2.515125E-05
200905  7.866041E-06  1.848289E-05
200906  1.163476E-05  1.279541E-05
200907  1.397843E-05  9.635365E-06
200908  1.482536E-05  9.861638E-06
200909  1.444704E-05  1.340781E-05
200910  1.330355E-05  1.929744E-05
200911  1.183225E-05  2.590888E-05
200912  1.027022E-05  3.140476E-05
200913  8.594076E-06  3.419511E-05
200914  6.610533E-06  3.330940E-05
200915  4.150765E-06  2.859683E-05
200916  1.255415E-06  2.072719E-05
200917 -1.767095E-06  1.100728E-05
200918 -4.450709E-06  1.059876E-06
200919 -6.379996E-06 -7.557171E-06
200920 -7.357332E-06 -1.369083E-05
200921 -7.421600E-06 -1.679344E-05
200922 -6.725744E-06 -1.693048E-05
200923 -5.389844E-06 -1.461959E-05
200924 -3.458975E-06 -1.059492E-05
200925 -9.975730E-07 -5.606404E-06
200926  1.772324E-06 -3.162956E-07
200927  4.424140E-06  4.718408E-06
200928  6.432539E-06  9.032810E-06
200929  7.372782E-06  1.225766E-05
200930  7.089853E-06  1.414965E-05
200931  5.745931E-06  1.462834E-05
200932  3.740391E-06  1.379335E-05
200933  1.562801E-06  1.190583E-05
200934 -3.489632E-07  9.333349E-06
200935 -1.701419E-06  6.470594E-06
200936 -2.379500E-06  3.658320E-06
200937 -4.223943E-06 -2.172665E-06
200938 -3.809983E-06 -4.080624E-06
200939 -3.156328E-06 -5.548263E-06
200940 -2.514707E-06 -6.669434E-06
200941 -2.129524E-06 -7.496763E-06
200942 -2.204694E-06 -8.000985E-06
200943 -2.841670E-06 -8.080671E-06
200944 -3.955099E-06 -7.612174E-06
200945 -5.217697E-06 -6.511065E-06
200946 -6.108313E-06 -4.777655E-06
200947 -6.093666E-06 -2.513680E-06
200948 -4.874953E-06  9.087381E-08
200949 -2.554440E-06  2.796975E-06
200950  3.938335E-07  5.370589E-06
200951  3.337353E-06  7.628878E-06
200952  5.747693E-06  9.455373E-06
200953  7.362285E-06  1.078114E-05
200954  8.187353E-06  1.155312E-05
200955  8.390240E-06  1.171292E-05
200956  8.167783E-06  1.119001E-05
200957  7.650192E-06  9.899587E-06
200958  6.863167E-06  7.746964E-06
200959  5.754744E-06  4.657782E-06
200960  4.278310E-06  6.464125E-07
200961  2.489447E-06 -4.099416E-06
200962  5.862826E-07 -9.166671E-06
200963 -1.154841E-06 -1.393525E-05
200964 -2.522626E-06 -1.766482E-05
200965 -3.499758E-06 -1.962000E-05
200966 -4.285031E-06 -1.920517E-05
200967 -5.186285E-06 -1.609381E-05
200968 -6.442617E-06 -1.033754E-05
200969 -8.068526E-06 -2.426634E-06
200970 -9.791238E-06  6.731983E-06
200971 -1.110534E-05  1.593829E-05
200972 -1.142531E-05  2.391314E-05
200973 -1.028608E-05  2.956229E-05
200974 -7.524450E-06  3.223056E-05
200975 -3.374689E-06  3.187910E-05
200976  1.563787E-06  2.912706E-05
200977  6.483045E-06  2.512465E-05
200978  1.059531E-05  2.126885E-05
200979  1.335198E-05  1.882587E-05
200980  1.457448E-05  1.856760E-05
200981  1.445102E-05  2.054060E-05
200982  1.340262E-05  2.404992E-05
200983  1.187260E-05  2.786583E-05
200984  1.013164E-05  3.058023E-05
200985  8.194771E-06  3.099426E-05
200986  5.900327E-06  2.842659E-05
200987  3.111798E-06  2.287615E-05
200988 -8.054085E-08  1.501882E-05
200989 -3.295869E-06  6.047782E-06
200990 -5.991930E-06 -2.609853E-06
200991 -7.709038E-06 -9.635742E-06
200992 -8.264918E-06 -1.412582E-05
200993 -7.770809E-06 -1.575725E-05
200994 -6.476616E-06 -1.476246E-05
200995 -4.586369E-06 -1.174313E-05
200996 -2.200875E-06 -7.431732E-06
200997  5.755093E-07 -2.516278E-06
200998  3.478531E-06  2.422528E-06
200999  6.039578E-06  6.896935E-06
201000  7.717846E-06  1.049195E-05
201001  8.126698E-06  1.288221E-05
201002  7.203672E-06  1.387801E-05
201003  5.227488E-06  1.346645E-05
201004  2.695292E-06  1.182040E-05
201005  1.458825E-07  9.266887E-06
201006 -1.986137E-06  6.220913E-06
201007 -3.445387E-06  3.099234E-06
201008 -4.163506E-06  2.362423E-07
201009 -4.825168E-06 -4.819618E-06
201010 -4.410422E-06 -6.285557E-06
201011 -3.764815E-06 -7.299465E-06
201012 -3.090912E-06 -8.013770E-06
201013 -2.600307E-06 -8.531666E-06
201014 -2.503925E-06 -8.863592E-06
201015 -2.955992E-06 -8.934075E-06
201016 -3.949752E-06 -8.625211E-06
201017 -5.223561E-06 -7.828289E-06
201018 -6.274107E-06 -6.484214E-06
201019 -6.530502E-06 -4.610882E-06
201020 -5.624101E-06 -2.317691E-06
201021 -3.589106E-06  2.040606E-07
201022 -8.527692E-07  2.724235E-06
201023  1.980170E-06  5.034512E-06
201024  4.399966E-06  6.990559E-06
201025  6.154405E-06  8.513408E-06
201026  7.242100E-06  9.561827E-06
201027  7.797269E-06  1.010210E-05
201028  7.962287E-06  1.008605E-05
201029  7.804816E-06  9.433169E-06
201030  7.293751E-06  8.023984E-06
201031  6.337537E-06  5.730514E-06
201032  4.879148E-06  2.497093E-06
201033  3.004261E-06 -1.559999E-06
201034  9.823595E-07 -6.096511E-06
201035 -8.171726E-07 -1.056790E-05
201036 -2.104450E-06 -1.432523E-05
201037 -2.832617E-06 -1.673069E-05
201038 -3.234703E-06 -1.725927E-05
201039 -3.706957E-06 -1.558485E-05
201040 -4.606340E-06 -1.165683E-05
201041 -6.066305E-06 -5.754135E-06
201042 -7.907523E-06  1.512395E-06
201043 -9.669141E-06  9.270706E-06
201044 -1.074479E-05  1.652904E-05
201045 -1.058039E-05  2.236404E-05
201046 -8.871650E-06  2.611739E-05
201047 -5.692360E-06  2.755532E-05
201048 -1.501579E-06  2.694293E-05
201049  2.979551E-06  2.499516E-05
201050  6.979801E-06  2.269408E-05
201051  9.901711E-06  2.100695E-05
201052  1.147636E-05  2.058614E-05
201053  1.179384E-05  2.155551E-05
201054  1.119861E-05  2.346689E-05
201055  1.009152E-05  2.544532E-05
201056  8.726980E-06  2.646516E-05
201057  7.111669E-06  2.565583E-05
201058  5.071841E-06  2.254574E-05
201059  2.460333E-06  1.719461E-05
201060 -6.256272E-07  1.019954E-05
201061 -3.770835E-06  2.574109E-06
201062 -6.381218E-06 -4.485720E-06
201063 -7.954358E-06 -9.900783E-06
201064 -8.298731E-06 -1.298052E-05
201065 -7.553534E-06 -1.356232E-05
201066 -6.014905E-06 -1.196279E-05
201067 -3.926845E-06 -8.781865E-06
201068 -1.414159E-06 -4.678488E-06
201069  1.401905E-06 -2.334986E-07
201070  4.236435E-06  4.069693E-06
201071  6.602180E-06  7.807363E-06
201072  7.963668E-06  1.060242E-05
201073  7.981140E-06  1.216540E-05
201074  6.673648E-06  1.235790E-05
201075  4.404779E-06  1.123194E-05
201076  1.723865E-06  9.023352E-06
201077 -8.298122E-07  6.104291E-06
201078 -2.866679E-06  2.908779E-06
201079 -4.197556E-06 -1.538867E-07
201080 -4.812721E-06 -2.779413E-06
201081 -4.266181E-06 -6.635456E-06
201082 -3.911508E-06 -7.578512E-06
201083 -3.367049E-06 -8.086902E-06
201084 -2.767185E-06 -8.352504E-06
201085 -2.271298E-06 -8.514510E-06
201086 -2.078008E-06 -8.619422E-06
201087 -2.377382E-06 -8.627019E-06
201088 -3.232006E-06 -8.443340E-06
201089 -4.450806E-06 -7.953748E-06
201090 -5.570275E-06 -7.049377E-06
201091 -6.015499E-06 -5.661457E-06
201092 -5.380443E-06 -3.807164E-06
201093 -3.649820E-06 -1.617666E-06
201094 -1.204527E-06  6.874184E-07
201095  1.390056E-06  2.874445E-06
201096  3.656204E-06  4.769431E-06
201097  5.360990E-06  6.285015E-06
201098  6.500952E-06  7.398968E-06
201099  7.184118E-06  8.113148E-06
201100  7.510522E-06  8.413357E-06
201101  7.503107E-06  8.234490E-06
201102  7.095168E-06  7.444762E-06
201103  6.175732E-06  5.879559E-06
201104  4.690894E-06  3.436035E-06
201105  2.758700E-06  1.846716E-07
201106  7.105697E-07 -3.578602E-06
201107 -1.007051E-06 -7.380379E-06
201108 -2.040335E-06 -1.068434E-05
201109 -2.320804E-06 -1.300129E-05
201110 -2.117599E-06 -1.395386E-05
201111 -1.917300E-06 -1.330796E-05
201112 -2.204292E-06 -1.100067E-05
201113 -3.253076E-06 -7.169773E-06
201114 -5.012137E-06 -2.165001E-06
201115 -7.105975E-06  3.479722E-06
201116 -8.944450E-06  9.116769E-06
201117 -9.906137E-06  1.408865E-05
201118 -9.542338E-06  1.785044E-05
201119 -7.734352E-06  2.009026E-05
201120 -4.744543E-06  2.081656E-05
201121 -1.138104E-06  2.037374E-05
201122  2.396937E-06  1.935722E-05
201123  5.264202E-06  1.843207E-05
201124  7.128700E-06  1.810645E-05
201125  7.979149E-06  1.854574E-05
201126  8.057524E-06  1.950766E-05
201127  7.682302E-06  2.042671E-05
201128  7.047523E-06  2.060684E-05
201129  6.110740E-06  1.944285E-05
201130  4.651656E-06  1.660213E-05
201131  2.483048E-06  1.213469E-05
201132 -3.175982E-07  6.499999E-06
201133 -3.323609E-06  4.955898E-07
201134 -5.901658E-06 -4.921569E-06
201135 -7.500055E-06 -8.889725E-06
201136 -7.888792E-06 -1.088424E-05
201137 -7.189964E-06 -1.083701E-05
201138 -5.700112E-06 -9.076338E-06
201139 -3.670379E-06 -6.135095E-06
201140 -1.232970E-06 -2.553493E-06
201141  1.482393E-06  1.213295E-06
201142  4.180896E-06  4.774215E-06
201143  6.372230E-06  7.752471E-06
201144  7.538497E-06  9.792167E-06
201145  7.384028E-06  1.063017E-05
201146  5.986158E-06  1.017552E-05
201147  3.754480E-06  8.540486E-06
201148  1.247271E-06  6.012521E-06
201149 -1.032415E-06  2.989258E-06
201150 -2.763995E-06 -1.009232E-07
201151 -3.834563E-06 -2.879874E-06
201152 -4.291242E-06 -5.089952E-06
201153 -2.729490E-06 -7.613226E-06
201154 -2.511345E-06 -8.035544E-06
201155 -2.160323E-06 -8.061569E-06
201156 -1.734340E-06 -7.901125E-06
201157 -1.331768E-06 -7.712872E-06
201158 -1.125988E-06 -7.573279E-06
201159 -1.325026E-06 -7.483075E-06
201160 -2.043324E-06 -7.386233E-06
201161 -3.153800E-06 -7.178040E-06
201162 -4.245624E-06 -6.711502E-06
201163 -4.770469E-06 -5.835615E-06
201164 -4.319931E-06 -4.473289E-06
201165 -2.852734E-06 -2.690532E-06
201166 -7.086307E-07 -6.923575E-07
201167  1.593469E-06  1.263358E-06
201168  3.616087E-06  2.972127E-06
201169  5.148822E-06  4.338258E-06
201170  6.186573E-06  5.361437E-06
201171  6.814551E-06  6.084247E-06
201172  7.100263E-06  6.532092E-06
201173  7.037988E-06  6.661305E-06
201174  6.545366E-06  6.336916E-06
201175  5.512059E-06  5.373252E-06
201176  3.902000E-06  3.643074E-06
201177  1.869704E-06  1.197652E-06
201178 -1.988268E-07 -1.691588E-06
201179 -1.792824E-06 -4.609045E-06
201180 -2.502918E-06 -7.135370E-06
201181 -2.236862E-06 -8.957013E-06
201182 -1.289279E-06 -9.894564E-06
201183 -2.266881E-07 -9.874196E-06
201184  3.396845E-07 -8.895431E-06
201185 -2.044406E-08 -7.022002E-06
201186 -1.413392E-06 -4.387824E-06
201187 -3.589558E-06 -1.201553E-06
201188 -6.017813E-06  2.257840E-06
201189 -8.043910E-06  5.658354E-06
201190 -9.090730E-06  8.653362E-06
201191 -8.837961E-06  1.094755E-05
201192 -7.316997E-06  1.237972E-05
201193 -4.885009E-06  1.298857E-05
201194 -2.089292E-06  1.301756E-05
201195  5.244731E-07  1.283460E-05
201196  2.586392E-06  1.278587E-05
201197  3.991141E-06  1.304704E-05
201198  4.862136E-06  1.354424E-05
201199  5.402123E-06  1.397975E-05
201200  5.704101E-06  1.393996E-05
201201  5.638979E-06  1.303150E-05
201202  4.912082E-06  1.100392E-05
201203  3.278154E-06  7.845017E-06
201204  7.828121E-07  3.837496E-06
201205 -2.144524E-06 -4.557684E-07
201206 -4.833272E-06 -4.311613E-06
201207 -6.670599E-06 -7.057385E-06
201208 -7.358685E-06 -8.287091E-06
201209 -6.962022E-06 -7.968626E-06
201210 -5.740321E-06 -6.383528E-06
201211 -3.930564E-06 -3.951585E-06
201212 -1.668017E-06 -1.069843E-06
201213  9.072547E-07  1.934005E-06
201214  3.494158E-06  4.747823E-06
201215  5.609460E-06  7.023988E-06
201216  6.758650E-06  8.413724E-06
201217  6.679195E-06  8.671621E-06
201218  5.476281E-06  7.747927E-06
201219  3.564768E-06  5.806932E-06
201220  1.474774E-06  3.174804E-06
201221 -3.504351E-07  2.570410E-07
201222 -1.666991E-06 -2.543216E-06
201223 -2.433505E-06 -4.896122E-06
201224 -2.742015E-06 -6.600682E-06
