Mesh2HRTF 1.0.0-dev
    1
    1  1225
200000  4.384397E-04  1.429133E-03
200001 -1.133127E-03  1.139672E-03
200002 -1.160464E-03  1.108840E-03
200003 -1.237376E-03  1.012680E-03
200004 -1.347758E-03  8.413251E-04
200005 -1.462826E-03  5.833567E-04
200006 -1.540225E-03  2.336008E-04
200007 -1.526657E-03 -1.964477E-04
200008 -1.366937E-03 -6.679625E-04
200009 -1.021060E-03 -1.108727E-03
200010 -4.871366E-04 -1.418235E-03
200011  1.774226E-04 -1.489358E-03
200012  8.489236E-04 -1.246138E-03
200013  1.356963E-03 -6.872720E-04
200014  1.534351E-03  8.484325E-05
200015  1.284968E-03  8.715099E-04
200016  6.409827E-04  1.431789E-03
200017 -2.235406E-04  1.569995E-03
200018 -1.040369E-03  1.220277E-03
200019 -1.543415E-03  4.853711E-04
200020 -1.572169E-03 -3.949434E-04
200021 -1.133123E-03 -1.134770E-03
200022 -3.904239E-04 -1.510154E-03
200023  4.064148E-04 -1.434497E-03
200024  1.019714E-03 -9.715557E-04
200025  1.300888E-03 -2.897563E-04
200026  1.220067E-03  4.122855E-04
200027  8.475134E-04  9.731410E-04
200028  3.068570E-04  1.305395E-03
200029 -2.744179E-04  1.397968E-03
200030 -7.992088E-04  1.294782E-03
200031 -1.214052E-03  1.065485E-03
200032 -1.505427E-03  7.806316E-04
200033 -1.687209E-03  4.969682E-04
200034 -1.786609E-03  2.526749E-04
200035 -1.832922E-03  6.936021E-05
200036 -1.850374E-03 -4.293423E-05
200037 -1.854457E-03 -8.059036E-05
200038 -1.850454E-03 -4.282401E-05
200039 -1.833082E-03  6.958060E-05
200040 -1.786851E-03  2.530053E-04
200041 -1.687533E-03  4.974081E-04
200042 -1.505833E-03  7.811801E-04
200043 -1.214540E-03  1.066140E-03
200044 -7.997777E-04  1.295542E-03
200045 -2.750648E-04  1.398829E-03
200046  3.061369E-04  1.306352E-03
200047  8.467267E-04  9.741877E-04
200048  1.219222E-03  4.134146E-04
200049  1.299996E-03 -2.885539E-04
200050  1.018786E-03 -9.702900E-04
200051  4.054652E-04 -1.433180E-03
200052 -3.913814E-04 -1.508796E-03
200053 -1.134074E-03 -1.133384E-03
200054 -1.573100E-03 -3.935418E-04
200055 -1.544312E-03  4.867755E-04
200056 -1.041221E-03  1.221672E-03
200057 -2.243375E-04  1.571369E-03
200058  6.402491E-04  1.433130E-03
200059  1.284304E-03  8.728084E-04
200060  1.533758E-03  8.608937E-05
200061  1.356444E-03 -6.860872E-04
200062  8.484758E-04 -1.245022E-03
200063  1.770437E-04 -1.488319E-03
200064 -4.874513E-04 -1.417280E-03
200065 -1.021316E-03 -1.107862E-03
200066 -1.367141E-03 -6.671923E-04
200067 -1.526816E-03 -1.957778E-04
200068 -1.540346E-03  2.341662E-04
200069 -1.462914E-03  5.838138E-04
200070 -1.347819E-03  8.416707E-04
200071 -1.237414E-03  1.012912E-03
200072 -1.160482E-03  1.108956E-03
200073  1.286475E-03  1.039339E-03
200074  1.232449E-03  1.102225E-03
200075  1.052621E-03  1.272414E-03
200076  7.042886E-04  1.486554E-03
200077  1.562194E-04  1.622538E-03
200078 -5.474161E-04  1.506467E-03
200079 -1.218347E-03  9.799918E-04
200080 -1.520927E-03  4.495804E-05
200081 -1.127812E-03 -9.848514E-04
200082 -3.745480E-05 -1.511130E-03
200083  1.177072E-03 -1.027775E-03
200084  1.586211E-03  3.013012E-04
200085  6.995426E-04  1.461565E-03
200086 -8.109529E-04  1.335640E-03
200087 -1.479122E-03 -7.070863E-05
200088 -5.382187E-04 -1.346034E-03
200089  1.040453E-03 -1.073033E-03
200090  1.479918E-03  4.792696E-04
200091  2.610347E-04  1.545636E-03
200092 -1.223486E-03  9.156915E-04
200093 -1.321313E-03 -6.624576E-04
200094 -8.490384E-06 -1.440566E-03
200095  1.241323E-03 -6.718800E-04
200096  1.186536E-03  7.517625E-04
200097 -1.521298E-05  1.455457E-03
200098 -1.251156E-03  9.282459E-04
200099 -1.622438E-03 -2.734409E-04
200100 -1.060405E-03 -1.263880E-03
200101 -9.217289E-05 -1.545512E-03
200102  7.108990E-04 -1.168720E-03
200103  1.070452E-03 -4.754038E-04
200104  1.010650E-03  2.042508E-04
200105  7.046829E-04  6.964989E-04
200106  3.321148E-04  9.769464E-04
200107  1.374596E-05  1.101120E-03
200108 -1.908716E-04  1.140768E-03
200109 -2.605152E-04  1.147887E-03
200110 -1.908195E-04  1.140821E-03
200111  1.383663E-05  1.101231E-03
200112  3.322187E-04  9.771267E-04
200113  7.047660E-04  6.967636E-04
200114  1.010673E-03  2.046167E-04
200115  1.070378E-03 -4.749206E-04
200116  7.106923E-04 -1.168105E-03
200117 -9.253733E-05 -1.544757E-03
200118 -1.060941E-03 -1.262981E-03
200119 -1.623148E-03 -2.724003E-04
200120 -1.252028E-03  9.294185E-04
200121 -1.622357E-05  1.456746E-03
200122  1.185421E-03  7.531476E-04
200123  1.240144E-03 -6.704232E-04
200124 -9.687121E-06 -1.439064E-03
200125 -1.322481E-03 -6.609374E-04
200126 -1.224581E-03  9.172044E-04
200127  2.600543E-04  1.547119E-03
200128  1.479085E-03  4.807030E-04
200129  1.039793E-03 -1.071664E-03
200130 -5.386906E-04 -1.344737E-03
200131 -1.479401E-03 -6.949106E-05
200132 -8.110431E-04  1.336777E-03
200133  6.996266E-04  1.462623E-03
200134  1.586447E-03  3.022838E-04
200135  1.177431E-03 -1.026866E-03
200136 -3.700571E-05 -1.510292E-03
200137 -1.127308E-03 -9.840845E-04
200138 -1.520402E-03  4.565138E-05
200139 -1.217834E-03  9.806069E-04
200140 -5.469443E-04  1.506997E-03
200141  1.566257E-04  1.622976E-03
200142  7.046098E-04  1.486891E-03
200143  1.052843E-03  1.272643E-03
200144  1.232562E-03  1.102341E-03
200145 -1.170021E-03  1.042097E-03
200146 -1.247938E-03  9.491835E-04
200147 -1.434903E-03  6.397510E-04
200148 -1.574684E-03  6.060068E-05
200149 -1.396289E-03 -7.404138E-04
200150 -6.412559E-04 -1.445737E-03
200151  5.891483E-04 -1.461853E-03
200152  1.512278E-03 -3.977010E-04
200153  1.081239E-03  1.106311E-03
200154 -5.888840E-04  1.411645E-03
200155 -1.510556E-03 -1.496075E-04
200156 -1.657547E-04 -1.512278E-03
200157  1.484809E-03 -3.852870E-04
200158  5.198221E-04  1.430292E-03
200159 -1.370056E-03  5.369243E-04
200160 -4.574828E-04 -1.377735E-03
200161  1.452912E-03 -3.959259E-04
200162  3.870726E-04  1.466465E-03
200163 -1.384971E-03  3.042859E-04
200164 -1.300490E-04 -1.374856E-03
200165  1.479561E-03 -7.224261E-05
200166  1.942924E-04  1.494060E-03
200167 -1.366352E-03  2.982855E-04
200168 -3.490103E-04 -1.288858E-03
200169  1.273406E-03 -5.336812E-04
200170  8.705907E-04  1.128786E-03
200171 -7.691067E-04  1.223700E-03
200172 -1.457188E-03 -1.504845E-04
200173 -6.695443E-04 -1.281040E-03
200174  5.319635E-04 -1.236257E-03
200175  1.140111E-03 -3.809347E-04
200176  9.757633E-04  5.240792E-04
200177  3.903961E-04  1.052655E-03
200178 -2.329477E-04  1.192298E-03
200179 -6.958955E-04  1.118264E-03
200180 -9.578448E-04  1.004743E-03
200181 -1.040167E-03  9.560000E-04
200182 -9.574608E-04  1.004638E-03
200183 -6.951696E-04  1.118072E-03
200184 -2.319583E-04  1.192050E-03
200185  3.915447E-04  1.052392E-03
200186  9.769542E-04  5.238474E-04
200187  1.141229E-03 -3.810928E-04
200188  5.329083E-04 -1.236306E-03
200189 -6.688483E-04 -1.280955E-03
200190 -1.456786E-03 -1.502545E-04
200191 -7.690104E-04  1.224073E-03
200192  8.703987E-04  1.129288E-03
200193  1.272969E-03 -5.330759E-04
200194 -3.496319E-04 -1.288181E-03
200195 -1.367086E-03  2.989959E-04
200196  1.935242E-04  1.494765E-03
200197  1.478833E-03 -7.158012E-05
200198 -1.306674E-04 -1.374270E-03
200199 -1.385421E-03  3.047692E-04
200200  3.868374E-04  1.466828E-03
200201  1.452923E-03 -3.956894E-04
200202 -4.572111E-04 -1.377619E-03
200203 -1.369525E-03  5.369358E-04
200204  5.205919E-04  1.430226E-03
200205  1.485783E-03 -3.853982E-04
200206 -1.646248E-04 -1.512399E-03
200207 -1.509328E-03 -1.497081E-04
200208 -5.876206E-04  1.411590E-03
200209  1.082477E-03  1.106317E-03
200210  1.513435E-03 -3.976319E-04
200211  5.901807E-04 -1.461729E-03
200212 -6.403791E-04 -1.445576E-03
200213 -1.395586E-03 -7.402404E-04
200214 -1.574160E-03  6.076059E-05
200215 -1.434557E-03  6.398732E-04
200216 -1.247767E-03  9.492496E-04
200217  5.499593E-04  1.403208E-03
200218  4.045597E-04  1.452801E-03
200219 -4.889490E-05  1.512115E-03
200220 -7.732272E-04  1.315134E-03
200221 -1.448474E-03  5.402119E-04
200222 -1.373474E-03 -7.421712E-04
200223 -8.691822E-05 -1.546595E-03
200224  1.369270E-03 -6.261885E-04
200225  8.553798E-04  1.201259E-03
200226 -1.172670E-03  9.323173E-04
200227 -9.081552E-04 -1.218757E-03
200228  1.292979E-03 -7.001997E-04
200229  2.880943E-04  1.403960E-03
200230 -1.459864E-03 -2.183359E-04
200231  7.218673E-04 -1.269767E-03
200232  7.761077E-04  1.169239E-03
200233 -1.416635E-03  1.161580E-04
200234  5.557182E-04 -1.308147E-03
200235  8.787572E-04  1.093681E-03
200236 -1.340280E-03  2.685690E-04
200237  3.892864E-04 -1.301878E-03
200238  1.109299E-03  8.867511E-04
200239 -1.105259E-03  7.706252E-04
200240 -3.292016E-04 -1.224804E-03
200241  1.379696E-03 -5.514460E-05
200242  5.636665E-05  1.409393E-03
200243 -1.284118E-03  1.153852E-04
200244 -1.886180E-04 -1.221970E-03
200245  1.197972E-03 -4.736815E-04
200246  9.383966E-04  9.377790E-04
200247 -3.094438E-04  1.302094E-03
200248 -1.211169E-03  6.077235E-04
200249 -1.332655E-03 -3.277378E-04
200250 -9.753168E-04 -9.667750E-04
200251 -5.379482E-04 -1.247396E-03
200252 -2.361625E-04 -1.320266E-03
200253 -1.329210E-04 -1.327356E-03
200254 -2.356064E-04 -1.320427E-03
200255 -5.368975E-04 -1.247691E-03
200256 -9.738845E-04 -9.671606E-04
200257 -1.330989E-03 -3.281589E-04
200258 -1.209429E-03  6.073193E-04
200259 -3.077795E-04  1.301749E-03
200260  9.398615E-04  9.375186E-04
200261  1.199154E-03 -4.738469E-04
200262 -1.877595E-04 -1.222045E-03
200263 -1.283583E-03  1.153862E-04
200264  5.660788E-05  1.409449E-03
200265  1.379697E-03 -5.506001E-05
200266 -3.293758E-04 -1.224716E-03
200267 -1.105539E-03  7.706904E-04
200268  1.108982E-03  8.867674E-04
200269  3.889958E-04 -1.301937E-03
200270 -1.340488E-03  2.684088E-04
200271  8.786814E-04  1.093394E-03
200272  5.558106E-04 -1.308580E-03
200273 -1.416351E-03  1.155666E-04
200274  7.765946E-04  1.168493E-03
200275  7.225498E-04 -1.270646E-03
200276 -1.459009E-03 -2.193069E-04
200277  2.890834E-04  1.402954E-03
200278  1.294049E-03 -7.011756E-04
200279 -9.070667E-04 -1.219638E-03
200280 -1.171629E-03  9.315825E-04
200281  8.563112E-04  1.200704E-03
200282  1.370044E-03 -6.265549E-04
200283 -8.632870E-05 -1.546787E-03
200284 -1.373070E-03 -7.422212E-04
200285 -1.448233E-03  5.402581E-04
200286 -7.731082E-04  1.315226E-03
200287 -4.885077E-05  1.512207E-03
200288  4.045700E-04  1.452857E-03
200289 -1.496029E-03  8.989505E-05
200290 -1.495114E-03 -8.745087E-05
200291 -1.368921E-03 -5.993374E-04
200292 -8.044782E-04 -1.252183E-03
200293  3.572240E-04 -1.436279E-03
200294  1.409196E-03 -4.239125E-04
200295  8.517879E-04  1.193396E-03
200296 -1.064649E-03  1.004263E-03
200297 -9.536672E-04 -1.095582E-03
200298  1.253910E-03 -6.905501E-04
200299  1.916454E-04  1.413791E-03
200300 -1.346839E-03 -4.863382E-04
200301  1.124372E-03 -8.296392E-04
200302 -1.193622E-04  1.371428E-03
200303 -9.437635E-04 -1.051857E-03
200304  1.340011E-03  9.138616E-05
200305 -1.120899E-03  7.598924E-04
200306  3.038246E-04 -1.338206E-03
200307  5.694214E-04  1.159575E-03
200308 -1.238654E-03 -5.278418E-04
200309  1.203288E-03 -5.064333E-04
200310 -4.782748E-04  1.192482E-03
200311 -6.388696E-04 -1.121050E-03
200312  1.282909E-03  9.678589E-05
200313 -6.542360E-04  1.095262E-03
200314 -7.245097E-04 -9.782138E-04
200315  1.187897E-03 -4.339322E-04
200316  3.837500E-04  1.246186E-03
200317 -1.136317E-03  4.533474E-04
200318 -5.824021E-04 -1.003890E-03
200319  8.014797E-04 -8.884915E-04
200320  1.232959E-03  2.383601E-04
200321  6.805268E-04  1.087425E-03
200322 -1.010644E-04  1.276410E-03
200323 -6.511364E-04  1.086443E-03
200324 -9.168299E-04  8.560279E-04
200325 -9.892620E-04  7.634267E-04
200326 -9.164997E-04  8.559417E-04
200327 -6.505194E-04  1.086301E-03
200328 -1.002390E-04  1.276262E-03
200329  6.814632E-04  1.087317E-03
200330  1.233908E-03  2.383205E-04
200331  8.023589E-04 -8.884599E-04
200332 -5.816485E-04 -1.003806E-03
200333 -1.135715E-03  4.534534E-04
200334  3.842011E-04  1.246284E-03
200335  1.188211E-03 -4.338638E-04
200336 -7.243164E-04 -9.781870E-04
200337 -6.541496E-04  1.095246E-03
200338  1.282899E-03  9.673315E-05
200339 -6.389652E-04 -1.121127E-03
200340 -4.784367E-04  1.192394E-03
200341  1.203089E-03 -5.065277E-04
200342 -1.238854E-03 -5.279495E-04
200343  5.692592E-04  1.159429E-03
200344  3.037325E-04 -1.338431E-03
200345 -1.120901E-03  7.595401E-04
200346  1.340102E-03  9.086565E-05
200347 -9.435914E-04 -1.052564E-03
200348 -1.191342E-04  1.370549E-03
200349  1.124624E-03 -8.306368E-04
200350 -1.346598E-03 -4.873747E-04
200351  1.918408E-04  1.412807E-03
200352  1.254024E-03 -6.914003E-04
200353 -9.536664E-04 -1.096242E-03
200354 -1.064785E-03  1.003817E-03
200355  8.515135E-04  1.193156E-03
200356  1.408807E-03 -4.239809E-04
200357  3.567736E-04 -1.436226E-03
200358 -8.049163E-04 -1.252068E-03
200359 -1.369268E-03 -5.992193E-04
200360 -1.495306E-03 -8.737810E-05
200361  2.012265E-04  1.437410E-03
200362  9.666057E-06  1.449431E-03
200363 -5.482865E-04  1.332990E-03
200364 -1.235888E-03  7.056727E-04
200365 -1.284723E-03 -5.578404E-04
200366  3.242607E-05 -1.395512E-03
200367  1.398300E-03 -2.014644E-04
200368  1.549788E-04  1.399453E-03
200369 -1.354598E-03 -1.955638E-04
200370  7.804388E-04 -1.119570E-03
200371  5.037053E-04  1.291477E-03
200372 -1.244650E-03 -4.814548E-04
200373  1.279498E-03 -3.912602E-04
200374 -8.178923E-04  1.052821E-03
200375  2.094482E-04 -1.290721E-03
200376  3.744020E-04  1.243859E-03
200377 -8.384644E-04 -9.862297E-04
200378  1.132314E-03  5.607965E-04
200379 -1.271938E-03 -9.552136E-05
200380  1.150274E-03 -4.742496E-04
200381 -8.446089E-04  8.967117E-04
200382  2.041193E-04 -1.240865E-03
200383  4.899830E-04  1.069382E-03
200384 -1.127918E-03 -5.187294E-04
200385  1.076666E-03 -5.202414E-04
200386 -2.261153E-04  1.147756E-03
200387 -9.478311E-04 -7.261430E-04
200388  9.613766E-04 -6.919087E-04
200389  5.534591E-04  1.035791E-03
200390 -9.921696E-04  5.873650E-04
200391 -7.640044E-04 -8.318073E-04
200392  4.805131E-04 -1.028456E-03
200393  1.149152E-03 -1.999379E-04
200394  1.013396E-03  6.351830E-04
200395  5.774529E-04  1.062932E-03
200396  2.317729E-04  1.188970E-03
200397  1.100502E-04  1.205472E-03
200398  2.316731E-04  1.188950E-03
200399  5.772561E-04  1.062933E-03
200400  1.013112E-03  6.352622E-04
200401  1.148801E-03 -1.997447E-04
200402  4.801288E-04 -1.028157E-03
200403 -7.643771E-04 -8.314544E-04
200404 -9.924794E-04  5.877052E-04
200405  5.532612E-04  1.036065E-03
200406  9.613233E-04 -6.917212E-04
200407 -9.477402E-04 -7.260343E-04
200408 -2.259240E-04  1.147810E-03
200409  1.076877E-03 -5.202138E-04
200410 -1.127779E-03 -5.187002E-04
200411  4.899798E-04  1.069443E-03
200412  2.039474E-04 -1.240738E-03
200413 -8.449246E-04  8.969324E-04
200414  1.149876E-03 -4.739237E-04
200415 -1.272344E-03 -9.511062E-05
200416  1.131961E-03  5.612350E-04
200417 -8.387334E-04 -9.858510E-04
200418  3.742072E-04  1.244079E-03
200419  2.092843E-04 -1.290740E-03
200420 -8.180833E-04  1.052527E-03
200421  1.279232E-03 -3.918042E-04
200422 -1.245010E-03 -4.821664E-04
200423  5.032620E-04  1.290711E-03
200424  7.799363E-04 -1.120284E-03
200425 -1.355140E-03 -1.961491E-04
200426  1.544042E-04  1.399033E-03
200427  1.397697E-03 -2.017157E-04
200428  3.181189E-05 -1.395609E-03
200429 -1.285310E-03 -5.578128E-04
200430 -1.236395E-03  7.057797E-04
200431 -5.486582E-04  1.333116E-03
200432  9.469746E-06  1.449514E-03
200433 -7.022655E-04  1.171215E-03
200434 -8.639831E-04  1.055070E-03
200435 -1.223307E-03  5.872052E-04
200436 -1.292749E-03 -3.708582E-04
200437 -3.679508E-04 -1.284364E-03
200438  1.126076E-03 -7.259003E-04
200439  7.794911E-04  1.083822E-03
200440 -1.197697E-03  5.420050E-04
200441  2.085781E-06 -1.313766E-03
200442  1.078435E-03  7.548676E-04
200443 -1.263732E-03  2.180817E-04
200444  9.283596E-04 -8.749473E-04
200445 -3.874073E-04  1.225250E-03
200446 -4.895692E-05 -1.235436E-03
200447  4.145727E-04  1.194762E-03
200448 -6.245006E-04 -1.035778E-03
200449  8.233794E-04  9.310337E-04
200450 -9.205364E-04 -7.456811E-04
200451  1.050297E-03  6.042326E-04
200452 -1.119590E-03 -3.621626E-04
200453  1.168120E-03  8.015762E-05
200454 -1.133377E-03  2.756907E-04
200455  9.001358E-04 -7.214740E-04
200456 -4.555123E-04  1.030889E-03
200457 -2.895663E-04 -1.126014E-03
200458  9.490047E-04  5.511896E-04
200459 -1.042860E-03  3.963747E-04
200460  6.722660E-05 -1.142611E-03
200461  1.031241E-03  3.454644E-04
200462 -4.714050E-04  9.642595E-04
200463 -1.036741E-03 -3.759694E-04
200464  6.569477E-06 -1.106179E-03
200465  9.376132E-04 -5.625161E-04
200466  1.049223E-03  2.899617E-04
200467  7.206618E-04  8.180811E-04
200468  4.015443E-04  1.014908E-03
200469  2.826542E-04  1.054263E-03
200470  4.011813E-04  1.014876E-03
200471  7.199719E-04  8.180766E-04
200472  1.048282E-03  2.900595E-04
200473  9.365340E-04 -5.622862E-04
200474  5.484410E-06 -1.105863E-03
200475 -1.037703E-03 -3.756692E-04
200476 -4.721346E-04  9.644500E-04
200477  1.030822E-03  3.455143E-04
200478  6.715695E-05 -1.142657E-03
200479 -1.042606E-03  3.963172E-04
200480  9.494789E-04  5.511914E-04
200481 -2.890415E-04 -1.125924E-03
200482 -4.551194E-04  1.031059E-03
200483  9.002669E-04 -7.212357E-04
200484 -1.133541E-03  2.760007E-04
200485  1.167722E-03  8.056149E-05
200486 -1.120099E-03 -3.616409E-04
200487  1.049812E-03  6.048758E-04
200488 -9.208893E-04 -7.449512E-04
200489  8.232096E-04  9.317705E-04
200490 -6.245095E-04 -1.035149E-03
200491  4.146356E-04  1.195161E-03
200492 -4.894356E-05 -1.235348E-03
200493 -3.875402E-04  1.225019E-03
200494  9.280562E-04 -8.754218E-04
200495 -1.264151E-03  2.174904E-04
200496  1.077992E-03  7.542812E-04
200497  1.693148E-06 -1.314273E-03
200498 -1.198016E-03  5.415994E-04
200499  7.792319E-04  1.083520E-03
200500  1.125861E-03 -7.260885E-04
200501 -3.681192E-04 -1.284422E-03
200502 -1.292860E-03 -3.707936E-04
200503 -1.223363E-03  5.873327E-04
200504 -8.640016E-04  1.055169E-03
200505 -1.921082E-06 -1.290870E-03
200506  1.955560E-04 -1.273950E-03
200507  7.390762E-04 -1.047209E-03
200508  1.250042E-03 -2.345689E-04
200509  8.021412E-04  9.804268E-04
200510 -7.850646E-04  9.961548E-04
200511 -9.650827E-04 -8.309506E-04
200512  1.054878E-03 -6.820553E-04
200513  2.690206E-05  1.224228E-03
200514 -9.205833E-04 -8.337165E-04
200515  1.217296E-03  1.129961E-04
200516 -1.132476E-03  4.304498E-04
200517  9.300770E-04 -7.539575E-04
200518 -7.548373E-04  9.205041E-04
200519  6.459639E-04 -9.827498E-04
200520 -5.887823E-04  1.007294E-03
200521  6.008826E-04 -9.771239E-04
200522 -5.850687E-04  9.932004E-04
200523  6.175243E-04 -9.314411E-04
200524 -5.619936E-04  9.831121E-04
200525  5.095839E-04 -9.727120E-04
200526 -3.308677E-04  1.058394E-03
200527  8.530226E-05 -1.075190E-03
200528  3.145184E-04  1.044571E-03
200529 -7.504487E-04 -7.557682E-04
200530  1.053838E-03  1.546537E-04
200531 -8.360528E-04  6.365458E-04
200532 -8.052511E-05 -1.064053E-03
200533  9.867384E-04  3.063259E-04
200534 -5.110513E-04  8.857788E-04
200535 -9.234467E-04 -5.025859E-04
200536  2.315430E-04 -1.026385E-03
200537  9.894355E-04 -2.745697E-04
200538  8.336064E-04  5.599367E-04
200539  3.437924E-04  9.329317E-04
200540 -2.415584E-05  9.912858E-04
200541 -1.483674E-04  9.799370E-04
200542 -2.447600E-05  9.912253E-04
200543  3.431796E-04  9.328845E-04
200544  8.327737E-04  5.599909E-04
200545  9.885065E-04 -2.743924E-04
200546  2.306641E-04 -1.026169E-03
200547 -9.241512E-04 -5.024788E-04
200548 -5.115019E-04  8.856710E-04
200549  9.865892E-04  3.060249E-04
200550 -8.034334E-05 -1.064403E-03
200551 -8.355520E-04  6.363227E-04
200552  1.054560E-03  1.546587E-04
200553 -7.496947E-04 -7.555471E-04
200554  3.150897E-04  1.044920E-03
200555  8.554677E-05 -1.074806E-03
200556 -3.309670E-04  1.058763E-03
200557  5.092366E-04 -9.723589E-04
200558 -5.624364E-04  9.834791E-04
200559  6.171411E-04 -9.310236E-04
200560 -5.852670E-04  9.936910E-04
200561  6.009409E-04 -9.765760E-04
200562 -5.884750E-04  1.007826E-03
200563  6.464182E-04 -9.823520E-04
200564 -7.544038E-04  9.206516E-04
200565  9.303381E-04 -7.541049E-04
200566 -1.132433E-03  4.300685E-04
200567  1.217203E-03  1.125158E-04
200568 -9.206683E-04 -8.341692E-04
200569  2.692641E-05  1.223851E-03
200570  1.055019E-03 -6.823860E-04
200571 -9.648782E-04 -8.312686E-04
200572 -7.848443E-04  9.958793E-04
200573  8.023695E-04  9.802779E-04
200574  1.250282E-03 -2.345386E-04
200575  7.393005E-04 -1.047053E-03
200576  1.956973E-04 -1.273811E-03
200577 -9.850797E-04  6.816668E-04
200578 -1.085486E-03  5.148752E-04
200579 -1.208402E-03 -4.653045E-05
200580 -8.180899E-04 -8.939987E-04
200581  4.218194E-04 -1.124452E-03
200582  1.164063E-03  2.303045E-04
200583 -3.714467E-04  1.128588E-03
200584 -9.293211E-04 -7.572264E-04
200585  1.123094E-03 -3.288449E-04
200586 -6.358287E-04  9.620033E-04
200587  4.469696E-05 -1.167002E-03
200588  3.461241E-04  1.080164E-03
200589 -5.735676E-04 -9.933177E-04
200590  6.262217E-04  9.117355E-04
200591 -6.303396E-04 -9.399618E-04
200592  5.289361E-04  9.490509E-04
200593 -4.094681E-04 -1.016708E-03
200594  2.543418E-04  1.054871E-03
200595 -1.034963E-04 -1.053357E-03
200596 -1.545014E-06  1.071058E-03
200597  6.672081E-05 -1.036313E-03
200598 -2.166591E-05  1.053376E-03
200599 -8.569031E-05 -1.007226E-03
200600  3.535659E-04  9.884936E-04
200601 -6.583376E-04 -7.370848E-04
200602  9.682449E-04  3.287983E-04
200603 -9.166948E-04  4.004986E-04
200604  2.742408E-04 -9.481400E-04
200605  7.204143E-04  6.823078E-04
200606 -8.390748E-04  5.247480E-04
200607 -4.865115E-04 -8.488846E-04
200608  7.376478E-04 -6.369740E-04
200609  8.798974E-04  3.953161E-04
200610  2.350832E-04  9.215450E-04
200611 -3.710964E-04  8.701230E-04
200612 -6.768087E-04  6.617026E-04
200613 -7.581024E-04  5.679658E-04
200614 -6.769290E-04  6.616602E-04
200615 -3.713488E-04  8.701056E-04
200616  2.347190E-04  9.216330E-04
200617  8.795037E-04  3.955196E-04
200618  7.373371E-04 -6.367657E-04
200619 -4.866683E-04 -8.488532E-04
200620 -8.390799E-04  5.244883E-04
200621  7.205363E-04  6.818250E-04
200622  2.745097E-04 -9.486190E-04
200623 -9.162310E-04  4.002603E-04
200624  9.688862E-04  3.289001E-04
200625 -6.576554E-04 -7.367129E-04
200626  3.540978E-04  9.889775E-04
200627 -8.543450E-05 -1.006772E-03
200628 -2.168586E-05  1.053727E-03
200629  6.651694E-05 -1.036079E-03
200630 -1.818354E-06  1.071195E-03
200631 -1.037389E-04 -1.053272E-03
200632  2.542203E-04  1.054975E-03
200633 -4.093834E-04 -1.016522E-03
200634  5.292729E-04  9.493202E-04
200635 -6.298027E-04 -9.396993E-04
200636  6.267988E-04  9.118550E-04
200637 -5.731316E-04 -9.934275E-04
200638  3.463475E-04  1.079863E-03
200639  4.479704E-05 -1.167353E-03
200640 -6.356884E-04  9.617393E-04
200641  1.123370E-03 -3.290049E-04
200642 -9.289456E-04 -7.573867E-04
200643 -3.710768E-04  1.128327E-03
200644  1.164361E-03  2.299746E-04
200645  4.220665E-04 -1.124688E-03
200646 -8.178443E-04 -8.940035E-04
200647 -1.208162E-03 -4.634047E-05
200648 -1.085327E-03  5.150623E-04
200649  9.090332E-05  1.127208E-03
200650 -9.904318E-05  1.125952E-03
200651 -6.265647E-04  9.417435E-04
200652 -1.116952E-03  1.857125E-04
200653 -6.412203E-04 -9.291756E-04
200654  8.316787E-04 -7.562774E-04
200655  6.211581E-04  9.400126E-04
200656 -1.109700E-03  1.963372E-04
200657  5.220005E-04 -9.765831E-04
200658  1.905215E-04  1.077857E-03
200659 -6.541694E-04 -8.776301E-04
200660  8.666165E-04  6.434371E-04
200661 -9.465801E-04 -5.210705E-04
200662  9.252702E-04  4.931458E-04
200663 -8.878488E-04 -6.012439E-04
200664  7.521612E-04  6.903055E-04
200665 -6.021855E-04 -8.613430E-04
200666  3.717337E-04  9.399615E-04
200667 -1.680676E-04 -1.007210E-03
200668 -4.015687E-05  9.953854E-04
200669  1.626975E-04 -9.883132E-04
200670 -2.216742E-04  9.580825E-04
200671  1.801754E-04 -9.548680E-04
200672 -1.214545E-05  9.850979E-04
200673 -2.688879E-04 -9.040278E-04
200674  6.587311E-04  7.132818E-04
200675 -9.328730E-04 -1.522943E-04
200676  7.455661E-04 -5.627963E-04
200677  1.125027E-04  9.485125E-04
200678 -9.197861E-04 -1.560818E-04
200679  2.540244E-04 -8.736354E-04
200680  9.210753E-04  1.304501E-04
200681  2.524947E-04  8.962693E-04
200682 -5.515325E-04  7.369211E-04
200683 -8.857338E-04  2.388539E-04
200684 -9.092419E-04 -1.241878E-04
200685 -8.848748E-04 -2.435055E-04
200686 -9.092054E-04 -1.241770E-04
200687 -8.857075E-04  2.389099E-04
200688 -5.515468E-04  7.370715E-04
200689  2.524813E-04  8.965191E-04
200690  9.211496E-04  1.306975E-04
200691  2.542194E-04 -8.735726E-04
200692 -9.195479E-04 -1.563229E-04
200693  1.126776E-04  9.480485E-04
200694  7.456799E-04 -5.632294E-04
200695 -9.327008E-04 -1.524547E-04
200696  6.590496E-04  7.134602E-04
200697 -2.684838E-04 -9.036243E-04
200698 -1.180517E-05  9.855556E-04
200699  1.803560E-04 -9.544719E-04
200700 -2.216418E-04  9.583764E-04
200701  1.626409E-04 -9.881323E-04
200702 -4.026659E-05  9.954412E-04
200703 -1.682242E-04 -1.007268E-03
200704  3.715558E-04  9.398627E-04
200705 -6.022988E-04 -8.613704E-04
200706  7.522255E-04  6.904167E-04
200707 -8.875699E-04 -6.010428E-04
200708  9.256562E-04  4.932957E-04
200709 -9.462679E-04 -5.210937E-04
200710  8.667644E-04  6.432496E-04
200711 -6.541057E-04 -8.778351E-04
200712  1.906573E-04  1.077792E-03
200713  5.222782E-04 -9.765053E-04
200714 -1.109358E-03  1.963835E-04
200715  6.214232E-04  9.398465E-04
200716  8.317932E-04 -7.566375E-04
200717 -6.412078E-04 -9.295008E-04
200718 -1.116935E-03  1.856486E-04
200719 -6.264939E-04  9.419374E-04
200720 -9.896970E-05  1.126168E-03
200721  2.758026E-04  1.038151E-03
200722  9.756830E-05  1.068529E-03
200723 -4.268888E-04  9.820291E-04
200724 -1.005860E-03  3.492288E-04
200725 -7.245949E-04 -7.720185E-04
200726  6.873243E-04 -8.135145E-04
200727  6.968283E-04  8.172650E-04
200728 -1.022641E-03  3.011022E-04
200729  4.233582E-04 -9.483264E-04
200730  2.359866E-04  1.018678E-03
200731 -6.269877E-04 -8.093231E-04
200732  8.178291E-04  6.324865E-04
200733 -8.625516E-04 -5.268782E-04
200734  8.363971E-04  5.584685E-04
200735 -7.521222E-04 -6.660993E-04
200736  5.879243E-04  7.789982E-04
200737 -3.745480E-04 -9.186834E-04
200738  9.718929E-05  9.545163E-04
200739  1.469338E-04 -9.607899E-04
200740 -3.854964E-04  8.588308E-04
200741  5.161071E-04 -8.042118E-04
200742 -6.093804E-04  7.015579E-04
200743  5.945567E-04 -7.169101E-04
200744 -5.150817E-04  7.668024E-04
200745  2.900580E-04 -8.656313E-04
200746  8.314579E-05  9.042472E-04
200747 -5.796397E-04 -6.958611E-04
200748  8.882124E-04  7.904559E-05
200749 -5.509038E-04  7.183349E-04
200750 -4.817665E-04 -7.327473E-04
200751  7.986216E-04 -3.687148E-04
200752  4.893506E-04  7.543308E-04
200753 -5.016253E-04  7.317812E-04
200754 -8.772738E-04  2.856265E-05
200755 -7.017088E-04 -5.225657E-04
200756 -4.387043E-04 -7.532545E-04
200757 -3.328951E-04 -8.036830E-04
200758 -4.386270E-04 -7.531986E-04
200759 -7.016051E-04 -5.224675E-04
200760 -8.771914E-04  2.870812E-05
200761 -5.015451E-04  7.319866E-04
200762  4.895083E-04  7.545456E-04
200763  7.988913E-04 -3.686288E-04
200764 -4.814934E-04 -7.329052E-04
200765 -5.507984E-04  7.179902E-04
200766  8.881217E-04  7.873309E-05
200767 -5.797599E-04 -6.959462E-04
200768  8.316344E-05  9.044062E-04
200769  2.902046E-04 -8.653564E-04
200770 -5.149281E-04  7.670685E-04
200771  5.946481E-04 -7.166849E-04
200772 -6.093309E-04  7.017685E-04
200773  5.161393E-04 -8.040158E-04
200774 -3.855136E-04  8.589564E-04
200775  1.468011E-04 -9.607862E-04
200776  9.691342E-05  9.544302E-04
200777 -3.748926E-04 -9.187428E-04
200778  5.876677E-04  7.790708E-04
200779 -7.521790E-04 -6.658995E-04
200780  8.364896E-04  5.586749E-04
200781 -8.624728E-04 -5.268023E-04
200782  8.177997E-04  6.324096E-04
200783 -6.270576E-04 -8.094149E-04
200784  2.360070E-04  1.018750E-03
200785  4.235100E-04 -9.480765E-04
200786 -1.022445E-03  3.013163E-04
200787  6.969315E-04  8.171979E-04
200788  6.872562E-04 -8.138742E-04
200789 -7.247918E-04 -7.724095E-04
200790 -1.006058E-03  3.490964E-04
200791 -4.269937E-04  9.821917E-04
200792  9.754565E-05  1.068742E-03
200793 -1.547547E-04  1.003900E-03
200794 -3.205892E-04  9.642545E-04
200795 -7.423740E-04  6.936492E-04
200796 -1.006507E-03 -7.445973E-05
200797 -3.397346E-04 -9.494507E-04
200798  9.104912E-04 -4.614910E-04
200799  3.143049E-04  9.697114E-04
200800 -9.970488E-04 -1.135245E-04
200801  7.261324E-04 -6.640137E-04
200802 -1.741435E-04  9.735349E-04
200803 -2.283563E-04 -9.425529E-04
200804  4.702142E-04  8.673086E-04
200805 -5.297685E-04 -7.858890E-04
200806  4.993263E-04  8.286794E-04
200807 -3.641574E-04 -8.672011E-04
200808  1.712427E-04  9.242370E-04
200809  8.654139E-05 -9.264100E-04
200810 -3.485117E-04  8.536248E-04
200811  5.675830E-04 -7.193705E-04
200812 -7.355118E-04  5.251455E-04
200813  8.102220E-04 -3.921083E-04
200814 -8.584410E-04  2.479843E-04
200815  8.435601E-04 -2.537705E-04
200816 -8.266903E-04  3.079941E-04
200817  7.091023E-04 -5.105360E-04
200818 -4.634128E-04  7.196213E-04
200819 -1.716362E-05 -8.737104E-04
200820  6.023086E-04  5.937018E-04
200821 -8.420293E-04  1.711673E-04
200822  1.336279E-04 -8.330617E-04
200823  8.158609E-04  2.485564E-04
200824 -1.387505E-04  8.358709E-04
200825 -8.209143E-04  1.654336E-04
200826 -6.156046E-04 -5.679519E-04
200827 -1.264190E-04 -8.235015E-04
200828  2.085319E-04 -7.994713E-04
200829  3.146380E-04 -7.606437E-04
200830  2.085728E-04 -7.993988E-04
200831 -1.263585E-04 -8.234119E-04
200832 -6.155549E-04 -5.678817E-04
200833 -8.208741E-04  1.655078E-04
200834 -1.386539E-04  8.359708E-04
200835  8.160700E-04  2.486210E-04
200836  1.338582E-04 -8.331301E-04
200837 -8.419793E-04  1.709742E-04
200838  6.021146E-04  5.935271E-04
200839 -1.741939E-05 -8.737432E-04
200840 -4.635245E-04  7.197019E-04
200841  7.091396E-04 -5.104598E-04
200842 -8.266227E-04  3.080136E-04
200843  8.436055E-04 -2.537437E-04
200844 -8.583912E-04  2.481077E-04
200845  8.102771E-04 -3.918830E-04
200846 -7.355142E-04  5.253783E-04
200847  5.674389E-04 -7.192379E-04
200848 -3.488415E-04  8.536374E-04
200849  8.608358E-05 -9.264302E-04
200850  1.708168E-04  9.242980E-04
200851 -3.644138E-04 -8.670225E-04
200852  4.992173E-04  8.288986E-04
200853 -5.298702E-04 -7.857562E-04
200854  4.700446E-04  8.673037E-04
200855 -2.285291E-04 -9.425863E-04
200856 -1.742279E-04  9.736584E-04
200857  7.261471E-04 -6.636945E-04
200858 -9.969945E-04 -1.132194E-04
200859  3.143117E-04  9.697306E-04
200860  9.103699E-04 -4.618037E-04
200861 -3.399897E-04 -9.498494E-04
200862 -1.006793E-03 -7.463682E-05
200863 -7.425685E-04  6.937655E-04
200864 -3.206661E-04  9.644425E-04
200865 -7.736573E-04  5.886903E-04
200866 -8.617835E-04  4.545202E-04
200867 -9.755598E-04 -4.932739E-06
200868 -6.601498E-04 -7.103299E-04
200869  3.680810E-04 -9.009708E-04
200870  9.465037E-04  2.293897E-04
200871 -3.639338E-04  8.860178E-04
200872 -6.503638E-04 -6.882176E-04
200873  9.356364E-04 -5.830050E-05
200874 -6.948751E-04  6.165378E-04
200875  3.738240E-04 -8.562149E-04
200876 -1.170805E-04  9.232614E-04
200877  2.635990E-05 -9.002133E-04
200878 -4.445423E-05  9.225311E-04
200879  1.713807E-04 -8.742490E-04
200880 -3.330832E-04  8.357805E-04
200881  5.415261E-04 -6.955308E-04
200882 -7.026125E-04  5.321865E-04
200883  8.184073E-04 -3.003878E-04
200884 -8.593670E-04  8.816537E-05
200885  8.526039E-04  7.370557E-05
200886 -8.331349E-04 -1.926986E-04
200887  8.158830E-04  1.930827E-04
200888 -8.357427E-04 -1.292414E-04
200889  8.267559E-04 -9.328680E-05
200890 -7.249705E-04  3.790928E-04
200891  3.939478E-04 -7.377335E-04
200892  2.195928E-04  7.771155E-04
200893 -7.818371E-04 -2.564545E-04
200894  5.098584E-04 -6.361103E-04
200895  5.677890E-04  5.819604E-04
200896 -5.069295E-04  6.148495E-04
200897 -7.581061E-04 -2.645034E-04
200898 -2.394540E-04 -7.703922E-04
200899  2.887795E-04 -7.438720E-04
200900  5.554070E-04 -5.606457E-04
200901  6.247877E-04 -4.766479E-04
200902  5.553947E-04 -5.605791E-04
200903  2.887815E-04 -7.438111E-04
200904 -2.394320E-04 -7.704004E-04
200905 -7.580853E-04 -2.645585E-04
200906 -5.068852E-04  6.148278E-04
200907  5.679255E-04  5.819966E-04
200908  5.100429E-04 -6.360841E-04
200909 -7.817987E-04 -2.564856E-04
200910  2.193960E-04  7.770807E-04
200911  3.936953E-04 -7.377154E-04
200912 -7.250629E-04  3.791101E-04
200913  8.268169E-04 -9.336653E-05
200914 -8.356606E-04 -1.294061E-04
200915  8.159388E-04  1.929675E-04
200916 -8.330795E-04 -1.926393E-04
200917  8.526445E-04  7.393884E-05
200918 -8.594017E-04  8.845640E-05
200919  8.182413E-04 -3.001715E-04
200920 -7.029351E-04  5.322730E-04
200921  5.410914E-04 -6.955255E-04
200922 -3.334990E-04  8.358060E-04
200923  1.710980E-04 -8.741367E-04
200924 -4.463362E-05  9.227043E-04
200925  2.616566E-05 -9.000792E-04
200926 -1.173191E-04  9.232851E-04
200927  3.736190E-04 -8.562334E-04
200928 -6.950053E-04  6.166458E-04
200929  9.355506E-04 -5.800437E-05
200930 -6.504173E-04 -6.879018E-04
200931 -3.639620E-04  8.861021E-04
200932  9.464237E-04  2.291659E-04
200933  3.678764E-04 -9.013164E-04
200934 -6.604209E-04 -7.105165E-04
200935 -9.757656E-04 -4.860323E-06
200936 -8.618714E-04  4.546743E-04
200937 -9.032698E-04 -2.439045E-04
200938 -8.546808E-04 -3.853234E-04
200939 -5.796791E-04 -7.347356E-04
200940  1.264277E-04 -9.194704E-04
200941  8.800868E-04 -2.914847E-04
200942  4.245732E-04  8.074357E-04
200943 -8.513526E-04  3.005391E-04
200944  4.819951E-05 -8.982057E-04
200945  6.724087E-04  5.815700E-04
200946 -8.827257E-04 -2.871518E-05
200947  8.041662E-04 -4.018941E-04
200948 -6.311122E-04  6.086751E-04
200949  5.341294E-04 -6.796529E-04
200950 -5.247194E-04  7.007542E-04
200951  5.877385E-04 -6.201897E-04
200952 -6.696760E-04  5.315347E-04
200953  7.740012E-04 -3.395213E-04
200954 -8.205255E-04  1.664271E-04
200955  8.358781E-04  6.692875E-05
200956 -7.880344E-04 -2.273183E-04
200957  7.387551E-04  3.664570E-04
200958 -6.897472E-04 -4.273483E-04
200959  6.876926E-04  4.248326E-04
200960 -7.304887E-04 -3.401170E-04
200961  7.883507E-04  1.294573E-04
200962 -7.610939E-04  1.848639E-04
200963  5.317072E-04 -5.947634E-04
200964  4.264219E-05  7.779245E-04
200965 -6.848908E-04 -3.917900E-04
200966  5.986543E-04 -5.062642E-04
200967  4.348490E-04  6.431442E-04
200968 -5.823604E-04  4.879657E-04
200969 -6.759187E-04 -3.797611E-04
200970 -1.068992E-04 -7.710871E-04
200971  3.880990E-04 -6.621382E-04
200972  6.122265E-04 -4.482872E-04
200973  6.649828E-04 -3.587451E-04
200974  6.121767E-04 -4.482360E-04
200975  3.880694E-04 -6.620958E-04
200976 -1.068624E-04 -7.711238E-04
200977 -6.758585E-04 -3.798740E-04
200978 -5.823149E-04  4.878790E-04
200979  4.349357E-04  6.431791E-04
200980  5.987905E-04 -5.061369E-04
200981 -6.848618E-04 -3.916658E-04
200982  4.246939E-05  7.780170E-04
200983  5.315051E-04 -5.946893E-04
200984 -7.611117E-04  1.848670E-04
200985  7.884920E-04  1.293169E-04
200986 -7.303396E-04 -3.403536E-04
200987  6.877964E-04  4.246664E-04
200988 -6.896733E-04 -4.273136E-04
200989  7.387732E-04  3.666769E-04
200990 -7.881132E-04 -2.270352E-04
200991  8.356947E-04  6.715103E-05
200992 -8.208041E-04  1.665272E-04
200993  7.736659E-04 -3.395242E-04
200994 -6.699772E-04  5.315086E-04
200995  5.875345E-04 -6.201605E-04
200996 -5.248889E-04  7.008497E-04
200997  5.338961E-04 -6.795599E-04
200998 -6.313738E-04  6.086924E-04
200999  8.039834E-04 -4.019205E-04
201000 -8.828451E-04 -2.865525E-05
201001  6.722665E-04  5.817838E-04
201002  4.806640E-05 -8.979430E-04
201003 -8.513984E-04  3.006599E-04
201004  4.245487E-04  8.073150E-04
201005  8.799550E-04 -2.917479E-04
201006  1.262068E-04 -9.196474E-04
201007 -5.798563E-04 -7.347005E-04
201008 -8.547536E-04 -3.852020E-04
201009 -3.451162E-04 -8.171688E-04
201010 -2.149492E-04 -8.602163E-04
201011  1.964932E-04 -8.581957E-04
201012  7.420381E-04 -4.583209E-04
201013  7.441330E-04  4.474475E-04
201014 -3.045692E-04  7.996684E-04
201015 -7.678422E-04 -3.919688E-04
201016  6.237706E-04 -5.830476E-04
201017  1.096285E-04  8.377106E-04
201018 -6.435005E-04 -5.576838E-04
201019  8.458246E-04  1.243525E-04
201020 -8.218803E-04  1.548061E-04
201021  7.645463E-04 -3.186008E-04
201022 -7.447917E-04  3.728826E-04
201023  7.520401E-04 -3.285366E-04
201024 -7.735248E-04  2.567893E-04
201025  8.054987E-04 -9.848211E-05
201026 -7.982253E-04 -2.990329E-05
201027  7.777909E-04  2.140051E-04
201028 -7.166963E-04 -3.122279E-04
201029  6.775381E-04  4.182303E-04
201030 -6.421604E-04 -4.283675E-04
201031  6.637557E-04  4.126943E-04
201032 -7.120879E-04 -2.887867E-04
201033  7.680727E-04  6.890131E-05
201034 -7.018270E-04  2.713341E-04
201035  4.217102E-04 -6.316425E-04
201036  1.718344E-04  7.336084E-04
201037 -7.220883E-04 -2.339368E-04
201038  4.523002E-04 -6.015301E-04
201039  5.584935E-04  5.011303E-04
201040 -4.173719E-04  5.997052E-04
201041 -7.245461E-04 -1.768039E-04
201042 -3.077610E-04 -6.864502E-04
201043  1.737260E-04 -7.219091E-04
201044  4.371946E-04 -5.907858E-04
201045  5.101870E-04 -5.252687E-04
201046  4.371280E-04 -5.907516E-04
201047  1.736861E-04 -7.218688E-04
201048 -3.076941E-04 -6.864616E-04
201049 -7.244233E-04 -1.768948E-04
201050 -4.172955E-04  5.996201E-04
201051  5.585412E-04  5.011900E-04
201052  4.523657E-04 -6.013132E-04
201053 -7.221053E-04 -2.336908E-04
201054  1.716570E-04  7.337910E-04
201055  4.215393E-04 -6.315255E-04
201056 -7.017860E-04  2.713608E-04
201057  7.682864E-04  6.878562E-05
201058 -7.118671E-04 -2.889946E-04
201059  6.639166E-04  4.125570E-04
201060 -6.420636E-04 -4.283186E-04
201061  6.775374E-04  4.184302E-04
201062 -7.168098E-04 -3.119954E-04
201063  7.776019E-04  2.141747E-04
201064 -7.984488E-04 -2.983922E-05
201065  8.052772E-04 -9.851427E-05
201066 -7.736887E-04  2.567209E-04
201067  7.519423E-04 -3.285716E-04
201068 -7.449261E-04  3.728998E-04
201069  7.642942E-04 -3.185753E-04
201070 -8.221449E-04  1.547901E-04
201071  8.456912E-04  1.243117E-04
201072 -6.435711E-04 -5.576730E-04
201073  1.094719E-04  8.378204E-04
201074  6.235840E-04 -5.828753E-04
201075 -7.679130E-04 -3.918418E-04
201076 -3.045696E-04  7.996346E-04
201077  7.440493E-04  4.472577E-04
201078  7.418669E-04 -4.584905E-04
201079  1.963584E-04 -8.581924E-04
201080 -2.149960E-04 -8.601205E-04
201081  3.099565E-04 -7.738000E-04
201082  4.216097E-04 -7.162389E-04
201083  6.898763E-04 -4.492063E-04
201084  8.024727E-04  1.618550E-04
201085  2.434200E-04  7.811355E-04
201086 -7.117343E-04  3.998226E-04
201087 -3.676203E-04 -7.402951E-04
201088  8.004954E-04 -1.285289E-04
201089 -3.238371E-04  7.419834E-04
201090 -3.072316E-04 -7.609609E-04
201091  6.916029E-04  4.262476E-04
201092 -7.929179E-04 -1.306207E-04
201093  7.864997E-04 -1.008723E-04
201094 -7.710530E-04  2.023657E-04
201095  7.545604E-04 -2.234829E-04
201096 -7.559206E-04  2.013153E-04
201097  7.693143E-04 -1.097487E-04
201098 -7.681813E-04  3.876460E-05
201099  7.671294E-04  8.632972E-05
201100 -7.414385E-04 -1.330401E-04
201101  7.370666E-04  2.016913E-04
201102 -7.249854E-04 -1.636214E-04
201103  7.425993E-04  1.101150E-04
201104 -7.369441E-04  7.099630E-05
201105  6.731921E-04 -3.070583E-04
201106 -4.234321E-04  5.999934E-04
201107 -2.782436E-05 -7.212556E-04
201108  5.610367E-04  4.542134E-04
201109 -6.804985E-04  2.725052E-04
201110 -6.436512E-05 -7.199351E-04
201111  7.281332E-04 -1.456698E-05
201112  1.329424E-04  6.967965E-04
201113 -5.999773E-04  3.815022E-04
201114 -6.837335E-04 -2.409415E-04
201115 -4.025860E-04 -5.989984E-04
201116 -1.443673E-04 -7.025879E-04
201117 -5.219762E-05 -7.145166E-04
201118 -1.444359E-04 -7.025697E-04
201119 -4.026303E-04 -5.989529E-04
201120 -6.836509E-04 -2.409007E-04
201121 -5.998083E-04  3.814814E-04
201122  1.330482E-04  6.967559E-04
201123  7.281391E-04 -1.447770E-05
201124 -6.439619E-05 -7.196659E-04
201125 -6.806033E-04  2.728130E-04
201126  5.608168E-04  4.544265E-04
201127 -2.799854E-05 -7.211306E-04
201128 -4.233718E-04  6.000528E-04
201129  6.734407E-04 -3.070990E-04
201130 -7.366759E-04  7.088182E-05
201131  7.428030E-04  1.100574E-04
201132 -7.248754E-04 -1.635323E-04
201133  7.370478E-04  2.018750E-04
201134 -7.415726E-04 -1.328729E-04
201135  7.669493E-04  8.641823E-05
201136 -7.683507E-04  3.876446E-05
201137  7.691887E-04 -1.098172E-04
201138 -7.559717E-04  2.012277E-04
201139  7.545514E-04 -2.235463E-04
201140 -7.711541E-04  2.023210E-04
201141  7.862391E-04 -1.009289E-04
201142 -7.931758E-04 -1.306899E-04
201143  6.915251E-04  4.261964E-04
201144 -3.072358E-04 -7.609778E-04
201145 -3.239721E-04  7.420018E-04
201146  8.002843E-04 -1.284540E-04
201147 -3.677235E-04 -7.401841E-04
201148 -7.117451E-04  3.998431E-04
201149  2.433583E-04  7.809883E-04
201150  8.023470E-04  1.616795E-04
201151  6.897879E-04 -4.492285E-04
201152  4.215901E-04 -7.161583E-04
201153  6.229102E-04 -4.838920E-04
201154  6.844844E-04 -3.857671E-04
201155  7.772296E-04 -4.915858E-05
201156  5.999046E-04  4.953031E-04
201157 -1.210651E-04  7.721176E-04
201158 -7.817171E-04  7.933911E-05
201159 -8.654457E-05 -7.874376E-04
201160  7.658042E-04  1.085874E-04
201161 -4.692816E-04  6.205741E-04
201162 -1.744318E-04 -7.669657E-04
201163  6.243233E-04  4.662905E-04
201164 -7.593576E-04 -1.320074E-04
201165  7.475085E-04 -1.580787E-04
201166 -6.990771E-04  3.071265E-04
201167  6.482533E-04 -3.891021E-04
201168 -6.248939E-04  4.215672E-04
201169  6.259044E-04 -4.021631E-04
201170 -6.326861E-04  3.967318E-04
201171  6.485091E-04 -3.431106E-04
201172 -6.433801E-04  3.577100E-04
201173  6.385902E-04 -3.434562E-04
201174 -5.913123E-04  4.261537E-04
201175  5.108877E-04 -4.962258E-04
201176 -3.386592E-04  6.383562E-04
201177  5.766273E-05 -7.017814E-04
201178  3.378396E-04  6.351349E-04
201179 -6.628943E-04 -2.330337E-04
201180  5.822943E-04 -3.718240E-04
201181  5.338445E-05  6.917336E-04
201182 -6.902619E-04 -1.127698E-04
201183  1.421221E-04 -6.815146E-04
201184  6.957255E-04 -4.777426E-06
201185  2.818439E-04  6.153038E-04
201186 -3.187796E-04  6.062621E-04
201187 -6.263171E-04  3.043575E-04
201188 -6.974172E-04  5.063840E-05
201189 -6.991304E-04 -3.919700E-05
201190 -6.974797E-04  5.064306E-05
201191 -6.263667E-04  3.044060E-04
201192 -3.187040E-04  6.063543E-04
201193  2.820281E-04  6.153666E-04
201194  6.958457E-04 -4.758547E-06
201195  1.420847E-04 -6.814102E-04
201196 -6.903988E-04 -1.125032E-04
201197  5.317363E-05  6.920279E-04
201198  5.820174E-04 -3.716500E-04
201199 -6.630878E-04 -2.329473E-04
201200  3.378870E-04  6.352135E-04
201201  5.790316E-05 -7.017293E-04
201202 -3.383818E-04  6.383658E-04
201203  5.111053E-04 -4.961808E-04
201204 -5.912094E-04  4.262924E-04
201205  6.385474E-04 -3.432852E-04
201206 -6.435240E-04  3.578128E-04
201207  6.483526E-04 -3.431103E-04
201208 -6.328018E-04  3.966550E-04
201209  6.258510E-04 -4.022698E-04
201210 -6.248705E-04  4.214819E-04
201211  6.483011E-04 -3.891587E-04
201212 -6.991508E-04  3.070419E-04
201213  7.472556E-04 -1.582222E-04
201214 -7.595979E-04 -1.321421E-04
201215  6.242931E-04  4.662379E-04
201216 -1.743729E-04 -7.669773E-04
201217 -4.693728E-04  6.205383E-04
201218  7.655941E-04  1.085850E-04
201219 -8.668206E-05 -7.873526E-04
201220 -7.817568E-04  7.937956E-05
201221 -1.211121E-04  7.719796E-04
201222  5.998294E-04  4.951108E-04
201223  7.771881E-04 -4.919791E-05
201224  6.844869E-04 -3.856911E-04
