Mesh2HRTF 1.0.0-dev
    1
    1  1225
200000 -1.024811E-03  1.020248E-03
200001  9.537389E-05 -1.571689E-03
200002  1.762677E-04 -1.562375E-03
200003  4.137271E-04 -1.509588E-03
200004  7.798688E-04 -1.343356E-03
200005  1.192485E-03 -9.701245E-04
200006  1.484657E-03 -3.285738E-04
200007  1.420516E-03  5.161885E-04
200008  8.114713E-04  1.287054E-03
200009 -2.694682E-04  1.534986E-03
200010 -1.325832E-03  9.169494E-04
200011 -1.605723E-03 -3.769312E-04
200012 -7.154381E-04 -1.467598E-03
200013  7.587654E-04 -1.357515E-03
200014  1.469946E-03  5.410278E-06
200015  6.009216E-04  1.330873E-03
200016 -1.012381E-03  1.153625E-03
200017 -1.554452E-03 -4.133189E-04
200018 -3.330052E-04 -1.581882E-03
200019  1.250385E-03 -9.556275E-04
200020  1.339806E-03  7.189124E-04
200021 -1.064355E-04  1.459943E-03
200022 -1.339091E-03  4.638199E-04
200023 -9.761245E-04 -1.065271E-03
200024  5.242935E-04 -1.478445E-03
200025  1.631602E-03 -4.570533E-04
200026  1.429129E-03  9.497534E-04
200027  2.734139E-04  1.586940E-03
200028 -8.598537E-04  1.154629E-03
200029 -1.291788E-03  1.439470E-04
200030 -9.749016E-04 -7.801287E-04
200031 -2.599622E-04 -1.243339E-03
200032  4.701803E-04 -1.231785E-03
200033  1.001033E-03 -9.279457E-04
200034  1.295687E-03 -5.360012E-04
200035  1.416429E-03 -1.960209E-04
200036  1.447509E-03  2.321651E-05
200037  1.450603E-03  9.785627E-05
200038  1.447520E-03  2.321666E-05
200039  1.416449E-03 -1.960208E-04
200040  1.295715E-03 -5.360015E-04
200041  1.001067E-03 -9.279471E-04
200042  4.702179E-04 -1.231788E-03
200043 -2.599235E-04 -1.243346E-03
200044 -9.748639E-04 -7.801394E-04
200045 -1.291753E-03  1.439304E-04
200046 -8.598231E-04  1.154605E-03
200047  2.734394E-04  1.586907E-03
200048  1.429149E-03  9.497106E-04
200049  1.631616E-03 -4.571071E-04
200050  5.243023E-04 -1.478510E-03
200051 -9.761209E-04 -1.065347E-03
200052 -1.339092E-03  4.637335E-04
200053 -1.064413E-04  1.459847E-03
200054  1.339796E-03  7.188105E-04
200055  1.250372E-03 -9.557336E-04
200056 -3.330220E-04 -1.581989E-03
200057 -1.554471E-03 -4.134250E-04
200058 -1.012402E-03  1.153523E-03
200059  6.008985E-04  1.330778E-03
200060  1.469922E-03  5.323342E-06
200061  7.587417E-04 -1.357592E-03
200062 -7.154612E-04 -1.467664E-03
200063 -1.605745E-03 -3.769868E-04
200064 -1.325853E-03  9.169042E-04
200065 -2.694866E-04  1.534951E-03
200066  8.114551E-04  1.287027E-03
200067  1.420502E-03  5.161689E-04
200068  1.484645E-03 -3.285875E-04
200069  1.192476E-03 -9.701336E-04
200070  7.798618E-04 -1.343362E-03
200071  4.137224E-04 -1.509592E-03
200072  1.762654E-04 -1.562376E-03
200073  3.526970E-04  1.561664E-03
200074  1.896833E-04  1.587563E-03
200075 -3.011536E-04  1.562522E-03
200076 -1.022404E-03  1.199483E-03
200077 -1.540322E-03  2.198890E-04
200078 -1.092897E-03 -1.096042E-03
200079  5.075251E-04 -1.490838E-03
200080  1.617121E-03  2.208123E-05
200081  2.552855E-04  1.579813E-03
200082 -1.507867E-03  2.114782E-04
200083  1.035456E-04 -1.525668E-03
200084  1.513636E-03  5.196046E-04
200085 -9.722704E-04  1.210332E-03
200086 -5.552879E-04 -1.393812E-03
200087  1.512655E-03  2.944585E-04
200088 -1.097992E-03  1.094782E-03
200089 -2.242573E-04 -1.496953E-03
200090  1.225891E-03  7.915005E-04
200091 -1.496935E-03  4.575242E-04
200092  4.324070E-04 -1.449416E-03
200093  7.283255E-04  1.192528E-03
200094 -1.538620E-03 -1.238376E-04
200095  7.909020E-04 -1.309873E-03
200096  7.630685E-04  1.210125E-03
200097 -1.354786E-03  1.563677E-04
200098  3.627892E-04 -1.452450E-03
200099  1.592582E-03  4.754802E-04
200100 -2.573334E-04  1.465521E-03
200101 -1.206404E-03 -1.753577E-04
200102  9.639439E-05 -1.221970E-03
200103  1.303831E-03 -3.273085E-04
200104  1.037903E-03  1.082875E-03
200105 -1.096722E-04  1.753993E-03
200106 -1.204568E-03  1.644857E-03
200107 -1.875724E-03  1.233127E-03
200108 -2.179416E-03  8.885948E-04
200109 -2.260263E-03  7.630428E-04
200110 -2.179393E-03  8.886067E-04
200111 -1.875681E-03  1.233151E-03
200112 -1.204513E-03  1.644891E-03
200113 -1.096140E-04  1.754035E-03
200114  1.037956E-03  1.082922E-03
200115  1.303874E-03 -3.272612E-04
200116  9.642459E-05 -1.221929E-03
200117 -1.206385E-03 -1.753276E-04
200118 -2.573234E-04  1.465534E-03
200119  1.592588E-03  4.754719E-04
200120  3.627970E-04 -1.452483E-03
200121 -1.354774E-03  1.563099E-04
200122  7.630863E-04  1.210043E-03
200123  7.909243E-04 -1.309978E-03
200124 -1.538596E-03 -1.239609E-04
200125  7.283459E-04  1.192391E-03
200126  4.324198E-04 -1.449559E-03
200127 -1.496933E-03  4.573820E-04
200128  1.225880E-03  7.913676E-04
200129 -2.242800E-04 -1.497069E-03
200130 -1.098024E-03  1.094688E-03
200131  1.512619E-03  2.943916E-04
200132 -5.553230E-04 -1.393852E-03
200133 -9.722994E-04  1.210316E-03
200134  1.513617E-03  5.196080E-04
200135  1.035394E-04 -1.525651E-03
200136 -1.507860E-03  2.115032E-04
200137  2.553029E-04  1.579841E-03
200138  1.617146E-03  2.210961E-05
200139  5.075522E-04 -1.490811E-03
200140 -1.092872E-03 -1.096017E-03
200141 -1.540302E-03  2.199109E-04
200142 -1.022390E-03  1.199501E-03
200143 -3.011451E-04  1.562535E-03
200144  1.896871E-04  1.587571E-03
200145  1.264859E-04 -1.580514E-03
200146  3.656710E-04 -1.539785E-03
200147  1.004922E-03 -1.209966E-03
200148  1.548093E-03 -1.719570E-04
200149  8.886418E-04  1.271036E-03
200150 -1.062174E-03  1.159754E-03
200151 -1.147504E-03 -1.100692E-03
200152  1.335884E-03 -7.649379E-04
200153 -8.998016E-05  1.526277E-03
200154 -1.101153E-03 -1.127525E-03
200155  1.477943E-03  2.678952E-04
200156 -1.499511E-03  3.432619E-04
200157  1.301870E-03 -7.699041E-04
200158 -1.180972E-03  9.210416E-04
200159  1.143970E-03 -9.808835E-04
200160 -1.130739E-03  9.376096E-04
200161  1.264911E-03 -8.008638E-04
200162 -1.263083E-03  6.922770E-04
200163  1.408359E-03 -4.641089E-04
200164 -1.373687E-03  3.936728E-04
200165  1.415191E-03 -2.499124E-04
200166 -1.420753E-03  3.126303E-04
200167  1.296703E-03 -4.467581E-04
200168 -1.290925E-03  6.845255E-04
200169  8.133955E-04 -1.139938E-03
200170 -3.201280E-04  1.300762E-03
200171 -6.594483E-04 -1.305217E-03
200172  1.395957E-03  2.624979E-04
200173 -8.186737E-04  9.849754E-04
200174 -5.013785E-04 -1.169674E-03
200175  1.450864E-03 -5.088481E-04
200176  9.812220E-04  1.258494E-03
200177 -5.656822E-04  1.331138E-03
200178 -1.260452E-03  3.396932E-04
200179 -1.126682E-03 -4.884543E-04
200180 -8.130291E-04 -8.593311E-04
200181 -6.804613E-04 -9.470549E-04
200182 -8.130501E-04 -8.593104E-04
200183 -1.126725E-03 -4.884139E-04
200184 -1.260517E-03  3.397500E-04
200185 -5.657690E-04  1.331205E-03
200186  9.811198E-04  1.258560E-03
200187  1.450756E-03 -5.087926E-04
200188 -5.014775E-04 -1.169638E-03
200189 -8.187501E-04  9.849870E-04
200190  1.395913E-03  2.624843E-04
200191 -6.594547E-04 -1.305253E-03
200192 -3.201008E-04  1.300709E-03
200193  8.134477E-04 -1.140002E-03
200194 -1.290857E-03  6.844571E-04
200195  1.296777E-03 -4.468260E-04
200196 -1.420679E-03  3.125654E-04
200197  1.415259E-03 -2.499738E-04
200198 -1.373633E-03  3.936148E-04
200199  1.408392E-03 -4.641616E-04
200200 -1.263072E-03  6.922342E-04
200201  1.264902E-03 -8.008915E-04
200202 -1.130760E-03  9.375999E-04
200203  1.143945E-03 -9.808775E-04
200204 -1.180993E-03  9.210572E-04
200205  1.301856E-03 -7.698864E-04
200206 -1.499515E-03  3.432751E-04
200207  1.477950E-03  2.678990E-04
200208 -1.101132E-03 -1.127534E-03
200209 -8.994298E-05  1.526252E-03
200210  1.335933E-03 -7.649755E-04
200211 -1.147451E-03 -1.100737E-03
200212 -1.062129E-03  1.159713E-03
200213  8.886696E-04  1.271006E-03
200214  1.548102E-03 -1.719716E-04
200215  1.004919E-03 -1.209969E-03
200216  3.656656E-04 -1.539784E-03
200217 -1.105447E-03  1.075528E-03
200218 -1.293673E-03  8.331756E-04
200219 -1.528907E-03 -4.053796E-05
200220 -7.950797E-04 -1.300106E-03
200221  1.129452E-03 -1.045244E-03
200222  8.768140E-04  1.276535E-03
200223 -1.498442E-03  1.444936E-04
200224  1.056483E-03 -1.089880E-03
200225 -4.665989E-04  1.441256E-03
200226  2.935718E-04 -1.455711E-03
200227 -4.130126E-04  1.438412E-03
200228  8.730434E-04 -1.186634E-03
200229 -1.332629E-03  6.092884E-04
200230  1.399408E-03  3.741703E-04
200231 -7.057458E-04 -1.274090E-03
200232 -5.906924E-04  1.298781E-03
200233  1.365514E-03 -2.941185E-04
200234 -1.001244E-03 -1.038884E-03
200235 -3.394990E-04  1.338298E-03
200236  1.286726E-03 -5.189298E-04
200237 -1.173537E-03 -6.934985E-04
200238  3.457509E-04  1.342227E-03
200239  6.384008E-04 -1.188019E-03
200240 -1.094637E-03  7.617521E-04
200241  1.334959E-03 -2.252606E-04
200242 -1.331036E-03  4.658982E-05
200243  1.286086E-03 -6.531439E-05
200244 -1.306116E-03  3.980287E-04
200245  7.902027E-04 -1.025946E-03
200246  2.211776E-05  1.236979E-03
200247 -1.234436E-03 -6.010427E-04
200248  7.333346E-04 -1.122717E-03
200249  1.150383E-03  5.689422E-04
200250 -4.609523E-05  1.238560E-03
200251 -9.231504E-04  7.629535E-04
200252 -1.160692E-03  1.958395E-04
200253 -1.173081E-03 -1.236351E-05
200254 -1.160735E-03  1.958085E-04
200255 -9.232346E-04  7.628989E-04
200256 -4.621377E-05  1.238491E-03
200257  1.150243E-03  5.688654E-04
200258  7.331900E-04 -1.122796E-03
200259 -1.234566E-03 -6.011121E-04
200260  2.201972E-05  1.236931E-03
200261  7.901538E-04 -1.025962E-03
200262 -1.306107E-03  3.980470E-04
200263  1.286145E-03 -6.526850E-05
200264 -1.330950E-03  4.665052E-05
200265  1.335041E-03 -2.251986E-04
200266 -1.094577E-03  7.618066E-04
200267  6.384421E-04 -1.187974E-03
200268  3.457906E-04  1.342262E-03
200269 -1.173484E-03 -6.934779E-04
200270  1.286792E-03 -5.189325E-04
200271 -3.394371E-04  1.338270E-03
200272 -1.001205E-03 -1.038926E-03
200273  1.365524E-03 -2.941539E-04
200274 -5.906985E-04  1.298762E-03
200275 -7.057492E-04 -1.274103E-03
200276  1.399417E-03  3.741440E-04
200277 -1.332616E-03  6.092383E-04
200278  8.730406E-04 -1.186701E-03
200279 -4.130461E-04  1.438344E-03
200280  2.935080E-04 -1.455768E-03
200281 -4.666774E-04  1.441212E-03
200282  1.056409E-03 -1.089915E-03
200283 -1.498499E-03  1.444628E-04
200284  8.767711E-04  1.276509E-03
200285  1.129412E-03 -1.045258E-03
200286 -7.951247E-04 -1.300103E-03
200287 -1.528952E-03 -4.052208E-05
200288 -1.293703E-03  8.331903E-04
200289  1.472035E-03 -1.860422E-04
200290  1.471237E-03  1.677970E-04
200291  9.955122E-04  1.089626E-03
200292 -6.372125E-04  1.338734E-03
200293 -1.317703E-03 -7.110950E-04
200294  1.217944E-03 -8.238394E-04
200295 -4.842476E-04  1.378985E-03
200296  6.653365E-05 -1.468818E-03
200297 -2.249104E-04  1.423032E-03
200298  7.622466E-04 -1.223921E-03
200299 -1.379592E-03  3.937525E-04
200300  1.085366E-03  9.022032E-04
200301  4.521892E-04 -1.330503E-03
200302 -1.369677E-03 -1.928024E-04
200303 -1.329910E-04  1.383887E-03
200304  1.364338E-03  2.585525E-04
200305  4.431629E-04 -1.270322E-03
200306 -1.171658E-03 -6.174434E-04
200307 -8.043291E-04  1.064686E-03
200308  9.370791E-04  9.203003E-04
200309  9.345548E-04 -9.084965E-04
200310 -9.780350E-04 -8.992275E-04
200311 -6.744633E-04  1.086575E-03
200312  1.248107E-03  1.574688E-04
200313 -5.565227E-04 -1.150512E-03
200314 -3.495091E-04  1.207931E-03
200315  9.167302E-04 -8.647491E-04
200316 -1.010780E-03  6.988272E-04
200317  1.020580E-03 -7.130433E-04
200318 -5.901140E-04  1.101519E-03
200319 -2.473229E-04 -1.173156E-03
200320  1.160680E-03  3.577719E-04
200321 -5.249741E-04  1.116401E-03
200322 -1.239227E-03 -2.303280E-04
200323 -5.558970E-04 -1.121544E-03
200324  1.244942E-04 -1.220846E-03
200325  3.495132E-04 -1.164936E-03
200326  1.244873E-04 -1.220868E-03
200327 -5.559247E-04 -1.121577E-03
200328 -1.239283E-03 -2.303649E-04
200329 -5.250476E-04  1.116360E-03
200330  1.160609E-03  3.577378E-04
200331 -2.473803E-04 -1.173155E-03
200332 -5.901518E-04  1.101581E-03
200333  1.020572E-03 -7.129248E-04
200334 -1.010743E-03  6.989667E-04
200335  9.168121E-04 -8.646309E-04
200336 -3.494102E-04  1.208004E-03
200337 -5.564487E-04 -1.150482E-03
200338  1.248131E-03  1.574708E-04
200339 -6.744792E-04  1.086572E-03
200340 -9.780545E-04 -8.992169E-04
200341  9.345630E-04 -9.084736E-04
200342  9.371189E-04  9.203047E-04
200343 -8.042836E-04  1.064642E-03
200344 -1.171645E-03 -6.175241E-04
200345  4.431193E-04 -1.270385E-03
200346  1.364253E-03  2.585451E-04
200347 -1.330742E-04  1.383922E-03
200348 -1.369721E-03 -1.927715E-04
200349  4.521829E-04 -1.330506E-03
200350  1.085365E-03  9.021744E-04
200351 -1.379620E-03  3.937204E-04
200352  7.621827E-04 -1.223940E-03
200353 -2.249962E-04  1.423037E-03
200354  6.645062E-05 -1.468779E-03
200355 -4.843062E-04  1.379059E-03
200356  1.217916E-03 -8.237511E-04
200357 -1.317713E-03 -7.110193E-04
200358 -6.372268E-04  1.338789E-03
200359  9.954858E-04  1.089669E-03
200360  1.471214E-03  1.678248E-04
200361 -1.367265E-03  3.898023E-04
200362 -1.418191E-03  1.017015E-05
200363 -9.799929E-04 -1.016827E-03
200364  7.691863E-04 -1.192616E-03
200365  9.599323E-04  1.060482E-03
200366 -1.399539E-03 -3.313439E-05
200367  1.346861E-03 -4.142186E-04
200368 -1.355580E-03  2.907409E-04
200369  1.327740E-03  4.239730E-04
200370 -5.082081E-04 -1.268528E-03
200371 -1.002113E-03  9.214471E-04
200372  9.736715E-04  9.326947E-04
200373  1.081226E-03 -7.864112E-04
200374 -3.162305E-04 -1.299078E-03
200375 -1.259245E-03 -4.220808E-04
200376 -1.096753E-03  7.046759E-04
200377 -2.128726E-04  1.261015E-03
200378  7.557534E-04  1.018265E-03
200379  1.255918E-03  1.575668E-04
200380  9.366068E-04 -8.308752E-04
200381 -1.299789E-04 -1.215527E-03
200382 -1.127885E-03 -4.306283E-04
200383 -7.724992E-04  9.462385E-04
200384  8.204834E-04  8.959807E-04
200385  7.880150E-04 -9.007144E-04
200386 -1.129063E-03 -4.390217E-04
200387  3.074478E-04  1.114185E-03
200388  3.590332E-04 -1.135511E-03
200389 -6.818761E-04  9.392181E-04
200390  5.842001E-04 -1.015921E-03
200391 -8.824867E-05  1.150310E-03
200392 -7.729450E-04 -8.346940E-04
200393  1.074745E-03 -4.565906E-04
200394  5.809643E-04  1.026795E-03
200395 -5.860217E-04  9.875583E-04
200396 -1.038613E-03  4.229149E-04
200397 -1.097856E-03  1.848062E-04
200398 -1.038570E-03  4.229213E-04
200399 -5.859707E-04  9.875789E-04
200400  5.810012E-04  1.026818E-03
200401  1.074779E-03 -4.565937E-04
200402 -7.729028E-04 -8.347311E-04
200403 -8.821318E-05  1.150265E-03
200404  5.842117E-04 -1.015940E-03
200405 -6.818781E-04  9.392381E-04
200406  3.590426E-04 -1.135485E-03
200407  3.074757E-04  1.114165E-03
200408 -1.129041E-03 -4.391077E-04
200409  7.879946E-04 -9.008339E-04
200410  8.204067E-04  8.958796E-04
200411 -7.726020E-04  9.461874E-04
200412 -1.127970E-03 -4.306191E-04
200413 -1.300262E-04 -1.215465E-03
200414  9.365893E-04 -8.308049E-04
200415  1.255911E-03  1.575821E-04
200416  7.557313E-04  1.018223E-03
200417 -2.129266E-04  1.260984E-03
200418 -1.096820E-03  7.047144E-04
200419 -1.259278E-03 -4.219937E-04
200420 -3.162097E-04 -1.299010E-03
200421  1.081263E-03 -7.864091E-04
200422  9.736696E-04  9.326514E-04
200423 -1.002161E-03  9.214170E-04
200424 -5.082556E-04 -1.268513E-03
200425  1.327738E-03  4.240144E-04
200426 -1.355535E-03  2.907829E-04
200427  1.346930E-03 -4.141708E-04
200428 -1.399466E-03 -3.307598E-05
200429  9.599968E-04  1.060529E-03
200430  7.692278E-04 -1.192588E-03
200431 -9.799827E-04 -1.016796E-03
200432 -1.418198E-03  1.020165E-05
200433 -6.279673E-04 -1.215536E-03
200434 -2.522913E-04 -1.342372E-03
200435  8.598369E-04 -1.047331E-03
200436  1.125030E-03  7.275167E-04
200437 -1.149784E-03  7.049237E-04
200438  5.350865E-04 -1.230863E-03
200439 -4.390971E-04  1.254436E-03
200440  8.702428E-04 -9.957212E-04
200441 -1.316773E-03  1.573931E-05
200442  4.412014E-04  1.226999E-03
200443  1.229185E-03 -4.005470E-04
200444  3.739290E-05 -1.273573E-03
200445 -1.011121E-03 -7.477615E-04
200446 -1.241774E-03  1.304514E-04
200447 -9.761231E-04  7.689814E-04
200448 -5.607599E-04  1.099461E-03
200449 -1.465361E-04  1.212089E-03
200450  2.392514E-04  1.179264E-03
200451  6.067195E-04  1.016898E-03
200452  9.421240E-04  6.906437E-04
200453  1.150422E-03  1.504885E-04
200454  1.013098E-03 -5.640257E-04
200455  2.896304E-04 -1.116914E-03
200456 -7.958551E-04 -8.089982E-04
200457 -9.887949E-04  5.453077E-04
200458  5.380888E-04  1.011905E-03
200459  7.999978E-04 -7.774938E-04
200460 -1.090837E-03 -1.392893E-04
200461  8.458198E-04  7.171191E-04
200462 -7.050319E-04 -8.495985E-04
200463  8.537373E-04  6.575608E-04
200464 -1.106919E-03 -2.830023E-05
200465  5.034328E-04 -9.701383E-04
200466  9.026003E-04  5.445298E-04
200467 -1.715373E-04  1.049978E-03
200468 -8.247165E-04  7.016871E-04
200469 -9.697059E-04  4.961852E-04
200470 -8.247002E-04  7.016929E-04
200471 -1.715321E-04  1.049986E-03
200472  9.025917E-04  5.445299E-04
200473  5.034450E-04 -9.701493E-04
200474 -1.106879E-03 -2.833078E-05
200475  8.537618E-04  6.574952E-04
200476 -7.050551E-04 -8.496845E-04
200477  8.457684E-04  7.170565E-04
200478 -1.090885E-03 -1.393064E-04
200479  7.999725E-04 -7.774886E-04
200480  5.380900E-04  1.011891E-03
200481 -9.888030E-04  5.452651E-04
200482 -7.959157E-04 -8.090356E-04
200483  2.895371E-04 -1.116915E-03
200484  1.013031E-03 -5.639926E-04
200485  1.150398E-03  1.505515E-04
200486  9.421166E-04  6.907132E-04
200487  6.066997E-04  1.016925E-03
200488  2.392021E-04  1.179252E-03
200489 -1.466059E-04  1.212100E-03
200490 -5.608033E-04  1.099527E-03
200491 -9.760924E-04  7.690698E-04
200492 -1.241677E-03  1.305041E-04
200493 -1.011033E-03 -7.477842E-04
200494  3.739737E-05 -1.273639E-03
200495  1.229120E-03 -4.005602E-04
200496  4.411635E-04  1.227086E-03
200497 -1.316722E-03  1.585472E-05
200498  8.703453E-04 -9.956807E-04
200499 -4.390182E-04  1.254402E-03
200500  5.351151E-04 -1.230881E-03
200501 -1.149775E-03  7.049644E-04
200502  1.125051E-03  7.275822E-04
200503  8.598594E-04 -1.047263E-03
200504 -2.522835E-04 -1.342316E-03
200505 -1.277807E-03  9.646756E-06
200506 -1.217609E-03 -3.834168E-04
200507 -4.157279E-04 -1.206997E-03
200508  1.197667E-03 -4.576260E-04
200509 -2.363511E-04  1.251677E-03
200510 -3.127907E-04 -1.226428E-03
200511  1.964229E-04  1.243919E-03
200512  5.451690E-04 -1.129790E-03
200513 -1.242671E-03  5.338548E-05
200514  1.397313E-04  1.217967E-03
200515  1.193573E-03  2.305645E-04
200516  8.984966E-04 -8.134435E-04
200517  2.387614E-04 -1.182381E-03
200518 -2.375018E-04 -1.171598E-03
200519 -4.768371E-04 -1.080203E-03
200520 -5.566160E-04 -1.022295E-03
200521 -5.479902E-04 -1.007395E-03
200522 -5.057794E-04 -1.011467E-03
200523 -4.802817E-04 -1.009323E-03
200524 -5.191845E-04 -9.791111E-04
200525 -6.572843E-04 -8.850201E-04
200526 -8.866996E-04 -6.498440E-04
200527 -1.083136E-03 -1.604733E-04
200528 -9.134369E-04  5.787836E-04
200529 -1.922767E-05  1.059012E-03
200530  1.008552E-03  2.996024E-04
200531  2.593184E-04 -1.027993E-03
200532 -1.037982E-03  1.563078E-04
200533  8.450620E-04  6.286434E-04
200534 -5.372222E-04 -8.701221E-04
200535  6.021184E-04  8.651342E-04
200536 -9.040367E-04 -4.504370E-04
200537  9.220007E-04 -4.650029E-04
200538  3.594775E-04  9.779953E-04
200539 -7.797140E-04  6.599776E-04
200540 -1.009173E-03 -4.483877E-05
200541 -9.643513E-04 -2.931484E-04
200542 -1.009191E-03 -4.482065E-05
200543 -7.797703E-04  6.599781E-04
200544  3.593865E-04  9.779723E-04
200545  9.219210E-04 -4.650095E-04
200546 -9.040803E-04 -4.504324E-04
200547  6.020881E-04  8.651099E-04
200548 -5.372552E-04 -8.701604E-04
200549  8.450229E-04  6.286199E-04
200550 -1.038045E-03  1.562919E-04
200551  2.592499E-04 -1.027996E-03
200552  1.008540E-03  2.996191E-04
200553 -1.918825E-05  1.059006E-03
200554 -9.134370E-04  5.787377E-04
200555 -1.083202E-03 -1.605038E-04
200556 -8.867624E-04 -6.498286E-04
200557 -6.573046E-04 -8.849771E-04
200558 -5.191806E-04 -9.790689E-04
200559 -4.802808E-04 -1.009313E-03
200560 -5.058051E-04 -1.011468E-03
200561 -5.480391E-04 -1.007357E-03
200562 -5.566539E-04 -1.022215E-03
200563 -4.768450E-04 -1.080114E-03
200564 -2.374779E-04 -1.171534E-03
200565  2.388129E-04 -1.182352E-03
200566  8.985445E-04 -8.134070E-04
200567  1.193604E-03  2.306455E-04
200568  1.397927E-04  1.218055E-03
200569 -1.242561E-03  5.342076E-05
200570  5.452727E-04 -1.129820E-03
200571  1.964834E-04  1.243868E-03
200572 -3.127549E-04 -1.226423E-03
200573 -2.362939E-04  1.251763E-03
200574  1.197773E-03 -4.575401E-04
200575 -4.156223E-04 -1.206969E-03
200576 -1.217560E-03 -3.834137E-04
200577  4.059416E-04 -1.138819E-03
200578  7.466194E-04 -9.493865E-04
200579  1.204847E-03  7.723038E-05
200580 -1.077202E-04  1.205582E-03
200581 -8.982163E-04 -7.959584E-04
200582  1.106099E-03  4.606576E-04
200583 -9.718828E-04 -6.787743E-04
200584  2.443222E-04  1.164649E-03
200585  1.011354E-03 -5.938846E-04
200586 -4.762759E-04 -1.052671E-03
200587 -1.145127E-03 -9.060893E-05
200588 -9.216063E-04  6.763645E-04
200589 -5.694405E-04  9.801279E-04
200590 -3.963068E-04  1.048345E-03
200591 -4.214139E-04  1.023942E-03
200592 -5.824409E-04  9.281722E-04
200593 -7.931741E-04  7.444754E-04
200594 -9.672141E-04  4.847818E-04
200595 -1.054192E-03  2.070062E-04
200596 -1.062779E-03 -1.267324E-05
200597 -1.042534E-03 -1.134822E-04
200598 -1.034053E-03 -5.307082E-05
200599 -1.005526E-03  2.064290E-04
200600 -7.880231E-04  6.519095E-04
200601 -1.227207E-04  1.011587E-03
200602  8.208840E-04  5.869698E-04
200603  6.991607E-04 -7.213152E-04
200604 -8.506645E-04 -5.353953E-04
200605  5.637510E-05  9.730547E-04
200606  4.267867E-04 -8.948906E-04
200607 -5.135359E-04  8.290034E-04
200608  1.432215E-04 -9.718432E-04
200609  6.261461E-04  7.347882E-04
200610 -8.591086E-04  4.590557E-04
200611 -6.863383E-04 -6.856323E-04
200612 -1.240458E-05 -9.651547E-04
200613  2.350063E-04 -9.350248E-04
200614 -1.238626E-05 -9.651655E-04
200615 -6.863309E-04 -6.856965E-04
200616 -8.591196E-04  4.589623E-04
200617  6.261312E-04  7.347300E-04
200618  1.432092E-04 -9.719016E-04
200619 -5.135362E-04  8.289119E-04
200620  4.268122E-04 -8.949599E-04
200621  5.640839E-05  9.730242E-04
200622 -8.506573E-04 -5.354310E-04
200623  6.991350E-04 -7.213547E-04
200624  8.208571E-04  5.869744E-04
200625 -1.227253E-04  1.011609E-03
200626 -7.880502E-04  6.518835E-04
200627 -1.005602E-03  2.064096E-04
200628 -1.034119E-03 -5.302643E-05
200629 -1.042560E-03 -1.134281E-04
200630 -1.062784E-03 -1.263948E-05
200631 -1.054181E-03  2.070316E-04
200632 -9.672031E-04  4.848201E-04
200633 -7.931827E-04  7.445483E-04
200634 -5.824562E-04  9.282956E-04
200635 -4.214273E-04  1.024098E-03
200636 -3.962959E-04  1.048455E-03
200637 -5.693633E-04  9.801538E-04
200638 -9.214917E-04  6.763626E-04
200639 -1.145034E-03 -9.060710E-05
200640 -4.761872E-04 -1.052737E-03
200641  1.011429E-03 -5.940464E-04
200642  2.443340E-04  1.164503E-03
200643 -9.718764E-04 -6.788453E-04
200644  1.106170E-03  4.606007E-04
200645 -8.980900E-04 -7.960313E-04
200646 -1.075539E-04  1.205475E-03
200647  1.204995E-03  7.707814E-05
200648  7.466842E-04 -9.494971E-04
200649 -1.132745E-03  1.513594E-04
200650 -1.122266E-03 -2.242308E-04
200651 -4.367648E-04 -1.061335E-03
200652  1.076531E-03 -3.764096E-04
200653 -4.005684E-04  1.054868E-03
200654  9.448827E-05 -1.132268E-03
200655 -4.237492E-04  1.034612E-03
200656  1.047866E-03 -3.841110E-04
200657 -6.073193E-04 -9.342716E-04
200658 -1.036960E-03  3.752510E-04
200659 -3.090551E-04  1.047685E-03
200660  3.104549E-04  1.038572E-03
200661  5.719902E-04  9.116453E-04
200662  5.835352E-04  8.955470E-04
200663  4.103778E-04  9.783441E-04
200664  7.671119E-05  1.047418E-03
200665 -3.494836E-04  9.749894E-04
200666 -7.358249E-04  7.071882E-04
200667 -9.605325E-04  3.115002E-04
200668 -1.001563E-03 -7.434409E-05
200669 -9.407288E-04 -3.395220E-04
200670 -8.908522E-04 -4.395859E-04
200671 -9.177143E-04 -3.540129E-04
200672 -9.726657E-04 -3.331638E-05
200673 -8.077025E-04  5.313579E-04
200674 -5.865625E-05  9.639012E-04
200675  8.950662E-04  3.382896E-04
200676  2.444807E-04 -9.020338E-04
200677 -9.044754E-04  2.385676E-04
200678  8.713896E-04  3.510479E-04
200679 -7.882313E-04 -4.896710E-04
200680  8.995435E-04  2.225289E-04
200681 -7.877022E-04  4.755024E-04
200682 -2.614317E-04 -8.943936E-04
200683  7.875631E-04 -4.822444E-04
200684  8.855493E-04  2.216599E-04
200685  7.927909E-04  4.461883E-04
200686  8.855931E-04  2.216334E-04
200687  7.876089E-04 -4.823360E-04
200688 -2.613784E-04 -8.944957E-04
200689 -7.876378E-04  4.754580E-04
200690  8.995971E-04  2.224929E-04
200691 -7.881789E-04 -4.897073E-04
200692  8.714546E-04  3.510202E-04
200693 -9.044194E-04  2.385286E-04
200694  2.445482E-04 -9.020560E-04
200695  8.951433E-04  3.382822E-04
200696 -5.864324E-05  9.638886E-04
200697 -8.077393E-04  5.313600E-04
200698 -9.727116E-04 -3.332798E-05
200699 -9.177839E-04 -3.540115E-04
200700 -8.909132E-04 -4.395220E-04
200701 -9.407578E-04 -3.394850E-04
200702 -1.001580E-03 -7.434501E-05
200703 -9.605222E-04  3.115281E-04
200704 -7.358097E-04  7.072356E-04
200705 -3.495119E-04  9.750220E-04
200706  7.667147E-05  1.047489E-03
200707  4.103792E-04  9.784641E-04
200708  5.836028E-04  8.956217E-04
200709  5.721171E-04  9.116176E-04
200710  3.105677E-04  1.038438E-03
200711 -3.090174E-04  1.047521E-03
200712 -1.036957E-03  3.751041E-04
200713 -6.073436E-04 -9.344174E-04
200714  1.047772E-03 -3.842115E-04
200715 -4.238181E-04  1.034575E-03
200716  9.451110E-05 -1.132352E-03
200717 -4.005296E-04  1.054695E-03
200718  1.076568E-03 -3.766024E-04
200719 -4.367219E-04 -1.061524E-03
200720 -1.122256E-03 -2.243467E-04
200721 -9.457758E-04  5.207335E-04
200722 -1.062301E-03  1.819742E-04
200723 -7.251994E-04 -7.924114E-04
200724  8.497506E-04 -6.594723E-04
200725 -5.148370E-05  1.071629E-03
200726 -2.057688E-04 -1.046447E-03
200727 -1.456681E-04  1.049899E-03
200728  9.020683E-04 -5.535274E-04
200729 -6.982351E-04 -7.852946E-04
200730 -9.365476E-04  4.464115E-04
200731 -2.519855E-04  9.948068E-04
200732  2.654945E-04  9.824454E-04
200733  4.489646E-04  9.044170E-04
200734  3.873224E-04  9.245845E-04
200735  1.272697E-04  9.884666E-04
200736 -2.814390E-04  9.508417E-04
200737 -7.030309E-04  6.886256E-04
200738 -9.474030E-04  2.165249E-04
200739 -9.091923E-04 -3.012969E-04
200740 -6.552019E-04 -6.845005E-04
200741 -3.563364E-04 -8.723823E-04
200742 -1.618458E-04 -9.252819E-04
200743 -1.515338E-04 -9.233041E-04
200744 -3.585723E-04 -8.583934E-04
200745 -7.288210E-04 -5.646316E-04
200746 -8.957806E-04  1.639296E-04
200747 -1.692127E-04  8.859042E-04
200748  8.828400E-04  1.545441E-04
200749 -2.319904E-04 -8.559724E-04
200750 -3.722873E-04  8.156164E-04
200751  5.479167E-04 -6.868296E-04
200752 -3.473411E-04  8.194873E-04
200753 -2.954890E-04 -8.172262E-04
200754  8.808830E-04 -3.484810E-05
200755  2.447284E-04  8.500383E-04
200756 -4.385380E-04  7.614774E-04
200757 -6.235528E-04  6.154447E-04
200758 -4.385003E-04  7.614970E-04
200759  2.447547E-04  8.500261E-04
200760  8.809140E-04 -3.485836E-05
200761 -2.954438E-04 -8.172098E-04
200762 -3.473016E-04  8.194953E-04
200763  5.479470E-04 -6.867793E-04
200764 -3.722511E-04  8.156570E-04
200765 -2.319773E-04 -8.560065E-04
200766  8.828614E-04  1.545244E-04
200767 -1.691513E-04  8.859109E-04
200768 -8.957713E-04  1.638723E-04
200769 -7.288545E-04 -5.646994E-04
200770 -3.585878E-04 -8.584236E-04
200771 -1.515672E-04 -9.233071E-04
200772 -1.618899E-04 -9.252233E-04
200773 -3.563578E-04 -8.723521E-04
200774 -6.552136E-04 -6.845095E-04
200775 -9.091680E-04 -3.012754E-04
200776 -9.473845E-04  2.165542E-04
200777 -7.030794E-04  6.886102E-04
200778 -2.814900E-04  9.508430E-04
200779  1.272807E-04  9.884738E-04
200780  3.873933E-04  9.245627E-04
200781  4.490523E-04  9.043876E-04
200782  2.655403E-04  9.823229E-04
200783 -2.520086E-04  9.946565E-04
200784 -9.366114E-04  4.463522E-04
200785 -6.982979E-04 -7.852696E-04
200786  9.019939E-04 -5.534821E-04
200787 -1.457117E-04  1.049933E-03
200788 -2.057785E-04 -1.046460E-03
200789 -5.154660E-05  1.071529E-03
200790  8.496370E-04 -6.595813E-04
200791 -7.252910E-04 -7.925021E-04
200792 -1.062366E-03  1.819321E-04
200793 -9.786102E-04 -2.985420E-04
200794 -8.250656E-04 -6.002504E-04
200795  5.838279E-05 -1.011409E-03
200796  1.003781E-03  1.467392E-04
200797 -7.658259E-04  6.745692E-04
200798  5.721218E-04 -8.227698E-04
200799 -8.155355E-04  5.972243E-04
200800  9.646988E-04  2.617644E-04
200801  7.989258E-05 -9.830960E-04
200802 -9.187447E-04 -3.504936E-04
200803 -8.588631E-04  4.686904E-04
200804 -5.278344E-04  8.136059E-04
200805 -3.694767E-04  8.853037E-04
200806 -4.371205E-04  8.417681E-04
200807 -6.560836E-04  6.725520E-04
200808 -8.779980E-04  3.209185E-04
200809 -9.156054E-04 -1.767933E-04
200810 -6.641762E-04 -6.459950E-04
200811 -2.036936E-04 -8.909082E-04
200812  2.639767E-04 -8.603477E-04
200813  5.843621E-04 -6.722212E-04
200814  7.333834E-04 -4.973729E-04
200815  7.558092E-04 -4.559879E-04
200816  6.509268E-04 -5.907670E-04
200817  3.050580E-04 -8.208393E-04
200818 -3.710890E-04 -7.876776E-04
200819 -8.580884E-04  2.015694E-05
200820  1.043143E-05  8.456407E-04
200821  7.799047E-04 -3.474607E-04
200822 -8.083090E-04 -2.732220E-04
200823  7.020405E-04  4.596440E-04
200824 -7.953196E-04 -2.886595E-04
200825  7.732415E-04 -3.119501E-04
200826  5.412340E-05  8.409188E-04
200827 -8.062041E-04  2.426226E-04
200828 -7.242554E-04 -4.147884E-04
200829 -5.835695E-04 -5.926784E-04
200830 -7.242402E-04 -4.147306E-04
200831 -8.062010E-04  2.426847E-04
200832  5.412231E-05  8.409895E-04
200833  7.732388E-04 -3.119020E-04
200834 -7.953238E-04 -2.886621E-04
200835  7.020064E-04  4.596719E-04
200836 -8.083352E-04 -2.731997E-04
200837  7.798781E-04 -3.474853E-04
200838  1.039197E-05  8.456146E-04
200839 -8.580967E-04  2.015063E-05
200840 -3.710997E-04 -7.877333E-04
200841  3.050547E-04 -8.209187E-04
200842  6.509513E-04 -5.907926E-04
200843  7.558216E-04 -4.559898E-04
200844  7.333811E-04 -4.973269E-04
200845  5.843679E-04 -6.721827E-04
200846  2.639703E-04 -8.603388E-04
200847 -2.036774E-04 -8.909009E-04
200848 -6.641770E-04 -6.459863E-04
200849 -9.156612E-04 -1.768067E-04
200850 -8.780266E-04  3.209294E-04
200851 -6.560614E-04  6.725195E-04
200852 -4.370825E-04  8.416956E-04
200853 -3.694543E-04  8.852823E-04
200854 -5.278413E-04  8.135524E-04
200855 -8.588951E-04  4.686605E-04
200856 -9.188104E-04 -3.504529E-04
200857  7.985539E-05 -9.829888E-04
200858  9.647054E-04  2.618846E-04
200859 -8.155177E-04  5.972896E-04
200860  5.721019E-04 -8.227292E-04
200861 -7.659169E-04  6.745508E-04
200862  1.003632E-03  1.467121E-04
200863  5.825955E-05 -1.011415E-03
200864 -8.251510E-04 -6.002324E-04
200865  2.370829E-04 -9.409588E-04
200866  5.283497E-04 -8.130397E-04
200867  9.662186E-04 -7.960013E-06
200868 -5.581457E-05  9.603734E-04
200869 -7.013206E-04 -6.577280E-04
200870  8.466355E-04  4.458464E-04
200871 -6.684703E-04 -6.784688E-04
200872 -7.727827E-05  9.478737E-04
200873  9.321185E-04 -1.164964E-04
200874  1.151570E-04 -9.229761E-04
200875 -6.515528E-04 -6.597081E-04
200876 -8.924842E-04 -2.385568E-04
200877 -9.162370E-04 -4.533015E-05
200878 -9.040320E-04 -9.281117E-05
200879 -8.405253E-04 -3.225204E-04
200880 -6.316587E-04 -6.330036E-04
200881 -2.339237E-04 -8.594069E-04
200882  2.585972E-04 -8.474383E-04
200883  6.604440E-04 -5.771998E-04
200884  8.461160E-04 -1.836988E-04
200885  8.410312E-04  1.612722E-04
200886  7.690243E-04  3.621686E-04
200887  7.452941E-04  3.976526E-04
200888  8.017994E-04  2.440320E-04
200889  8.159917E-04 -1.530708E-04
200890  4.520494E-04 -6.893290E-04
200891 -4.488638E-04 -6.880636E-04
200892 -6.934622E-04  4.280465E-04
200893  6.645028E-04  4.697472E-04
200894 -1.707984E-04 -7.997067E-04
200895 -3.627910E-05  7.987772E-04
200896 -1.412312E-04 -8.007584E-04
200897  6.348891E-04  4.852475E-04
200898 -6.649808E-04  4.407680E-04
200899 -5.780344E-04 -5.599362E-04
200900  8.165172E-06 -8.048661E-04
200901  2.232647E-04 -7.723901E-04
200902  8.156967E-06 -8.048230E-04
200903 -5.780467E-04 -5.598848E-04
200904 -6.650016E-04  4.408325E-04
200905  6.348587E-04  4.852804E-04
200906 -1.412440E-04 -8.007756E-04
200907 -3.632985E-05  7.987510E-04
200908 -1.708435E-04 -7.997446E-04
200909  6.644803E-04  4.697258E-04
200910 -6.934963E-04  4.280166E-04
200911 -4.488802E-04 -6.880819E-04
200912  4.520511E-04 -6.893417E-04
200913  8.160180E-04 -1.531164E-04
200914  8.018291E-04  2.440205E-04
200915  7.453192E-04  3.976598E-04
200916  7.690483E-04  3.621996E-04
200917  8.410527E-04  1.613061E-04
200918  8.460966E-04 -1.836840E-04
200919  6.604268E-04 -5.772125E-04
200920  2.585668E-04 -8.474472E-04
200921 -2.339777E-04 -8.594122E-04
200922 -6.316683E-04 -6.329722E-04
200923 -8.405018E-04 -3.225359E-04
200924 -9.040184E-04 -9.286732E-05
200925 -9.162412E-04 -4.535836E-05
200926 -8.925074E-04 -2.385896E-04
200927 -6.515799E-04 -6.596596E-04
200928  1.151196E-04 -9.228981E-04
200929  9.321211E-04 -1.164131E-04
200930 -7.723463E-05  9.479809E-04
200931 -6.684366E-04 -6.784120E-04
200932  8.466067E-04  4.458941E-04
200933 -7.013889E-04 -6.577045E-04
200934 -5.591610E-05  9.603931E-04
200935  9.661543E-04 -7.920665E-06
200936  5.283022E-04 -8.130027E-04
200937  8.023532E-04  4.522283E-04
200938  6.138898E-04  6.823848E-04
200939 -2.202666E-04  8.828360E-04
200940 -8.716919E-04 -2.666318E-04
200941  7.479319E-04 -5.379402E-04
200942 -5.362425E-04  7.247550E-04
200943  7.136233E-04 -5.695465E-04
200944 -8.903657E-04 -1.187061E-04
200945  1.309684E-04  8.834767E-04
200946  8.902710E-04  3.717443E-05
200947  5.306350E-04 -7.067759E-04
200948  3.337263E-05 -8.757621E-04
200949 -2.171970E-04 -8.420058E-04
200950 -2.362671E-04 -8.289789E-04
200951 -7.608076E-05 -8.502123E-04
200952  2.170481E-04 -8.185109E-04
200953  5.503853E-04 -6.393989E-04
200954  7.873176E-04 -2.993467E-04
200955  8.311177E-04  1.059340E-04
200956  6.996857E-04  4.436915E-04
200957  5.040027E-04  6.442104E-04
200958  3.650453E-04  7.232648E-04
200959  3.610092E-04  7.200374E-04
200960  5.163665E-04  6.123177E-04
200961  7.444310E-04  2.744842E-04
200962  6.919439E-04 -3.679912E-04
200963 -9.368862E-05 -7.758326E-04
200964 -7.822252E-04  9.848741E-05
200965  3.990590E-04  6.762657E-04
200966  1.368698E-04 -7.640699E-04
200967 -3.093488E-04  7.075199E-04
200968  1.414394E-04 -7.640737E-04
200969  4.220570E-04  6.436807E-04
200970 -7.359605E-04  1.914958E-04
200971 -3.487577E-04 -6.882933E-04
200972  2.566699E-04 -7.336626E-04
200973  4.420131E-04 -6.400169E-04
200974  2.566570E-04 -7.336575E-04
200975 -3.487707E-04 -6.882978E-04
200976 -7.359887E-04  1.915024E-04
200977  4.220209E-04  6.436727E-04
200978  1.414438E-04 -7.640892E-04
200979 -3.093653E-04  7.074781E-04
200980  1.368570E-04 -7.641394E-04
200981  3.990624E-04  6.762378E-04
200982 -7.822237E-04  9.845597E-05
200983 -9.367747E-05 -7.758525E-04
200984  6.919594E-04 -3.679697E-04
200985  7.444614E-04  2.744657E-04
200986  5.163731E-04  6.123082E-04
200987  3.610133E-04  7.200515E-04
200988  3.650619E-04  7.232827E-04
200989  5.040196E-04  6.442295E-04
200990  6.996528E-04  4.436978E-04
200991  8.310797E-04  1.059090E-04
200992  7.872820E-04 -2.993634E-04
200993  5.503508E-04 -6.394089E-04
200994  2.170458E-04 -8.184901E-04
200995 -7.606493E-05 -8.502175E-04
200996 -2.362663E-04 -8.289975E-04
200997 -2.172026E-04 -8.420292E-04
200998  3.335138E-05 -8.757919E-04
200999  5.306069E-04 -7.067125E-04
201000  8.902604E-04  3.725298E-05
201001  1.309957E-04  8.835191E-04
201002 -8.903336E-04 -1.186431E-04
201003  7.136446E-04 -5.695106E-04
201004 -5.362653E-04  7.247897E-04
201005  7.479019E-04 -5.378950E-04
201006 -8.717354E-04 -2.665877E-04
201007 -2.202642E-04  8.828870E-04
201008  6.138880E-04  6.824089E-04
201009 -6.245366E-04  6.055580E-04
201010 -7.831437E-04  3.780791E-04
201011 -7.623092E-04 -4.228803E-04
201012  4.268134E-04 -7.669730E-04
201013  3.843234E-04  7.776385E-04
201014 -6.287410E-04 -5.959716E-04
201015  5.149754E-04  6.912536E-04
201016  8.242012E-05 -8.623179E-04
201017 -8.178953E-04  2.220090E-04
201018  1.555454E-04  8.308153E-04
201019  8.046546E-04  2.631707E-04
201020  7.782706E-04 -3.189441E-04
201021  5.886050E-04 -5.880546E-04
201022  4.975332E-04 -6.550102E-04
201023  5.392164E-04 -6.092232E-04
201024  6.604527E-04 -4.629778E-04
201025  7.735467E-04 -2.150630E-04
201026  7.959828E-04  9.451607E-05
201027  6.996864E-04  3.858651E-04
201028  5.295625E-04  5.899820E-04
201029  3.699428E-04  6.915738E-04
201030  2.968155E-04  7.179177E-04
201031  3.566384E-04  6.848828E-04
201032  5.510137E-04  5.364348E-04
201033  7.513561E-04  1.372362E-04
201034  5.638450E-04 -5.031575E-04
201035 -3.092511E-04 -6.888916E-04
201036 -6.781211E-04  3.509654E-04
201037  6.026856E-04  4.477218E-04
201038 -2.100379E-04 -7.121565E-04
201039  5.535537E-05  7.477630E-04
201040 -2.535019E-04 -6.953477E-04
201041  6.711172E-04  3.219022E-04
201042 -4.918251E-04  5.475134E-04
201043 -6.431249E-04 -3.561627E-04
201044 -1.888979E-04 -7.149149E-04
201045  7.222242E-06 -7.410941E-04
201046 -1.888988E-04 -7.149336E-04
201047 -6.431247E-04 -3.562053E-04
201048 -4.918464E-04  5.474760E-04
201049  6.710910E-04  3.218629E-04
201050 -2.534845E-04 -6.953567E-04
201051  5.537249E-05  7.477354E-04
201052 -2.100149E-04 -7.122168E-04
201053  6.027072E-04  4.476897E-04
201054 -6.780994E-04  3.509382E-04
201055 -3.092262E-04 -6.889051E-04
201056  5.638568E-04 -5.031272E-04
201057  7.513749E-04  1.372287E-04
201058  5.510006E-04  5.364210E-04
201059  3.566200E-04  6.848968E-04
201060  2.968144E-04  7.179251E-04
201061  3.699505E-04  6.915812E-04
201062  5.295298E-04  5.899787E-04
201063  6.996512E-04  3.858399E-04
201064  7.959610E-04  9.450159E-05
201065  7.735372E-04 -2.150762E-04
201066  6.604528E-04 -4.629748E-04
201067  5.392263E-04 -6.092325E-04
201068  4.975277E-04 -6.550041E-04
201069  5.885995E-04 -5.880622E-04
201070  7.782551E-04 -3.189606E-04
201071  8.046271E-04  2.632173E-04
201072  1.555478E-04  8.308811E-04
201073 -8.178642E-04  2.220312E-04
201074  8.243079E-05 -8.622927E-04
201075  5.149863E-04  6.912710E-04
201076 -6.287485E-04 -5.959532E-04
201077  3.843202E-04  7.776884E-04
201078  4.268021E-04 -7.669285E-04
201079 -7.622768E-04 -4.228391E-04
201080 -7.831229E-04  3.780821E-04
201081 -5.821149E-04 -6.012841E-04
201082 -3.710915E-04 -7.493656E-04
201083  3.748891E-04 -7.450357E-04
201084  7.551029E-04  3.468425E-04
201085 -6.933526E-04  4.551111E-04
201086  4.303596E-04 -7.106878E-04
201087 -4.962830E-04  6.532968E-04
201088  7.882077E-04 -2.480691E-04
201089 -5.642714E-04 -5.909770E-04
201090 -5.608098E-04  5.776880E-04
201091  3.412653E-04  7.316625E-04
201092  7.736535E-04  2.343964E-04
201093  7.802939E-04 -1.887004E-04
201094  6.913081E-04 -3.905740E-04
201095  6.539775E-04 -4.337358E-04
201096  6.811521E-04 -3.720980E-04
201097  7.330569E-04 -2.328419E-04
201098  7.630478E-04 -4.606499E-05
201099  7.480150E-04  1.433635E-04
201100  7.019521E-04  2.895615E-04
201101  6.644882E-04  3.618964E-04
201102  6.729547E-04  3.400740E-04
201103  7.271826E-04  1.911233E-04
201104  7.373817E-04 -1.304291E-04
201105  4.771509E-04 -5.679046E-04
201106 -2.233371E-04 -6.983870E-04
201107 -7.298056E-04  6.416408E-05
201108  1.609613E-04  7.106399E-04
201109  5.087654E-04 -5.029753E-04
201110 -7.164457E-04  1.331993E-04
201111  7.114001E-04 -1.888706E-05
201112 -6.768205E-04  2.532016E-04
201113  2.760407E-04 -6.548490E-04
201114  5.617673E-04  4.384774E-04
201115 -2.791117E-04  6.576542E-04
201116 -6.620492E-04  2.650041E-04
201117 -7.075860E-04  8.305642E-05
201118 -6.620383E-04  2.649844E-04
201119 -2.790989E-04  6.576102E-04
201120  5.617589E-04  4.384337E-04
201121  2.760302E-04 -6.548934E-04
201122 -6.768035E-04  2.531978E-04
201123  7.114251E-04 -1.889598E-05
201124 -7.164124E-04  1.331661E-04
201125  5.087901E-04 -5.030024E-04
201126  1.609823E-04  7.106223E-04
201127 -7.297862E-04  6.415763E-05
201128 -2.233343E-04 -6.983642E-04
201129  4.771594E-04 -5.679087E-04
201130  7.373657E-04 -1.304445E-04
201131  7.271586E-04  1.911322E-04
201132  6.729447E-04  3.400736E-04
201133  6.644906E-04  3.618990E-04
201134  7.019295E-04  2.895540E-04
201135  7.479933E-04  1.433451E-04
201136  7.630389E-04 -4.607340E-05
201137  7.330621E-04 -2.328520E-04
201138  6.811524E-04 -3.721030E-04
201139  6.539861E-04 -4.337499E-04
201140  6.913013E-04 -3.905604E-04
201141  7.802868E-04 -1.886976E-04
201142  7.736424E-04  2.343950E-04
201143  3.412446E-04  7.316854E-04
201144 -5.608064E-04  5.777348E-04
201145 -5.642499E-04 -5.909608E-04
201146  7.882080E-04 -2.480646E-04
201147 -4.962757E-04  6.533028E-04
201148  4.303622E-04 -7.106822E-04
201149 -6.933486E-04  4.551522E-04
201150  7.551006E-04  3.468719E-04
201151  3.749196E-04 -7.450091E-04
201152 -3.710691E-04 -7.493739E-04
201153  2.176952E-04 -7.673052E-04
201154  4.343359E-04 -6.666501E-04
201155  7.889762E-04 -7.175705E-05
201156  1.331398E-04  7.840782E-04
201157 -7.608610E-04 -2.468944E-04
201158  7.716220E-04 -1.691782E-04
201159 -7.743955E-04  1.622547E-04
201160  7.536835E-04  2.260480E-04
201161 -2.318176E-04 -7.501977E-04
201162 -6.885190E-04  3.526822E-04
201163  2.011732E-04  7.486409E-04
201164  7.416918E-04  2.368437E-04
201165  7.171304E-04 -2.913842E-04
201166  5.146997E-04 -5.665851E-04
201167  3.557983E-04 -6.681518E-04
201168  2.877571E-04 -6.922938E-04
201169  2.921998E-04 -6.833583E-04
201170  3.352083E-04 -6.566395E-04
201171  3.825498E-04 -6.245967E-04
201172  4.048653E-04 -6.067046E-04
201173  3.750860E-04 -6.236904E-04
201174  2.577832E-04 -6.785668E-04
201175  6.061414E-06 -7.208947E-04
201176 -3.834975E-04 -5.994835E-04
201177 -6.947747E-04 -1.092687E-04
201178 -3.889934E-04  5.872442E-04
201179  5.403722E-04  4.546858E-04
201180  3.027149E-04 -6.313730E-04
201181 -6.917447E-04  1.343202E-04
201182  6.527516E-04  2.206468E-04
201183 -6.503690E-04 -2.648785E-04
201184  6.830447E-04  6.159094E-06
201185 -4.609146E-04  5.238678E-04
201186 -4.207420E-04 -5.508586E-04
201187  4.054521E-04 -5.501813E-04
201188  6.736845E-04 -1.050582E-04
201189  6.784108E-04  7.217146E-05
201190  6.736964E-04 -1.050672E-04
201191  4.054650E-04 -5.502040E-04
201192 -4.207426E-04 -5.508834E-04
201193 -4.609123E-04  5.238384E-04
201194  6.830525E-04  6.158462E-06
201195 -6.503552E-04 -2.648766E-04
201196  6.527727E-04  2.206368E-04
201197 -6.917274E-04  1.343036E-04
201198  3.027241E-04 -6.313805E-04
201199  5.403793E-04  4.546827E-04
201200 -3.889945E-04  5.872550E-04
201201 -6.947705E-04 -1.092719E-04
201202 -3.835050E-04 -5.994954E-04
201203  6.046375E-06 -7.208901E-04
201204  2.577743E-04 -6.785706E-04
201205  3.750860E-04 -6.236885E-04
201206  4.048549E-04 -6.067108E-04
201207  3.825417E-04 -6.246059E-04
201208  3.352046E-04 -6.566424E-04
201209  2.922080E-04 -6.833643E-04
201210  2.877564E-04 -6.923005E-04
201211  3.558072E-04 -6.681661E-04
201212  5.146949E-04 -5.665721E-04
201213  7.171247E-04 -2.913808E-04
201214  7.416831E-04  2.368492E-04
201215  2.011641E-04  7.486442E-04
201216 -6.885185E-04  3.527078E-04
201217 -2.318096E-04 -7.501849E-04
201218  7.536835E-04  2.260467E-04
201219 -7.743890E-04  1.622562E-04
201220  7.716262E-04 -1.691799E-04
201221 -7.608618E-04 -2.468683E-04
201222  1.331365E-04  7.840907E-04
201223  7.889917E-04 -7.174131E-05
201224  4.343496E-04 -6.666578E-04
