Mesh2HRTF 1.0.0-dev
    1
    1  1225
200000 -4.794600E-04 -2.708521E-04
200001 -3.568230E-04 -1.743815E-04
200002 -3.568228E-04 -1.743808E-04
200003 -3.568227E-04 -1.743800E-04
200004 -3.568226E-04 -1.743791E-04
200005 -3.568225E-04 -1.743782E-04
200006 -3.568224E-04 -1.743771E-04
200007 -3.568221E-04 -1.743760E-04
200008 -3.568218E-04 -1.743748E-04
200009 -3.568213E-04 -1.743735E-04
200010 -3.568206E-04 -1.743721E-04
200011 -3.568197E-04 -1.743707E-04
200012 -3.568187E-04 -1.743693E-04
200013 -3.568175E-04 -1.743677E-04
200014 -3.568163E-04 -1.743660E-04
200015 -3.568151E-04 -1.743643E-04
200016 -3.568139E-04 -1.743624E-04
200017 -3.568128E-04 -1.743605E-04
200018 -3.568119E-04 -1.743585E-04
200019 -3.568112E-04 -1.743564E-04
200020 -3.568107E-04 -1.743543E-04
200021 -3.568103E-04 -1.743521E-04
200022 -3.568101E-04 -1.743500E-04
200023 -3.568100E-04 -1.743479E-04
200024 -3.568099E-04 -1.743458E-04
200025 -3.568099E-04 -1.743438E-04
200026 -3.568097E-04 -1.743419E-04
200027 -3.568094E-04 -1.743401E-04
200028 -3.568090E-04 -1.743385E-04
200029 -3.568084E-04 -1.743369E-04
200030 -3.568076E-04 -1.743356E-04
200031 -3.568067E-04 -1.743343E-04
200032 -3.568057E-04 -1.743333E-04
200033 -3.568046E-04 -1.743324E-04
200034 -3.568035E-04 -1.743316E-04
200035 -3.568025E-04 -1.743311E-04
200036 -3.568016E-04 -1.743308E-04
200037 -3.568008E-04 -1.743306E-04
200038 -3.568002E-04 -1.743307E-04
200039 -3.567998E-04 -1.743311E-04
200040 -3.567996E-04 -1.743317E-04
200041 -3.567995E-04 -1.743325E-04
200042 -3.567996E-04 -1.743337E-04
200043 -3.567997E-04 -1.743350E-04
200044 -3.568000E-04 -1.743367E-04
200045 -3.568003E-04 -1.743385E-04
200046 -3.568006E-04 -1.743406E-04
200047 -3.568010E-04 -1.743429E-04
200048 -3.568015E-04 -1.743453E-04
200049 -3.568020E-04 -1.743479E-04
200050 -3.568026E-04 -1.743505E-04
200051 -3.568034E-04 -1.743532E-04
200052 -3.568043E-04 -1.743560E-04
200053 -3.568054E-04 -1.743587E-04
200054 -3.568068E-04 -1.743613E-04
200055 -3.568083E-04 -1.743639E-04
200056 -3.568100E-04 -1.743663E-04
200057 -3.568118E-04 -1.743686E-04
200058 -3.568137E-04 -1.743708E-04
200059 -3.568156E-04 -1.743728E-04
200060 -3.568175E-04 -1.743747E-04
200061 -3.568192E-04 -1.743763E-04
200062 -3.568207E-04 -1.743778E-04
200063 -3.568220E-04 -1.743791E-04
200064 -3.568230E-04 -1.743802E-04
200065 -3.568237E-04 -1.743811E-04
200066 -3.568241E-04 -1.743818E-04
200067 -3.568243E-04 -1.743823E-04
200068 -3.568243E-04 -1.743826E-04
200069 -3.568241E-04 -1.743827E-04
200070 -3.568238E-04 -1.743827E-04
200071 -3.568235E-04 -1.743824E-04
200072 -3.568232E-04 -1.743820E-04
200073 -1.151395E-04  3.142335E-06
200074 -1.151397E-04  3.143417E-06
200075 -1.151413E-04  3.144509E-06
200076 -1.151441E-04  3.145532E-06
200077 -1.151476E-04  3.146424E-06
200078 -1.151511E-04  3.147143E-06
200079 -1.151543E-04  3.147678E-06
200080 -1.151565E-04  3.148048E-06
200081 -1.151574E-04  3.148297E-06
200082 -1.151568E-04  3.148496E-06
200083 -1.151548E-04  3.148734E-06
200084 -1.151513E-04  3.149110E-06
200085 -1.151469E-04  3.149726E-06
200086 -1.151417E-04  3.150684E-06
200087 -1.151365E-04  3.152070E-06
200088 -1.151318E-04  3.153950E-06
200089 -1.151280E-04  3.156356E-06
200090 -1.151256E-04  3.159278E-06
200091 -1.151248E-04  3.162660E-06
200092 -1.151258E-04  3.166402E-06
200093 -1.151283E-04  3.170375E-06
200094 -1.151320E-04  3.174434E-06
200095 -1.151365E-04  3.178438E-06
200096 -1.151412E-04  3.182273E-06
200097 -1.151455E-04  3.185866E-06
200098 -1.151490E-04  3.189183E-06
200099 -1.151512E-04  3.192236E-06
200100 -1.151518E-04  3.195065E-06
200101 -1.151508E-04  3.197728E-06
200102 -1.151481E-04  3.200282E-06
200103 -1.151441E-04  3.202774E-06
200104 -1.151392E-04  3.205232E-06
200105 -1.151337E-04  3.207660E-06
200106 -1.151282E-04  3.210033E-06
200107 -1.151233E-04  3.212306E-06
200108 -1.151194E-04  3.214405E-06
200109 -1.151169E-04  3.216243E-06
200110 -1.151158E-04  3.217720E-06
200111 -1.151160E-04  3.218733E-06
200112 -1.151175E-04  3.219194E-06
200113 -1.151197E-04  3.219033E-06
200114 -1.151222E-04  3.218213E-06
200115 -1.151247E-04  3.216734E-06
200116 -1.151267E-04  3.214629E-06
200117 -1.151280E-04  3.211956E-06
200118 -1.151285E-04  3.208794E-06
200119 -1.151280E-04  3.205225E-06
200120 -1.151268E-04  3.201329E-06
200121 -1.151251E-04  3.197181E-06
200122 -1.151232E-04  3.192849E-06
200123 -1.151214E-04  3.188402E-06
200124 -1.151203E-04  3.183903E-06
200125 -1.151202E-04  3.179418E-06
200126 -1.151214E-04  3.175012E-06
200127 -1.151240E-04  3.170747E-06
200128 -1.151282E-04  3.166671E-06
200129 -1.151336E-04  3.162822E-06
200130 -1.151399E-04  3.159224E-06
200131 -1.151467E-04  3.155891E-06
200132 -1.151534E-04  3.152832E-06
200133 -1.151594E-04  3.150055E-06
200134 -1.151643E-04  3.147571E-06
200135 -1.151675E-04  3.145395E-06
200136 -1.151690E-04  3.143547E-06
200137 -1.151685E-04  3.142043E-06
200138 -1.151663E-04  3.140899E-06
200139 -1.151626E-04  3.140124E-06
200140 -1.151580E-04  3.139718E-06
200141 -1.151529E-04  3.139668E-06
200142 -1.151480E-04  3.139950E-06
200143 -1.151438E-04  3.140528E-06
200144 -1.151409E-04  3.141346E-06
200145  3.371411E-05  8.019948E-05
200146  3.371239E-05  8.020064E-05
200147  3.370699E-05  8.020125E-05
200148  3.369907E-05  8.020115E-05
200149  3.369009E-05  8.020029E-05
200150  3.368149E-05  8.019871E-05
200151  3.367445E-05  8.019656E-05
200152  3.366970E-05  8.019408E-05
200153  3.366761E-05  8.019153E-05
200154  3.366823E-05  8.018915E-05
200155  3.367146E-05  8.018714E-05
200156  3.367705E-05  8.018563E-05
200157  3.368460E-05  8.018473E-05
200158  3.369349E-05  8.018456E-05
200159  3.370284E-05  8.018525E-05
200160  3.371148E-05  8.018693E-05
200161  3.371818E-05  8.018974E-05
200162  3.372181E-05  8.019369E-05
200163  3.372164E-05  8.019865E-05
200164  3.371753E-05  8.020432E-05
200165  3.371000E-05  8.021028E-05
200166  3.370010E-05  8.021602E-05
200167  3.368917E-05  8.022116E-05
200168  3.367856E-05  8.022545E-05
200169  3.366937E-05  8.022892E-05
200170  3.366238E-05  8.023178E-05
200171  3.365803E-05  8.023442E-05
200172  3.365654E-05  8.023722E-05
200173  3.365800E-05  8.024050E-05
200174  3.366238E-05  8.024442E-05
200175  3.366950E-05  8.024895E-05
200176  3.367890E-05  8.025393E-05
200177  3.368973E-05  8.025913E-05
200178  3.370080E-05  8.026428E-05
200179  3.371066E-05  8.026916E-05
200180  3.371795E-05  8.027354E-05
200181  3.372171E-05  8.027723E-05
200182  3.372162E-05  8.028006E-05
200183  3.371811E-05  8.028183E-05
200184  3.371222E-05  8.028242E-05
200185  3.370531E-05  8.028177E-05
200186  3.369870E-05  8.028000E-05
200187  3.369338E-05  8.027734E-05
200188  3.368989E-05  8.027416E-05
200189  3.368833E-05  8.027087E-05
200190  3.368852E-05  8.026781E-05
200191  3.369022E-05  8.026516E-05
200192  3.369317E-05  8.026292E-05
200193  3.369720E-05  8.026087E-05
200194  3.370204E-05  8.025872E-05
200195  3.370723E-05  8.025612E-05
200196  3.371204E-05  8.025285E-05
200197  3.371556E-05  8.024882E-05
200198  3.371679E-05  8.024408E-05
200199  3.371500E-05  8.023878E-05
200200  3.370986E-05  8.023313E-05
200201  3.370164E-05  8.022729E-05
200202  3.369113E-05  8.022142E-05
200203  3.367951E-05  8.021563E-05
200204  3.366808E-05  8.021006E-05
200205  3.365803E-05  8.020489E-05
200206  3.365032E-05  8.020031E-05
200207  3.364561E-05  8.019651E-05
200208  3.364427E-05  8.019366E-05
200209  3.364644E-05  8.019182E-05
200210  3.365201E-05  8.019097E-05
200211  3.366060E-05  8.019099E-05
200212  3.367145E-05  8.019171E-05
200213  3.368344E-05  8.019295E-05
200214  3.369512E-05  8.019451E-05
200215  3.370495E-05  8.019624E-05
200216  3.371157E-05  8.019795E-05
200217  3.700474E-05  3.152217E-05
200218  3.700034E-05  3.152228E-05
200219  3.699186E-05  3.152096E-05
200220  3.698225E-05  3.151808E-05
200221  3.697455E-05  3.151375E-05
200222  3.697081E-05  3.150840E-05
200223  3.697139E-05  3.150268E-05
200224  3.697514E-05  3.149733E-05
200225  3.698007E-05  3.149293E-05
200226  3.698436E-05  3.148983E-05
200227  3.698713E-05  3.148805E-05
200228  3.698869E-05  3.148739E-05
200229  3.699025E-05  3.148757E-05
200230  3.699308E-05  3.148835E-05
200231  3.699780E-05  3.148974E-05
200232  3.700378E-05  3.149198E-05
200233  3.700928E-05  3.149553E-05
200234  3.701207E-05  3.150073E-05
200235  3.701043E-05  3.150754E-05
200236  3.700398E-05  3.151541E-05
200237  3.699395E-05  3.152325E-05
200238  3.698273E-05  3.152984E-05
200239  3.697295E-05  3.153425E-05
200240  3.696646E-05  3.153620E-05
200241  3.696367E-05  3.153621E-05
200242  3.696364E-05  3.153545E-05
200243  3.696467E-05  3.153532E-05
200244  3.696522E-05  3.153706E-05
200245  3.696476E-05  3.154140E-05
200246  3.696400E-05  3.154832E-05
200247  3.696454E-05  3.155719E-05
200248  3.696805E-05  3.156692E-05
200249  3.697525E-05  3.157636E-05
200250  3.698526E-05  3.158456E-05
200251  3.699569E-05  3.159103E-05
200252  3.700346E-05  3.159560E-05
200253  3.700608E-05  3.159835E-05
200254  3.700276E-05  3.159932E-05
200255  3.699487E-05  3.159845E-05
200256  3.698543E-05  3.159564E-05
200257  3.697785E-05  3.159092E-05
200258  3.697461E-05  3.158466E-05
200259  3.697630E-05  3.157767E-05
200260  3.698153E-05  3.157107E-05
200261  3.698775E-05  3.156608E-05
200262  3.699237E-05  3.156368E-05
200263  3.699385E-05  3.156427E-05
200264  3.699229E-05  3.156754E-05
200265  3.698923E-05  3.157239E-05
200266  3.698678E-05  3.157729E-05
200267  3.698661E-05  3.158066E-05
200268  3.698914E-05  3.158137E-05
200269  3.699325E-05  3.157900E-05
200270  3.699684E-05  3.157384E-05
200271  3.699775E-05  3.156660E-05
200272  3.699475E-05  3.155805E-05
200273  3.698803E-05  3.154879E-05
200274  3.697910E-05  3.153918E-05
200275  3.697003E-05  3.152952E-05
200276  3.696258E-05  3.152017E-05
200277  3.695759E-05  3.151167E-05
200278  3.695487E-05  3.150467E-05
200279  3.695361E-05  3.149972E-05
200280  3.695305E-05  3.149719E-05
200281  3.695307E-05  3.149709E-05
200282  3.695430E-05  3.149909E-05
200283  3.695785E-05  3.150260E-05
200284  3.696458E-05  3.150690E-05
200285  3.697440E-05  3.151130E-05
200286  3.698586E-05  3.151527E-05
200287  3.699644E-05  3.151851E-05
200288  3.700337E-05  3.152086E-05
200289 -7.052144E-06 -2.962063E-05
200290 -7.061847E-06 -2.962296E-05
200291 -7.074839E-06 -2.962689E-05
200292 -7.084799E-06 -2.963241E-05
200293 -7.086047E-06 -2.963891E-05
200294 -7.076280E-06 -2.964529E-05
200295 -7.057617E-06 -2.965037E-05
200296 -7.035592E-06 -2.965347E-05
200297 -7.016791E-06 -2.965467E-05
200298 -7.006291E-06 -2.965461E-05
200299 -7.005945E-06 -2.965402E-05
200300 -7.014003E-06 -2.965341E-05
200301 -7.026057E-06 -2.965302E-05
200302 -7.036909E-06 -2.965290E-05
200303 -7.042705E-06 -2.965286E-05
200304 -7.042511E-06 -2.965230E-05
200305 -7.038618E-06 -2.965021E-05
200306 -7.035274E-06 -2.964552E-05
200307 -7.036341E-06 -2.963786E-05
200308 -7.043063E-06 -2.962813E-05
200309 -7.053190E-06 -2.961842E-05
200310 -7.062028E-06 -2.961119E-05
200311 -7.064829E-06 -2.960813E-05
200312 -7.059230E-06 -2.960942E-05
200313 -7.046497E-06 -2.961371E-05
200314 -7.031043E-06 -2.961873E-05
200315 -7.018599E-06 -2.962212E-05
200316 -7.013874E-06 -2.962204E-05
200317 -7.018667E-06 -2.961762E-05
200318 -7.031098E-06 -2.960903E-05
200319 -7.046287E-06 -2.959750E-05
200320 -7.058309E-06 -2.958505E-05
200321 -7.062773E-06 -2.957388E-05
200322 -7.058952E-06 -2.956572E-05
200323 -7.050326E-06 -2.956123E-05
200324 -7.043006E-06 -2.956002E-05
200325 -7.042574E-06 -2.956119E-05
200326 -7.050954E-06 -2.956398E-05
200327 -7.065068E-06 -2.956817E-05
200328 -7.078154E-06 -2.957391E-05
200329 -7.083052E-06 -2.958129E-05
200330 -7.075710E-06 -2.958994E-05
200331 -7.057118E-06 -2.959893E-05
200332 -7.032870E-06 -2.960694E-05
200333 -7.010788E-06 -2.961252E-05
200334 -6.997800E-06 -2.961433E-05
200335 -6.997403E-06 -2.961152E-05
200336 -7.008585E-06 -2.960421E-05
200337 -7.026491E-06 -2.959385E-05
200338 -7.044480E-06 -2.958309E-05
200339 -7.056799E-06 -2.957499E-05
200340 -7.060801E-06 -2.957188E-05
200341 -7.057756E-06 -2.957442E-05
200342 -7.051848E-06 -2.958156E-05
200343 -7.047799E-06 -2.959134E-05
200344 -7.048369E-06 -2.960197E-05
200345 -7.053059E-06 -2.961248E-05
200346 -7.058700E-06 -2.962260E-05
200347 -7.061456E-06 -2.963217E-05
200348 -7.059035E-06 -2.964065E-05
200349 -7.051915E-06 -2.964726E-05
200350 -7.043064E-06 -2.965127E-05
200351 -7.036486E-06 -2.965246E-05
200352 -7.035347E-06 -2.965106E-05
200353 -7.040536E-06 -2.964757E-05
200354 -7.050189E-06 -2.964258E-05
200355 -7.060405E-06 -2.963673E-05
200356 -7.066920E-06 -2.963083E-05
200357 -7.067147E-06 -2.962573E-05
200358 -7.061634E-06 -2.962208E-05
200359 -7.054080E-06 -2.962011E-05
200360 -7.049632E-06 -2.961969E-05
200361 -1.790650E-05 -2.777082E-05
200362 -1.792339E-05 -2.777571E-05
200363 -1.794395E-05 -2.778192E-05
200364 -1.795800E-05 -2.778895E-05
200365 -1.795742E-05 -2.779478E-05
200366 -1.794037E-05 -2.779659E-05
200367 -1.791186E-05 -2.779278E-05
200368 -1.788090E-05 -2.778450E-05
200369 -1.785639E-05 -2.777543E-05
200370 -1.784412E-05 -2.776963E-05
200371 -1.784547E-05 -2.776927E-05
200372 -1.785774E-05 -2.777366E-05
200373 -1.787538E-05 -2.778035E-05
200374 -1.789168E-05 -2.778702E-05
200375 -1.790095E-05 -2.779248E-05
200376 -1.790087E-05 -2.779629E-05
200377 -1.789378E-05 -2.779760E-05
200378 -1.788572E-05 -2.779506E-05
200379 -1.788306E-05 -2.778789E-05
200380 -1.788844E-05 -2.777733E-05
200381 -1.789893E-05 -2.776661E-05
200382 -1.790773E-05 -2.775932E-05
200383 -1.790831E-05 -2.775722E-05
200384 -1.789802E-05 -2.775954E-05
200385 -1.787932E-05 -2.776387E-05
200386 -1.785829E-05 -2.776800E-05
200387 -1.784199E-05 -2.777083E-05
200388 -1.783594E-05 -2.777211E-05
200389 -1.784241E-05 -2.777155E-05
200390 -1.785967E-05 -2.776849E-05
200391 -1.788227E-05 -2.776256E-05
200392 -1.790254E-05 -2.775463E-05
200393 -1.791348E-05 -2.774692E-05
200394 -1.791234E-05 -2.774189E-05
200395 -1.790279E-05 -2.774077E-05
200396 -1.789367E-05 -2.774299E-05
200397 -1.789414E-05 -2.774692E-05
200398 -1.790775E-05 -2.775124E-05
200399 -1.792959E-05 -2.775564E-05
200400 -1.794865E-05 -2.776029E-05
200401 -1.795395E-05 -2.776496E-05
200402 -1.794039E-05 -2.776890E-05
200403 -1.791100E-05 -2.777154E-05
200404 -1.787501E-05 -2.777316E-05
200405 -1.784355E-05 -2.777462E-05
200406 -1.782545E-05 -2.777620E-05
200407 -1.782454E-05 -2.777679E-05
200408 -1.783906E-05 -2.777449E-05
200409 -1.786272E-05 -2.776836E-05
200410 -1.788689E-05 -2.775987E-05
200411 -1.790373E-05 -2.775264E-05
200412 -1.790913E-05 -2.775036E-05
200413 -1.790445E-05 -2.775433E-05
200414 -1.789560E-05 -2.776284E-05
200415 -1.788965E-05 -2.777263E-05
200416 -1.789060E-05 -2.778124E-05
200417 -1.789723E-05 -2.778805E-05
200418 -1.790432E-05 -2.779341E-05
200419 -1.790634E-05 -2.779704E-05
200420 -1.790081E-05 -2.779756E-05
200421 -1.788933E-05 -2.779366E-05
200422 -1.787639E-05 -2.778575E-05
200423 -1.786700E-05 -2.777627E-05
200424 -1.786481E-05 -2.776830E-05
200425 -1.787090E-05 -2.776365E-05
200426 -1.788347E-05 -2.776200E-05
200427 -1.789824E-05 -2.776170E-05
200428 -1.790982E-05 -2.776148E-05
200429 -1.791400E-05 -2.776129E-05
200430 -1.791032E-05 -2.776188E-05
200431 -1.790313E-05 -2.776380E-05
200432 -1.789985E-05 -2.776689E-05
200433 -1.018926E-06  8.167075E-06
200434 -1.039048E-06  8.161062E-06
200435 -1.062985E-06  8.152463E-06
200436 -1.079337E-06  8.142456E-06
200437 -1.080804E-06  8.135955E-06
200438 -1.068309E-06  8.139221E-06
200439 -1.048946E-06  8.154862E-06
200440 -1.030677E-06  8.178469E-06
200441 -1.018283E-06  8.200170E-06
200442 -1.012664E-06  8.210419E-06
200443 -1.012543E-06  8.205760E-06
200444 -1.016377E-06  8.190360E-06
200445 -1.022838E-06  8.172379E-06
200446 -1.029859E-06  8.158324E-06
200447 -1.033943E-06  8.149905E-06
200448 -1.031583E-06  8.145446E-06
200449 -1.022459E-06  8.143616E-06
200450 -1.011180E-06  8.145276E-06
200451 -1.004713E-06  8.151671E-06
200452 -1.006932E-06  8.161422E-06
200453 -1.015396E-06  8.170217E-06
200454 -1.023589E-06  8.174012E-06
200455 -1.026259E-06  8.172548E-06
200456 -1.022753E-06  8.169460E-06
200457 -1.016077E-06  8.168785E-06
200458 -1.009785E-06  8.171247E-06
200459 -1.005886E-06  8.173768E-06
200460 -1.004942E-06  8.172440E-06
200461 -1.007242E-06  8.166184E-06
200462 -1.013371E-06  8.157924E-06
200463 -1.023274E-06  8.152353E-06
200464 -1.034530E-06  8.152226E-06
200465 -1.042040E-06  8.156352E-06
200466 -1.040978E-06  8.160971E-06
200467 -1.031691E-06  8.163085E-06
200468 -1.021812E-06  8.162486E-06
200469 -1.021874E-06  8.160752E-06
200470 -1.036874E-06  8.158815E-06
200471 -1.061252E-06  8.156160E-06
200472 -1.082206E-06  8.152523E-06
200473 -1.088453E-06  8.149742E-06
200474 -1.076947E-06  8.150978E-06
200475 -1.053093E-06  8.157576E-06
200476 -1.026110E-06  8.166734E-06
200477 -1.004011E-06  8.172752E-06
200478 -9.911098E-07  8.171239E-06
200479 -9.881354E-07  8.162758E-06
200480 -9.935255E-07  8.152690E-06
200481 -1.004469E-06  8.147212E-06
200482 -1.017132E-06  8.148557E-06
200483 -1.026832E-06  8.153519E-06
200484 -1.029508E-06  8.156515E-06
200485 -1.024443E-06  8.154437E-06
200486 -1.015749E-06  8.148808E-06
200487 -1.010057E-06  8.143439E-06
200488 -1.011535E-06  8.140378E-06
200489 -1.018765E-06  8.138625E-06
200490 -1.026583E-06  8.136853E-06
200491 -1.030774E-06  8.136731E-06
200492 -1.030934E-06  8.142697E-06
200493 -1.029395E-06  8.157830E-06
200494 -1.028295E-06  8.179807E-06
200495 -1.027948E-06  8.201095E-06
200496 -1.027501E-06  8.213607E-06
200497 -1.026538E-06  8.214023E-06
200498 -1.025760E-06  8.205474E-06
200499 -1.026026E-06  8.194536E-06
200500 -1.026712E-06  8.186328E-06
200501 -1.025409E-06  8.181801E-06
200502 -1.020211E-06  8.178907E-06
200503 -1.013069E-06  8.175654E-06
200504 -1.010432E-06  8.171658E-06
200505  9.948751E-06  2.356608E-05
200506  9.934359E-06  2.356135E-05
200507  9.918897E-06  2.355104E-05
200508  9.910843E-06  2.353634E-05
200509  9.912187E-06  2.352523E-05
200510  9.917071E-06  2.352785E-05
200511  9.918260E-06  2.354809E-05
200512  9.913547E-06  2.357879E-05
200513  9.906495E-06  2.360527E-05
200514  9.902800E-06  2.361466E-05
200515  9.906126E-06  2.360407E-05
200516  9.915623E-06  2.358164E-05
200517  9.926137E-06  2.356027E-05
200518  9.931716E-06  2.354862E-05
200519  9.930768E-06  2.354657E-05
200520  9.927938E-06  2.354841E-05
200521  9.929470E-06  2.355002E-05
200522  9.936326E-06  2.355241E-05
200523  9.943418E-06  2.355833E-05
200524  9.946118E-06  2.356657E-05
200525  9.945428E-06  2.357144E-05
200526  9.945145E-06  2.356838E-05
200527  9.945584E-06  2.355938E-05
200528  9.942565E-06  2.355187E-05
200529  9.932456E-06  2.355192E-05
200530  9.916728E-06  2.355877E-05
200531  9.901526E-06  2.356553E-05
200532  9.893724E-06  2.356490E-05
200533  9.896791E-06  2.355481E-05
200534  9.908350E-06  2.353995E-05
200535  9.920893E-06  2.352834E-05
200536  9.926676E-06  2.352562E-05
200537  9.924232E-06  2.353125E-05
200538  9.919892E-06  2.354001E-05
200539  9.920775E-06  2.354720E-05
200540  9.925912E-06  2.355212E-05
200541  9.926549E-06  2.355634E-05
200542  9.916474E-06  2.355952E-05
200543  9.900095E-06  2.355873E-05
200544  9.888408E-06  2.355245E-05
200545  9.888175E-06  2.354445E-05
200546  9.896806E-06  2.354194E-05
200547  9.906780E-06  2.354909E-05
200548  9.912708E-06  2.356226E-05
200549  9.914310E-06  2.357216E-05
200550  9.914860E-06  2.357083E-05
200551  9.918061E-06  2.355771E-05
200552  9.925160E-06  2.354017E-05
200553  9.933452E-06  2.352812E-05
200554  9.937953E-06  2.352686E-05
200555  9.936082E-06  2.353372E-05
200556  9.930912E-06  2.354135E-05
200557  9.928371E-06  2.354477E-05
200558  9.930856E-06  2.354511E-05
200559  9.935211E-06  2.354624E-05
200560  9.937578E-06  2.354880E-05
200561  9.938062E-06  2.354908E-05
200562  9.938772E-06  2.354448E-05
200563  9.938800E-06  2.353898E-05
200564  9.933898E-06  2.354150E-05
200565  9.921488E-06  2.355780E-05
200566  9.904700E-06  2.358401E-05
200567  9.891118E-06  2.360825E-05
200568  9.887995E-06  2.361897E-05
200569  9.897910E-06  2.361297E-05
200570  9.917165E-06  2.359676E-05
200571  9.937582E-06  2.358087E-05
200572  9.951379E-06  2.357217E-05
200573  9.956355E-06  2.357030E-05
200574  9.956551E-06  2.357069E-05
200575  9.956623E-06  2.357000E-05
200576  9.955707E-06  2.356828E-05
200577  5.938428E-06  8.786044E-06
200578  5.936476E-06  8.784853E-06
200579  5.937732E-06  8.776036E-06
200580  5.945598E-06  8.760030E-06
200581  5.954921E-06  8.746008E-06
200582  5.955761E-06  8.745061E-06
200583  5.944496E-06  8.760210E-06
200584  5.927105E-06  8.783084E-06
200585  5.912588E-06  8.800062E-06
200586  5.906645E-06  8.801944E-06
200587  5.911034E-06  8.789582E-06
200588  5.924381E-06  8.772469E-06
200589  5.940752E-06  8.761921E-06
200590  5.950104E-06  8.763191E-06
200591  5.945427E-06  8.772221E-06
200592  5.930786E-06  8.780434E-06
200593  5.918477E-06  8.783571E-06
200594  5.916382E-06  8.785185E-06
200595  5.921744E-06  8.790643E-06
200596  5.929016E-06  8.798836E-06
200597  5.938077E-06  8.802078E-06
200598  5.950082E-06  8.794629E-06
200599  5.959749E-06  8.779569E-06
200600  5.958083E-06  8.766117E-06
200601  5.942013E-06  8.760824E-06
200602  5.917521E-06  8.762648E-06
200603  5.894403E-06  8.765638E-06
200604  5.881155E-06  8.764583E-06
200605  5.883395E-06  8.758279E-06
200606  5.901524E-06  8.749696E-06
200607  5.926917E-06  8.744178E-06
200608  5.944048E-06  8.745860E-06
200609  5.942405E-06  8.754182E-06
200610  5.927237E-06  8.764472E-06
200611  5.914117E-06  8.773055E-06
200612  5.911475E-06  8.780868E-06
200613  5.913439E-06  8.790455E-06
200614  5.911975E-06  8.799987E-06
200615  5.909427E-06  8.802850E-06
200616  5.913489E-06  8.794612E-06
200617  5.924348E-06  8.779228E-06
200618  5.933515E-06  8.766539E-06
200619  5.933953E-06  8.763412E-06
200620  5.926319E-06  8.768120E-06
200621  5.915858E-06  8.773081E-06
200622  5.907801E-06  8.771801E-06
200623  5.906609E-06  8.763422E-06
200624  5.915210E-06  8.752688E-06
200625  5.930885E-06  8.746630E-06
200626  5.943394E-06  8.749572E-06
200627  5.942341E-06  8.759508E-06
200628  5.928269E-06  8.769887E-06
200629  5.913025E-06  8.776229E-06
200630  5.907351E-06  8.780226E-06
200631  5.911809E-06  8.785770E-06
200632  5.921655E-06  8.791783E-06
200633  5.934707E-06  8.791845E-06
200634  5.949294E-06  8.782239E-06
200635  5.958731E-06  8.768610E-06
200636  5.954744E-06  8.762303E-06
200637  5.936471E-06  8.769742E-06
200638  5.912532E-06  8.786190E-06
200639  5.894444E-06  8.799993E-06
200640  5.890081E-06  8.802351E-06
200641  5.901853E-06  8.793537E-06
200642  5.926469E-06  8.781410E-06
200643  5.954244E-06  8.774620E-06
200644  5.972000E-06  8.776084E-06
200645  5.972007E-06  8.781727E-06
200646  5.959252E-06  8.785500E-06
200647  5.946407E-06  8.785630E-06
200648  5.940501E-06  8.785141E-06
200649 -2.093933E-06 -1.145087E-05
200650 -2.083944E-06 -1.144810E-05
200651 -2.068810E-06 -1.145211E-05
200652 -2.048974E-06 -1.146252E-05
200653 -2.035196E-06 -1.147102E-05
200654 -2.037839E-06 -1.147048E-05
200655 -2.052231E-06 -1.146290E-05
200656 -2.064087E-06 -1.145716E-05
200657 -2.066445E-06 -1.145981E-05
200658 -2.064176E-06 -1.146933E-05
200659 -2.062969E-06 -1.147858E-05
200660 -2.060834E-06 -1.148077E-05
200661 -2.054358E-06 -1.147323E-05
200662 -2.049523E-06 -1.145874E-05
200663 -2.057966E-06 -1.144467E-05
200664 -2.080329E-06 -1.143827E-05
200665 -2.101765E-06 -1.143985E-05
200666 -2.109220E-06 -1.144177E-05
200667 -2.104823E-06 -1.143675E-05
200668 -2.095938E-06 -1.142665E-05
200669 -2.082438E-06 -1.142086E-05
200670 -2.063480E-06 -1.142589E-05
200671 -2.047784E-06 -1.143916E-05
200672 -2.045764E-06 -1.145363E-05
200673 -2.056351E-06 -1.146576E-05
200674 -2.070278E-06 -1.147623E-05
200675 -2.082536E-06 -1.148468E-05
200676 -2.093582E-06 -1.148799E-05
200677 -2.100054E-06 -1.148465E-05
200678 -2.093346E-06 -1.147751E-05
200679 -2.072350E-06 -1.147046E-05
200680 -2.052765E-06 -1.146472E-05
200681 -2.054365E-06 -1.146018E-05
200682 -2.077415E-06 -1.145745E-05
200683 -2.100848E-06 -1.145578E-05
200684 -2.107897E-06 -1.145090E-05
200685 -2.103062E-06 -1.143902E-05
200686 -2.097439E-06 -1.142340E-05
200687 -2.090094E-06 -1.141390E-05
200688 -2.075311E-06 -1.141801E-05
200689 -2.058144E-06 -1.143363E-05
200690 -2.049583E-06 -1.145206E-05
200691 -2.051306E-06 -1.146674E-05
200692 -2.055833E-06 -1.147682E-05
200693 -2.059293E-06 -1.148315E-05
200694 -2.065159E-06 -1.148481E-05
200695 -2.074481E-06 -1.148123E-05
200696 -2.079619E-06 -1.147455E-05
200697 -2.073653E-06 -1.146744E-05
200698 -2.063760E-06 -1.146033E-05
200699 -2.066604E-06 -1.145327E-05
200700 -2.087260E-06 -1.144801E-05
200701 -2.110705E-06 -1.144548E-05
200702 -2.119627E-06 -1.144276E-05
200703 -2.112305E-06 -1.143658E-05
200704 -2.096445E-06 -1.142959E-05
200705 -2.075924E-06 -1.142930E-05
200706 -2.053879E-06 -1.143913E-05
200707 -2.040091E-06 -1.145320E-05
200708 -2.043022E-06 -1.146226E-05
200709 -2.058136E-06 -1.146372E-05
200710 -2.072599E-06 -1.146347E-05
200711 -2.079221E-06 -1.146791E-05
200712 -2.079623E-06 -1.147648E-05
200713 -2.075648E-06 -1.148265E-05
200714 -2.064956E-06 -1.148047E-05
200715 -2.048422E-06 -1.146957E-05
200716 -2.037316E-06 -1.145552E-05
200717 -2.044851E-06 -1.144618E-05
200718 -2.068987E-06 -1.144569E-05
200719 -2.091650E-06 -1.145065E-05
200720 -2.099007E-06 -1.145343E-05
200721 -5.348448E-06 -1.772838E-05
200722 -5.332439E-06 -1.772374E-05
200723 -5.313132E-06 -1.772328E-05
200724 -5.291846E-06 -1.772438E-05
200725 -5.282461E-06 -1.772028E-05
200726 -5.292431E-06 -1.771101E-05
200727 -5.305962E-06 -1.770624E-05
200728 -5.302024E-06 -1.771563E-05
200729 -5.281602E-06 -1.773703E-05
200730 -5.265991E-06 -1.775660E-05
200731 -5.270605E-06 -1.776123E-05
200732 -5.287674E-06 -1.774898E-05
200733 -5.298165E-06 -1.772809E-05
200734 -5.298035E-06 -1.770925E-05
200735 -5.302872E-06 -1.770027E-05
200736 -5.322197E-06 -1.770328E-05
200737 -5.342744E-06 -1.771275E-05
200738 -5.348536E-06 -1.771819E-05
200739 -5.342941E-06 -1.771308E-05
200740 -5.335994E-06 -1.770111E-05
200741 -5.325833E-06 -1.769165E-05
200742 -5.309689E-06 -1.768987E-05
200743 -5.297560E-06 -1.769414E-05
200744 -5.297648E-06 -1.770246E-05
200745 -5.300862E-06 -1.771699E-05
200746 -5.294996E-06 -1.773847E-05
200747 -5.285402E-06 -1.775868E-05
200748 -5.288275E-06 -1.776453E-05
200749 -5.306147E-06 -1.775175E-05
200750 -5.320495E-06 -1.773041E-05
200751 -5.313944E-06 -1.771485E-05
200752 -5.295549E-06 -1.771151E-05
200753 -5.292764E-06 -1.771800E-05
200754 -5.315043E-06 -1.772895E-05
200755 -5.340066E-06 -1.773819E-05
200756 -5.345464E-06 -1.773872E-05
200757 -5.336597E-06 -1.772681E-05
200758 -5.328442E-06 -1.770722E-05
200759 -5.319827E-06 -1.769093E-05
200760 -5.304780E-06 -1.768637E-05
200761 -5.291473E-06 -1.769361E-05
200762 -5.289448E-06 -1.770783E-05
200763 -5.290802E-06 -1.772601E-05
200764 -5.281632E-06 -1.774643E-05
200765 -5.265277E-06 -1.776272E-05
200766 -5.260761E-06 -1.776487E-05
200767 -5.278287E-06 -1.774977E-05
200768 -5.304135E-06 -1.772707E-05
200769 -5.315846E-06 -1.771037E-05
200770 -5.311119E-06 -1.770514E-05
200771 -5.311092E-06 -1.770789E-05
200772 -5.329481E-06 -1.771354E-05
200773 -5.351850E-06 -1.771847E-05
200774 -5.357179E-06 -1.771931E-05
200775 -5.345453E-06 -1.771477E-05
200776 -5.328701E-06 -1.770890E-05
200777 -5.310646E-06 -1.770789E-05
200778 -5.292744E-06 -1.771262E-05
200779 -5.285023E-06 -1.771761E-05
200780 -5.292534E-06 -1.771913E-05
200781 -5.302207E-06 -1.772174E-05
200782 -5.298309E-06 -1.773322E-05
200783 -5.284042E-06 -1.775316E-05
200784 -5.276830E-06 -1.777005E-05
200785 -5.285188E-06 -1.777124E-05
200786 -5.298336E-06 -1.775447E-05
200787 -5.301688E-06 -1.772921E-05
200788 -5.298674E-06 -1.770915E-05
200789 -5.307569E-06 -1.770355E-05
200790 -5.333562E-06 -1.771201E-05
200791 -5.357340E-06 -1.772486E-05
200792 -5.360724E-06 -1.773109E-05
200793 -3.874970E-06 -1.015873E-05
200794 -3.859375E-06 -1.015539E-05
200795 -3.844079E-06 -1.015411E-05
200796 -3.828940E-06 -1.014813E-05
200797 -3.829582E-06 -1.013195E-05
200798 -3.849618E-06 -1.011227E-05
200799 -3.863057E-06 -1.010506E-05
200800 -3.845180E-06 -1.012063E-05
200801 -3.805938E-06 -1.015121E-05
200802 -3.779926E-06 -1.017552E-05
200803 -3.789477E-06 -1.017739E-05
200804 -3.822266E-06 -1.015890E-05
200805 -3.845818E-06 -1.013539E-05
200806 -3.845525E-06 -1.012133E-05
200807 -3.839827E-06 -1.012239E-05
200808 -3.848423E-06 -1.013513E-05
200809 -3.861781E-06 -1.014964E-05
200810 -3.862014E-06 -1.015545E-05
200811 -3.854241E-06 -1.014957E-05
200812 -3.851222E-06 -1.013796E-05
200813 -3.848516E-06 -1.012766E-05
200814 -3.840803E-06 -1.012023E-05
200815 -3.838988E-06 -1.011454E-05
200816 -3.847665E-06 -1.011380E-05
200817 -3.848518E-06 -1.012534E-05
200818 -3.826752E-06 -1.015030E-05
200819 -3.797838E-06 -1.017554E-05
200820 -3.791841E-06 -1.018218E-05
200821 -3.817192E-06 -1.016501E-05
200822 -3.848915E-06 -1.013897E-05
200823 -3.855675E-06 -1.012410E-05
200824 -3.837516E-06 -1.012834E-05
200825 -3.826297E-06 -1.014642E-05
200826 -3.841165E-06 -1.016865E-05
200827 -3.861569E-06 -1.018548E-05
200828 -3.861919E-06 -1.018908E-05
200829 -3.849517E-06 -1.017764E-05
200830 -3.842843E-06 -1.015742E-05
200831 -3.838901E-06 -1.013813E-05
200832 -3.830329E-06 -1.012628E-05
200833 -3.827483E-06 -1.012298E-05
200834 -3.836515E-06 -1.012733E-05
200835 -3.839073E-06 -1.014023E-05
200836 -3.816828E-06 -1.016105E-05
200837 -3.781758E-06 -1.018018E-05
200838 -3.766529E-06 -1.018222E-05
200839 -3.788776E-06 -1.016206E-05
200840 -3.830540E-06 -1.013348E-05
200841 -3.856154E-06 -1.011631E-05
200842 -3.852899E-06 -1.011794E-05
200843 -3.844426E-06 -1.013140E-05
200844 -3.853664E-06 -1.014646E-05
200845 -3.869009E-06 -1.015669E-05
200846 -3.867604E-06 -1.015952E-05
200847 -3.852326E-06 -1.015668E-05
200848 -3.839323E-06 -1.015341E-05
200849 -3.830238E-06 -1.015284E-05
200850 -3.823142E-06 -1.015174E-05
200851 -3.827575E-06 -1.014500E-05
200852 -3.844268E-06 -1.013458E-05
200853 -3.851377E-06 -1.013146E-05
200854 -3.831658E-06 -1.014512E-05
200855 -3.799157E-06 -1.017084E-05
200856 -3.785004E-06 -1.019049E-05
200857 -3.803068E-06 -1.018836E-05
200858 -3.835958E-06 -1.016511E-05
200859 -3.855280E-06 -1.013597E-05
200860 -3.855238E-06 -1.011808E-05
200861 -3.857749E-06 -1.011965E-05
200862 -3.876955E-06 -1.013611E-05
200863 -3.895317E-06 -1.015380E-05
200864 -3.892183E-06 -1.016113E-05
200865 -1.232610E-06  1.696053E-06
200866 -1.221128E-06  1.695976E-06
200867 -1.212510E-06  1.694560E-06
200868 -1.204581E-06  1.702657E-06
200869 -1.214439E-06  1.724523E-06
200870 -1.242745E-06  1.749717E-06
200871 -1.257285E-06  1.760631E-06
200872 -1.233701E-06  1.747387E-06
200873 -1.188135E-06  1.718412E-06
200874 -1.159209E-06  1.695231E-06
200875 -1.170259E-06  1.693423E-06
200876 -1.208400E-06  1.709440E-06
200877 -1.236130E-06  1.727013E-06
200878 -1.231810E-06  1.732773E-06
200879 -1.214497E-06  1.723952E-06
200880 -1.211847E-06  1.706892E-06
200881 -1.218132E-06  1.692738E-06
200882 -1.213700E-06  1.689861E-06
200883 -1.204593E-06  1.696654E-06
200884 -1.205427E-06  1.705387E-06
200885 -1.209196E-06  1.712884E-06
200886 -1.208958E-06  1.721953E-06
200887 -1.217266E-06  1.733272E-06
200888 -1.235764E-06  1.740386E-06
200889 -1.239078E-06  1.734072E-06
200890 -1.211405E-06  1.713136E-06
200891 -1.174210E-06  1.690947E-06
200892 -1.163045E-06  1.685826E-06
200893 -1.188880E-06  1.701718E-06
200894 -1.226593E-06  1.722855E-06
200895 -1.239552E-06  1.730278E-06
200896 -1.220372E-06  1.718633E-06
200897 -1.200842E-06  1.694896E-06
200898 -1.207104E-06  1.669093E-06
200899 -1.221819E-06  1.651107E-06
200900 -1.217840E-06  1.648202E-06
200901 -1.203913E-06  1.659472E-06
200902 -1.200477E-06  1.677196E-06
200903 -1.201970E-06  1.694624E-06
200904 -1.200057E-06  1.708769E-06
200905 -1.207414E-06  1.718410E-06
200906 -1.226854E-06  1.722406E-06
200907 -1.232201E-06  1.718223E-06
200908 -1.204158E-06  1.704790E-06
200909 -1.161054E-06  1.690038E-06
200910 -1.140732E-06  1.688925E-06
200911 -1.162780E-06  1.707072E-06
200912 -1.209129E-06  1.731071E-06
200913 -1.239369E-06  1.741704E-06
200914 -1.233752E-06  1.733191E-06
200915 -1.215790E-06  1.714305E-06
200916 -1.215122E-06  1.696135E-06
200917 -1.223391E-06  1.685275E-06
200918 -1.216740E-06  1.683148E-06
200919 -1.200318E-06  1.685266E-06
200920 -1.192853E-06  1.685437E-06
200921 -1.192891E-06  1.684010E-06
200922 -1.195467E-06  1.688057E-06
200923 -1.210580E-06  1.702166E-06
200924 -1.235937E-06  1.720942E-06
200925 -1.243627E-06  1.731029E-06
200926 -1.216860E-06  1.722546E-06
200927 -1.176727E-06  1.700613E-06
200928 -1.159698E-06  1.683345E-06
200929 -1.180899E-06  1.685718E-06
200930 -1.221415E-06  1.706224E-06
200931 -1.247013E-06  1.729899E-06
200932 -1.244975E-06  1.741492E-06
200933 -1.238033E-06  1.734973E-06
200934 -1.247702E-06  1.716133E-06
200935 -1.259513E-06  1.699015E-06
200936 -1.251363E-06  1.693731E-06
200937  3.787960E-07  1.050167E-05
200938  3.855326E-07  1.049805E-05
200939  3.891033E-07  1.049300E-05
200940  3.928389E-07  1.049961E-05
200941  3.783048E-07  1.052024E-05
200942  3.466324E-07  1.054406E-05
200943  3.314866E-07  1.055668E-05
200944  3.530541E-07  1.054982E-05
200945  3.928184E-07  1.052885E-05
200946  4.176308E-07  1.051044E-05
200947  4.087433E-07  1.050729E-05
200948  3.754375E-07  1.051647E-05
200949  3.510705E-07  1.052517E-05
200950  3.597633E-07  1.052419E-05
200951  3.847048E-07  1.051302E-05
200952  3.944394E-07  1.049754E-05
200953  3.916420E-07  1.048739E-05
200954  3.974089E-07  1.048855E-05
200955  4.061694E-07  1.049574E-05
200956  4.028648E-07  1.050038E-05
200957  3.963234E-07  1.050343E-05
200958  3.934923E-07  1.051101E-05
200959  3.796540E-07  1.052274E-05
200960  3.549453E-07  1.053133E-05
200961  3.479051E-07  1.052934E-05
200962  3.728126E-07  1.051606E-05
200963  4.068619E-07  1.050150E-05
200964  4.182798E-07  1.049910E-05
200965  3.978157E-07  1.051051E-05
200966  3.650923E-07  1.052227E-05
200967  3.526901E-07  1.052096E-05
200968  3.723050E-07  1.050580E-05
200969  3.966061E-07  1.048368E-05
200970  3.965340E-07  1.046130E-05
200971  3.855360E-07  1.044668E-05
200972  3.909095E-07  1.044655E-05
200973  4.039469E-07  1.045766E-05
200974  4.043317E-07  1.047109E-05
200975  3.999238E-07  1.048364E-05
200976  3.986939E-07  1.049580E-05
200977  3.855493E-07  1.050613E-05
200978  3.601902E-07  1.051338E-05
200979  3.523716E-07  1.051629E-05
200980  3.786817E-07  1.051255E-05
200981  4.180209E-07  1.050541E-05
200982  4.367329E-07  1.050549E-05
200983  4.189579E-07  1.051776E-05
200984  3.787651E-07  1.053211E-05
200985  3.520231E-07  1.053439E-05
200986  3.608875E-07  1.052246E-05
200987  3.849419E-07  1.050475E-05
200988  3.919884E-07  1.048936E-05
200989  3.875602E-07  1.048109E-05
200990  3.958330E-07  1.048107E-05
200991  4.109191E-07  1.048326E-05
200992  4.136213E-07  1.048084E-05
200993  4.083550E-07  1.047701E-05
200994  4.014587E-07  1.048102E-05
200995  3.813411E-07  1.049619E-05
200996  3.516086E-07  1.051645E-05
200997  3.423443E-07  1.053043E-05
200998  3.677036E-07  1.052935E-05
200999  4.043548E-07  1.051589E-05
201000  4.196530E-07  1.050362E-05
201001  4.014951E-07  1.050437E-05
201002  3.651048E-07  1.051720E-05
201003  3.415888E-07  1.053140E-05
201004  3.471316E-07  1.053689E-05
201005  3.615809E-07  1.052975E-05
201006  3.594980E-07  1.051392E-05
201007  3.518996E-07  1.050095E-05
201008  3.615477E-07  1.049914E-05
201009  7.998525E-07  1.437727E-05
201010  8.029908E-07  1.437149E-05
201011  8.045297E-07  1.436425E-05
201012  8.075464E-07  1.436844E-05
201013  7.928329E-07  1.438382E-05
201014  7.626342E-07  1.440163E-05
201015  7.483842E-07  1.441350E-05
201016  7.638603E-07  1.441294E-05
201017  7.911148E-07  1.440093E-05
201018  8.080337E-07  1.438811E-05
201019  8.034490E-07  1.438395E-05
201020  7.807427E-07  1.438667E-05
201021  7.633842E-07  1.438795E-05
201022  7.744706E-07  1.438351E-05
201023  8.016369E-07  1.437429E-05
201024  8.136425E-07  1.436351E-05
201025  8.108085E-07  1.435794E-05
201026  8.148115E-07  1.436207E-05
201027  8.218133E-07  1.436883E-05
201028  8.177814E-07  1.436968E-05
201029  8.121981E-07  1.436898E-05
201030  8.104655E-07  1.437420E-05
201031  7.959780E-07  1.438315E-05
201032  7.699116E-07  1.438966E-05
201033  7.604432E-07  1.439017E-05
201034  7.782267E-07  1.438434E-05
201035  8.022761E-07  1.437742E-05
201036  8.104375E-07  1.437734E-05
201037  7.980210E-07  1.438399E-05
201038  7.762783E-07  1.438732E-05
201039  7.678911E-07  1.437999E-05
201040  7.861593E-07  1.436544E-05
201041  8.111022E-07  1.434940E-05
201042  8.142687E-07  1.433364E-05
201043  8.047623E-07  1.432357E-05
201044  8.086628E-07  1.432608E-05
201045  8.189625E-07  1.433652E-05
201046  8.174213E-07  1.434527E-05
201047  8.131934E-07  1.435242E-05
201048  8.124847E-07  1.436093E-05
201049  7.982880E-07  1.436847E-05
201050  7.720401E-07  1.437471E-05
201051  7.632091E-07  1.438129E-05
201052  7.832881E-07  1.438516E-05
201053  8.114641E-07  1.438454E-05
201054  8.242044E-07  1.438526E-05
201055  8.127071E-07  1.439149E-05
201056  7.847630E-07  1.439686E-05
201057  7.657432E-07  1.439295E-05
201058  7.765413E-07  1.438122E-05
201059  8.019646E-07  1.436870E-05
201060  8.111427E-07  1.435872E-05
201061  8.072732E-07  1.435369E-05
201062  8.139024E-07  1.435550E-05
201063  8.259646E-07  1.435799E-05
201064  8.258055E-07  1.435410E-05
201065  8.198875E-07  1.434882E-05
201066  8.139703E-07  1.435153E-05
201067  7.944062E-07  1.436347E-05
201068  7.649826E-07  1.437987E-05
201069  7.547362E-07  1.439386E-05
201070  7.737756E-07  1.439839E-05
201071  8.001449E-07  1.439291E-05
201072  8.107580E-07  1.438569E-05
201073  7.990051E-07  1.438490E-05
201074  7.733821E-07  1.439017E-05
201075  7.561010E-07  1.439554E-05
201076  7.640071E-07  1.439682E-05
201077  7.820624E-07  1.439205E-05
201078  7.842770E-07  1.438165E-05
201079  7.780955E-07  1.437340E-05
201080  7.860154E-07  1.437448E-05
201081  7.087885E-07  1.470226E-05
201082  7.098600E-07  1.469621E-05
201083  7.117493E-07  1.468916E-05
201084  7.161390E-07  1.469176E-05
201085  7.039054E-07  1.470106E-05
201086  6.780095E-07  1.471168E-05
201087  6.657505E-07  1.472143E-05
201088  6.744306E-07  1.472501E-05
201089  6.882401E-07  1.471952E-05
201090  6.968255E-07  1.471129E-05
201091  6.967010E-07  1.470748E-05
201092  6.854565E-07  1.470670E-05
201093  6.754421E-07  1.470375E-05
201094  6.867843E-07  1.469840E-05
201095  7.121563E-07  1.469276E-05
201096  7.231664E-07  1.468694E-05
201097  7.183356E-07  1.468457E-05
201098  7.188453E-07  1.468967E-05
201099  7.234022E-07  1.469523E-05
201100  7.201543E-07  1.469354E-05
201101  7.180048E-07  1.469098E-05
201102  7.197209E-07  1.469449E-05
201103  7.075830E-07  1.469994E-05
201104  6.834692E-07  1.470332E-05
201105  6.731567E-07  1.470511E-05
201106  6.831170E-07  1.470451E-05
201107  6.955965E-07  1.470242E-05
201108  6.992969E-07  1.470322E-05
201109  6.946340E-07  1.470658E-05
201110  6.845235E-07  1.470529E-05
201111  6.805001E-07  1.469590E-05
201112  6.958942E-07  1.468443E-05
201113  7.187938E-07  1.467534E-05
201114  7.233621E-07  1.466609E-05
201115  7.141339E-07  1.465963E-05
201116  7.148360E-07  1.466343E-05
201117  7.214704E-07  1.467247E-05
201118  7.192862E-07  1.467698E-05
201119  7.174533E-07  1.467977E-05
201120  7.194590E-07  1.468499E-05
201121  7.073046E-07  1.468900E-05
201122  6.835042E-07  1.469259E-05
201123  6.748194E-07  1.470007E-05
201124  6.873129E-07  1.470766E-05
201125  7.023543E-07  1.471006E-05
201126  7.078764E-07  1.471033E-05
201127  7.025730E-07  1.471253E-05
201128  6.879709E-07  1.471279E-05
201129  6.774936E-07  1.470626E-05
201130  6.886929E-07  1.469675E-05
201131  7.120630E-07  1.468999E-05
201132  7.204988E-07  1.468511E-05
201133  7.152884E-07  1.468233E-05
201134  7.183486E-07  1.468487E-05
201135  7.265517E-07  1.468750E-05
201136  7.253398E-07  1.468337E-05
201137  7.221139E-07  1.467825E-05
201138  7.205283E-07  1.467993E-05
201139  7.049661E-07  1.468726E-05
201140  6.787676E-07  1.469767E-05
201141  6.682358E-07  1.470902E-05
201142  6.795405E-07  1.471566E-05
201143  6.939659E-07  1.471478E-05
201144  6.991655E-07  1.471119E-05
201145  6.941800E-07  1.471023E-05
201146  6.804899E-07  1.471092E-05
201147  6.700402E-07  1.471016E-05
201148  6.787082E-07  1.470882E-05
201149  6.972795E-07  1.470701E-05
201150  7.013643E-07  1.470178E-05
201151  6.948910E-07  1.469695E-05
201152  6.991717E-07  1.469938E-05
201153  6.939188E-07  1.344221E-05
201154  6.939520E-07  1.343757E-05
201155  6.972554E-07  1.343290E-05
201156  7.035968E-07  1.343524E-05
201157  6.946835E-07  1.343952E-05
201158  6.736914E-07  1.344404E-05
201159  6.634421E-07  1.345144E-05
201160  6.664988E-07  1.345662E-05
201161  6.696418E-07  1.345429E-05
201162  6.715006E-07  1.344912E-05
201163  6.744417E-07  1.344716E-05
201164  6.721867E-07  1.344627E-05
201165  6.681443E-07  1.344213E-05
201166  6.787069E-07  1.343715E-05
201167  7.005264E-07  1.343468E-05
201168  7.091142E-07  1.343248E-05
201169  7.017849E-07  1.343139E-05
201170  6.983807E-07  1.343552E-05
201171  7.004572E-07  1.343934E-05
201172  6.990227E-07  1.343657E-05
201173  7.014207E-07  1.343419E-05
201174  7.072551E-07  1.343720E-05
201175  6.984480E-07  1.343990E-05
201176  6.772811E-07  1.344089E-05
201177  6.666357E-07  1.344354E-05
201178  6.699380E-07  1.344561E-05
201179  6.729311E-07  1.344489E-05
201180  6.728914E-07  1.344493E-05
201181  6.739357E-07  1.344687E-05
201182  6.725879E-07  1.344504E-05
201183  6.715050E-07  1.343697E-05
201184  6.835324E-07  1.342934E-05
201185  7.036413E-07  1.342594E-05
201186  7.090667E-07  1.342157E-05
201187  6.999134E-07  1.341727E-05
201188  6.968754E-07  1.342083E-05
201189  6.997125E-07  1.342764E-05
201190  6.979329E-07  1.342865E-05
201191  6.995896E-07  1.342855E-05
201192  7.050534E-07  1.343169E-05
201193  6.962184E-07  1.343318E-05
201194  6.759977E-07  1.343452E-05
201195  6.675895E-07  1.344135E-05
201196  6.731014E-07  1.344897E-05
201197  6.769295E-07  1.345053E-05
201198  6.762810E-07  1.344915E-05
201199  6.756661E-07  1.344981E-05
201200  6.720732E-07  1.344933E-05
201201  6.690633E-07  1.344347E-05
201202  6.801176E-07  1.343670E-05
201203  7.002196E-07  1.343416E-05
201204  7.067975E-07  1.343258E-05
201205  6.996913E-07  1.343065E-05
201206  6.984743E-07  1.343270E-05
201207  7.025255E-07  1.343512E-05
201208  7.013748E-07  1.343191E-05
201209  7.025318E-07  1.342858E-05
201210  7.067210E-07  1.343026E-05
201211  6.965642E-07  1.343363E-05
201212  6.744187E-07  1.343831E-05
201213  6.636008E-07  1.344572E-05
201214  6.678942E-07  1.345104E-05
201215  6.723457E-07  1.345080E-05
201216  6.730705E-07  1.344911E-05
201217  6.732266E-07  1.344961E-05
201218  6.690564E-07  1.344922E-05
201219  6.642732E-07  1.344519E-05
201220  6.730890E-07  1.344195E-05
201221  6.910076E-07  1.344211E-05
201222  6.959693E-07  1.344043E-05
201223  6.887150E-07  1.343731E-05
201224  6.886946E-07  1.343950E-05
