Mesh2HRTF 1.0.0-dev
    1
    1  1225
200000 -2.441770E-05  2.065187E-05
200001  1.962792E-05 -1.782250E-05
200002  2.000080E-05 -1.746149E-05
200003  2.000147E-05 -1.660632E-05
200004  1.963251E-05 -1.529297E-05
200005  1.889870E-05 -1.357982E-05
200006  1.781340E-05 -1.155220E-05
200007  1.640488E-05 -9.322237E-06
200008  1.472070E-05 -7.023005E-06
200009  1.282847E-05 -4.796920E-06
200010  1.081222E-05 -2.780274E-06
200011  8.764332E-06 -1.086689E-06
200012  6.774115E-06  2.072959E-07
200013  4.914889E-06  1.071701E-06
200014  3.231958E-06  1.525935E-06
200015  1.734208E-06  1.634531E-06
200016  3.918481E-07  1.496558E-06
200017 -8.579110E-07  1.230267E-06
200018 -2.096669E-06  9.549730E-07
200019 -3.403385E-06  7.723057E-07
200020 -4.828914E-06  7.490053E-07
200021 -6.371601E-06  9.035268E-07
200022 -7.960029E-06  1.198724E-06
200023 -9.448624E-06  1.542659E-06
200024 -1.062986E-05  1.798834E-06
200025 -1.126321E-05  1.805730E-06
200026 -1.111691E-05  1.403514E-06
200027 -1.001431E-05  4.637128E-07
200028 -7.874871E-06 -1.083937E-06
200029 -4.739592E-06 -3.233506E-06
200030 -7.743145E-07 -5.898415E-06
200031  3.750772E-06 -8.922275E-06
200032  8.501001E-06 -1.210308E-05
200033  1.312745E-05 -1.522547E-05
200034  1.731634E-05 -1.809386E-05
200035  2.082747E-05 -2.055921E-05
200036  2.351528E-05 -2.253435E-05
200037  2.533099E-05 -2.399588E-05
200038  2.630892E-05 -2.497402E-05
200039  2.654286E-05 -2.553434E-05
200040  2.615932E-05 -2.575614E-05
200041  2.529325E-05 -2.571224E-05
200042  2.406953E-05 -2.545330E-05
200043  2.259138E-05 -2.499854E-05
200044  2.093491E-05 -2.433318E-05
200045  1.914833E-05 -2.341211E-05
200046  1.725409E-05 -2.216871E-05
200047  1.525316E-05 -2.052796E-05
200048  1.313117E-05 -1.842243E-05
200049  1.086680E-05 -1.580974E-05
200050  8.442479E-06 -1.268954E-05
200051  5.857025E-06 -9.117324E-06
200052  3.138341E-06 -5.212181E-06
200053  3.533989E-07 -1.155696E-06
200054 -2.387821E-06  2.819698E-06
200055 -4.937047E-06  6.452687E-06
200056 -7.121953E-06  9.482846E-06
200057 -8.768247E-06  1.168351E-05
200058 -9.725633E-06  1.289186E-05
200059 -9.892151E-06  1.303052E-05
200060 -9.231732E-06  1.211652E-05
200061 -7.780913E-06  1.025640E-05
200062 -5.643838E-06  7.628694E-06
200063 -2.976870E-06  4.458067E-06
200064  3.338591E-08  9.861987E-07
200065  3.193975E-06 -2.555210E-06
200066  6.326943E-06 -5.965127E-06
200067  9.284836E-06 -9.085271E-06
200068  1.195877E-05 -1.180328E-05
200069  1.427914E-05 -1.404848E-05
200070  1.621036E-05 -1.578291E-05
200071  1.774186E-05 -1.699076E-05
200072  1.887783E-05 -1.766915E-05
200073 -1.518926E-05  1.109327E-05
200074 -1.481030E-05  8.343468E-06
200075 -1.342906E-05  4.847849E-06
200076 -1.136789E-05  1.382277E-06
200077 -9.094070E-06 -1.211858E-06
200078 -7.106685E-06 -2.280531E-06
200079 -5.799192E-06 -1.591602E-06
200080 -5.354972E-06  5.632413E-07
200081 -5.720361E-06  3.464066E-06
200082 -6.656711E-06  6.223493E-06
200083 -7.828555E-06  8.094265E-06
200084 -8.871569E-06  8.685444E-06
200085 -9.412471E-06  8.006442E-06
200086 -9.062152E-06  6.352199E-06
200087 -7.435876E-06  4.115368E-06
200088 -4.245184E-06  1.627317E-06
200089  5.404514E-07 -9.058966E-07
200090  6.520132E-06 -3.363142E-06
200091  1.276812E-05 -5.602789E-06
200092  1.790700E-05 -7.358749E-06
200093  2.038863E-05 -8.207811E-06
200094  1.894953E-05 -7.656198E-06
200095  1.312306E-05 -5.344777E-06
200096  3.624673E-06 -1.306004E-06
200097 -7.585146E-06  3.851394E-06
200098 -1.768386E-05  8.962643E-06
200099 -2.378313E-05  1.259906E-05
200100 -2.391272E-05  1.357160E-05
200101 -1.782349E-05  1.145387E-05
200102 -7.241028E-06  6.875722E-06
200103  4.613383E-06  1.407929E-06
200104  1.410453E-05 -2.961038E-06
200105  1.844233E-05 -4.549701E-06
200106  1.658601E-05 -2.590109E-06
200107  9.423351E-06  2.551796E-06
200108 -7.903947E-07  9.615424E-06
200109 -1.140392E-05  1.699221E-05
200110 -2.028056E-05  2.330100E-05
200111 -2.629811E-05  2.774785E-05
200112 -2.935862E-05  3.017843E-05
200113 -3.006576E-05  3.089328E-05
200114 -2.930811E-05  3.037646E-05
200115 -2.791895E-05  2.906724E-05
200116 -2.646289E-05  2.723051E-05
200117 -2.512383E-05  2.491867E-05
200118 -2.367052E-05  2.199932E-05
200119 -2.152050E-05  1.823894E-05
200120 -1.794632E-05  1.344547E-05
200121 -1.242235E-05  7.652996E-06
200122 -5.007218E-06  1.281370E-06
200123  3.430493E-06 -4.832627E-06
200124  1.132076E-05 -9.609540E-06
200125  1.686670E-05 -1.208284E-05
200126  1.871313E-05 -1.179228E-05
200127  1.650506E-05 -9.019641E-06
200128  1.106535E-05 -4.735955E-06
200129  4.105171E-06 -2.745897E-07
200130 -2.394287E-06  3.121282E-06
200131 -6.851046E-06  4.683808E-06
200132 -8.532907E-06  4.300757E-06
200133 -7.649203E-06  2.459354E-06
200134 -5.112098E-06  1.517332E-08
200135 -2.119446E-06 -2.107024E-06
200136  2.547078E-07 -3.177093E-06
200137  1.325492E-06 -2.819833E-06
200138  8.732214E-07 -1.051047E-06
200139 -9.324414E-07  1.788959E-06
200140 -3.681121E-06  5.157715E-06
200141 -6.868298E-06  8.440122E-06
200142 -9.997831E-06  1.105429E-05
200143 -1.263648E-05  1.252851E-05
200144 -1.444180E-05  1.256332E-05
200145  6.294204E-06  1.648944E-06
200146  5.404433E-06  5.646482E-06
200147  5.525116E-06  6.543949E-06
200148  7.109863E-06  3.526005E-06
200149  9.417792E-06 -1.854275E-06
200150  1.082111E-05 -6.364789E-06
200151  9.970663E-06 -7.250743E-06
200152  6.982468E-06 -4.238772E-06
200153  3.597594E-06  2.982412E-07
200154  2.015567E-06  3.176793E-06
200155  3.228295E-06  2.698661E-06
200156  6.165650E-06 -3.974467E-07
200157  8.332135E-06 -3.827160E-06
200158  7.427485E-06 -5.475838E-06
200159  2.756032E-06 -4.539035E-06
200160 -4.434700E-06 -1.521955E-06
200161 -1.164025E-05  2.430418E-06
200162 -1.616847E-05  6.095728E-06
200163 -1.605599E-05  8.331201E-06
200164 -1.072484E-05  8.129911E-06
200165 -1.428516E-06  4.980058E-06
200166  8.699424E-06 -5.257133E-07
200167  1.539063E-05 -6.402882E-06
200168  1.493125E-05 -9.895095E-06
200169  6.287188E-06 -8.965096E-06
200170 -7.454023E-06 -3.816190E-06
200171 -1.952778E-05  2.700559E-06
200172 -2.234411E-05  6.396774E-06
200173 -1.189105E-05  4.261910E-06
200174  8.686116E-06 -3.314852E-06
200175  2.920919E-05 -1.225020E-05
200176  3.751043E-05 -1.701419E-05
200177  2.708283E-05 -1.428308E-05
200178  2.157163E-06 -5.543201E-06
200179 -2.410526E-05  3.453029E-06
200180 -3.769160E-05  6.306310E-06
200181 -3.232212E-05  1.421942E-07
200182 -1.224320E-05 -1.274802E-05
200183  1.218441E-05 -2.685758E-05
200184  3.177365E-05 -3.720391E-05
200185  4.300700E-05 -4.194475E-05
200186  4.758054E-05 -4.237360E-05
200187  4.895920E-05 -4.102015E-05
200188  4.903681E-05 -3.954193E-05
200189  4.667282E-05 -3.758948E-05
200190  3.856508E-05 -3.307577E-05
200191  2.217846E-05 -2.383230E-05
200192 -7.839536E-07 -9.919790E-06
200193 -2.319525E-05  5.110549E-06
200194 -3.562421E-05  1.558813E-05
200195 -3.232124E-05  1.729656E-05
200196 -1.556297E-05  1.053543E-05
200197  5.338440E-06  1.996617E-08
200198  1.975058E-05 -8.311058E-06
200199  2.184433E-05 -1.086095E-05
200200  1.299687E-05 -7.687552E-06
200201 -3.341587E-07 -1.324511E-06
200202 -1.097040E-05  5.189400E-06
200203 -1.464977E-05  9.568882E-06
200204 -1.131353E-05  1.067884E-05
200205 -4.086227E-06  8.590842E-06
200206  2.983387E-06  4.450546E-06
200207  7.066086E-06 -5.528004E-08
200208  7.554968E-06 -3.542539E-06
200209  5.690896E-06 -5.550187E-06
200210  3.386480E-06 -6.510949E-06
200211  2.116780E-06 -7.184060E-06
200212  2.406007E-06 -8.013983E-06
200213  3.898611E-06 -8.793848E-06
200214  5.730974E-06 -8.750033E-06
200215  6.981818E-06 -7.000410E-06
200216  7.112630E-06 -3.243183E-06
200217 -1.390676E-06 -1.329530E-05
200218 -7.531904E-06 -6.448941E-06
200219 -1.367158E-05  4.029305E-06
200220 -1.446198E-05  8.712058E-06
200221 -8.121769E-06  3.437006E-06
200222  7.082059E-07 -5.602627E-06
200223  4.446831E-06 -8.347439E-06
200224 -4.273924E-07 -1.847302E-06
200225 -9.826116E-06  6.982576E-06
200226 -1.563561E-05  9.402509E-06
200227 -1.297802E-05  3.893515E-06
200228 -4.133437E-06 -3.401270E-06
200229  4.377132E-06 -5.866647E-06
200230  8.126542E-06 -2.710343E-06
200231  7.981737E-06  1.458575E-06
200232  7.504887E-06  1.874286E-06
200233  8.231678E-06 -2.072418E-06
200234  8.183466E-06 -6.856769E-06
200235  4.731256E-06 -8.227969E-06
200236 -1.829557E-06 -4.805079E-06
200237 -7.844571E-06  8.919287E-07
200238 -9.127462E-06  4.663241E-06
200239 -4.109836E-06  4.221450E-06
200240  5.013968E-06  9.958161E-07
200241  1.305813E-05 -1.415170E-06
200242  1.395450E-05 -5.012574E-07
200243  4.690628E-06  3.194002E-06
200244 -1.005995E-05  6.711896E-06
200245 -1.805989E-05  7.008056E-06
200246 -9.086330E-06  3.451000E-06
200247  1.182268E-05 -9.501537E-07
200248  2.323164E-05 -1.174088E-06
200249  6.592054E-06  5.137502E-06
200250 -2.972301E-05  1.357029E-05
200251 -5.074601E-05  1.504491E-05
200252 -2.755857E-05  4.902409E-06
200253  2.895570E-05 -9.312775E-06
200254  7.328401E-05 -1.169519E-05
200255  6.820527E-05  7.482274E-06
200256  1.876507E-05  4.133103E-05
200257 -3.931790E-05  7.267675E-05
200258 -7.747903E-05  9.037824E-05
200259 -9.091346E-05  9.580590E-05
200260 -8.268938E-05  9.264454E-05
200261 -4.997237E-05  7.674060E-05
200262  3.650879E-06  4.299831E-05
200263  5.282863E-05  4.604887E-07
200264  6.477314E-05 -2.842857E-05
200265  3.277374E-05 -2.848725E-05
200266 -1.331679E-05 -8.028307E-06
200267 -3.547652E-05  1.010457E-05
200268 -2.282983E-05  1.191943E-05
200269  4.117218E-06  2.572398E-06
200270  1.931674E-05 -5.110670E-06
200271  1.482634E-05 -5.893846E-06
200272  6.544601E-07 -3.245127E-06
200273 -1.033113E-05 -3.868042E-07
200274 -1.259230E-05  3.281429E-06
200275 -7.285212E-06  7.172870E-06
200276  1.622265E-06  6.855356E-06
200277  9.157335E-06 -3.797089E-07
200278  1.106571E-05 -1.010144E-05
200279  6.701808E-06 -1.432444E-05
200280 -2.524549E-07 -9.739424E-06
200281 -5.141875E-06 -1.590954E-07
200282 -6.243385E-06  8.448390E-06
200283 -5.082365E-06  1.302247E-05
200284 -3.749874E-06  1.364764E-05
200285 -2.790282E-06  1.101887E-05
200286 -1.502682E-06  5.115093E-06
200287  3.082552E-07 -3.498653E-06
200288  1.122275E-06 -1.146823E-05
200289  1.273424E-05  4.237222E-06
200290  1.552902E-05 -9.784946E-06
200291  4.732137E-06 -2.764823E-06
200292 -7.149967E-06  1.011074E-05
200293 -7.422798E-06  7.891637E-06
200294  2.344366E-06 -5.493582E-06
200295  1.050475E-05 -1.040461E-05
200296  9.723860E-06 -1.274522E-06
200297  3.284553E-06  8.220550E-06
200298 -6.729630E-07  6.384975E-06
200299  1.634499E-06 -2.389745E-06
200300  5.695282E-06 -6.414072E-06
200301  3.814375E-06 -1.885566E-06
200302 -5.329936E-06  5.017746E-06
200303 -1.409506E-05  7.753179E-06
200304 -1.420875E-05  6.045830E-06
200305 -5.507972E-06  3.084442E-06
200306  5.056745E-06  6.587448E-07
200307  1.099935E-05 -8.173480E-07
200308  1.118048E-05 -5.441255E-07
200309  7.999622E-06  1.399895E-06
200310  2.497928E-06  2.647628E-06
200311 -6.232744E-06  1.262907E-06
200312 -1.516160E-05 -1.089306E-06
200313 -1.483057E-05 -1.501596E-06
200314 -4.530061E-08 -5.573744E-07
200315  1.719711E-05 -1.472951E-06
200316  1.568848E-05 -4.788671E-06
200317 -7.485075E-06 -7.214829E-06
200318 -2.538447E-05 -6.061977E-06
200319 -1.065977E-05 -2.127302E-06
200320  2.367910E-05  1.876349E-06
200321  3.127857E-05  3.015822E-06
200322 -5.599420E-06 -1.680705E-06
200323 -3.748006E-05 -1.253462E-05
200324 -5.196814E-06 -2.173133E-05
200325  6.316679E-05 -1.399392E-05
200326  6.158024E-05  1.799321E-05
200327 -5.415902E-05  5.220582E-05
200328 -1.781799E-04  3.921219E-05
200329 -1.707822E-04 -5.293917E-05
200330 -4.705494E-05 -1.844549E-04
200331  3.036543E-05 -2.539709E-04
200332 -3.596837E-05 -1.924031E-04
200333 -1.505743E-04 -4.514621E-05
200334 -1.585997E-04  6.666890E-05
200335 -4.796047E-05  7.231272E-05
200336  5.294584E-05  1.395198E-05
200337  5.205990E-05 -2.348594E-05
200338 -7.736638E-06 -1.303473E-05
200339 -3.400407E-05  7.064444E-06
200340 -6.387778E-06  4.070542E-06
200341  2.238723E-05 -9.065115E-06
200342  1.428441E-05 -6.850598E-06
200343 -1.044787E-05  6.548830E-06
200344 -1.619836E-05  8.949425E-06
200345 -2.349441E-06 -1.145307E-06
200346  7.155238E-06 -3.778868E-06
200347  3.801514E-06  6.238348E-06
200348  1.349768E-07  9.102372E-06
200349  3.114292E-06 -5.035617E-06
200350  4.214571E-06 -1.535448E-05
200351 -2.610446E-06 -1.918785E-06
200352 -1.004524E-05  2.143603E-05
200353 -9.841768E-06  2.680043E-05
200354 -4.808361E-06  1.033305E-05
200355 -2.670106E-06 -9.228967E-06
200356 -5.800043E-06 -1.719848E-05
200357 -1.149811E-05 -1.033307E-05
200358 -1.566868E-05  8.411711E-06
200359 -1.302129E-05  2.594827E-05
200360 -1.072071E-06  2.423249E-05
200361 -1.765691E-06  9.551467E-06
200362  1.531466E-05 -1.790127E-05
200363  1.022533E-05 -1.609312E-05
200364 -3.914424E-07  3.806254E-06
200365 -4.372329E-07  5.189688E-06
200366  1.791861E-06 -5.901330E-06
200367 -3.539698E-06 -5.420137E-06
200368 -9.093308E-06  2.614469E-06
200369 -6.880298E-06  1.641169E-06
200370 -1.902483E-06 -6.079800E-06
200371  4.952580E-07 -7.116495E-06
200372  2.322365E-06  4.690736E-07
200373  4.176716E-06  5.770277E-06
200374  4.900795E-06  1.124334E-06
200375  6.537925E-06 -7.530917E-06
200376  8.276836E-06 -8.667271E-06
200377  4.672556E-06 -6.601476E-07
200378 -4.537752E-06  6.718097E-06
200379 -1.293035E-05  6.060469E-06
200380 -1.509226E-05  8.516307E-07
200381 -8.273491E-06 -1.713478E-06
200382  6.524411E-06 -1.111685E-06
200383  1.831922E-05 -1.901425E-06
200384  1.272551E-05 -4.082517E-06
200385 -6.531095E-06 -2.774871E-06
200386 -1.568633E-05  2.005187E-06
200387 -1.399228E-06  4.661683E-06
200388  1.815494E-05  3.729986E-06
200389  1.514860E-05  2.293764E-06
200390 -9.341931E-06  6.394274E-07
200391 -2.088780E-05 -1.015075E-06
200392  3.450713E-06  2.188184E-06
200393  3.160651E-05  9.590965E-06
200394  1.121515E-05  8.102245E-06
200395 -3.907354E-05 -7.954492E-06
200396 -3.148552E-05 -1.697568E-05
200397  4.547934E-05  7.101487E-06
200398  5.810722E-05  5.013004E-05
200399 -7.864882E-05  5.342633E-05
200400 -1.947277E-04 -4.165663E-05
200401 -4.101467E-05 -2.434414E-04
200402  3.169084E-04 -4.782119E-04
200403  4.984246E-04 -6.031254E-04
200404  2.913187E-04 -5.079530E-04
200405 -6.028719E-05 -2.439262E-04
200406 -1.892206E-04 -3.532934E-06
200407 -6.274624E-05  7.152978E-05
200408  6.588533E-05  2.113800E-05
200409  4.560048E-05 -2.471737E-05
200410 -3.090694E-05 -1.156373E-05
200411 -3.555189E-05  1.452045E-05
200412  1.743477E-05  8.086197E-06
200413  3.732074E-05 -1.254715E-05
200414  1.537488E-06 -9.041482E-06
200415 -2.866306E-05  1.227235E-05
200416 -1.052871E-05  1.393733E-05
200417  2.116238E-05 -7.027165E-06
200418  1.704614E-05 -1.220480E-05
200419 -1.030881E-05  8.995314E-06
200420 -1.543835E-05  1.521492E-05
200421  4.725872E-06 -1.004222E-05
200422  1.338692E-05 -1.783538E-05
200423 -2.632738E-06  1.564946E-05
200424 -1.622018E-05  2.822876E-05
200425 -6.528598E-06 -2.186315E-05
200426  1.455404E-05 -6.895215E-05
200427  3.066952E-05 -5.275369E-05
200428  4.134930E-05 -2.675395E-05
200429  4.172250E-05 -5.031653E-05
200430  1.935539E-05 -7.344837E-05
200431 -1.323991E-05 -3.715497E-05
200432 -2.204018E-05  1.204893E-05
200433 -1.242260E-05  2.770381E-05
200434  1.323467E-06 -5.191655E-06
200435 -1.203978E-05 -2.645752E-06
200436 -1.603402E-05  1.149214E-05
200437  1.636608E-06  1.809671E-06
200438  1.085450E-05 -3.944286E-06
200439 -1.002011E-06  7.857941E-06
200440 -8.293155E-06  1.034511E-05
200441  1.979299E-06 -2.820794E-07
200442  7.046074E-06 -2.869215E-06
200443 -2.835024E-06  3.707336E-06
200444 -8.780116E-06  6.328254E-06
200445 -7.105931E-06  2.609479E-06
200446 -7.892359E-06 -1.633357E-06
200447 -6.410145E-06 -1.805898E-06
200448 -3.169258E-07  1.290170E-06
200449  1.971463E-06  1.626983E-06
200450  3.095017E-06 -2.842687E-06
200451  8.887226E-06 -6.305984E-06
200452  9.712161E-06 -5.356089E-06
200453 -1.993344E-06 -1.973465E-06
200454 -1.249860E-05  2.596271E-06
200455 -6.557402E-06  5.469964E-06
200456  7.065507E-06  3.544861E-06
200457  9.322600E-06  8.512004E-07
200458 -1.807347E-06 -2.954158E-07
200459 -1.336187E-05 -4.338775E-06
200460 -1.248006E-05 -6.968405E-06
200461  2.813524E-06  9.680308E-08
200462  1.275159E-05  5.777589E-06
200463 -2.548738E-06 -5.056847E-06
200464 -2.064930E-05 -1.709106E-05
200465 -5.967769E-06 -4.319639E-06
200466  1.693671E-05  1.858432E-05
200467 -2.039146E-06  1.030440E-05
200468 -3.042133E-05 -2.213227E-05
200469  6.652903E-06 -1.942054E-05
200470  6.298374E-05  2.965027E-05
200471  7.472439E-06  5.287695E-05
200472 -1.254181E-04  1.556374E-06
200473 -1.269533E-04 -8.555138E-05
200474  4.271130E-05 -1.565130E-04
200475  1.377656E-04 -1.907026E-04
200476  5.145567E-06 -1.616289E-04
200477 -1.598871E-04 -6.437446E-05
200478 -1.275937E-04  3.049496E-05
200479  1.874736E-05  4.852638E-05
200480  6.404137E-05  8.145638E-06
200481  4.641153E-07 -2.128024E-05
200482 -3.334404E-05 -1.340401E-05
200483 -2.829070E-06  6.495353E-06
200484  2.226488E-05  1.023861E-05
200485  1.107786E-05 -1.748962E-06
200486 -9.178050E-06 -7.845148E-06
200487 -1.070009E-05  1.406136E-06
200488  5.958331E-06  7.837604E-06
200489  1.358090E-05 -2.461579E-06
200490 -2.507668E-06 -8.591399E-06
200491 -1.626070E-05  8.123037E-06
200492 -3.973455E-06  1.550476E-05
200493  1.577018E-05 -1.173100E-05
200494  1.232145E-05 -1.938931E-05
200495 -1.313325E-05  2.320588E-05
200496 -2.419585E-05  2.225486E-05
200497  7.593277E-06 -5.846155E-05
200498  6.181003E-05 -5.146429E-05
200499  1.034137E-04  1.303343E-04
200500  1.291841E-04  2.621606E-04
200501  1.310443E-04  1.521018E-04
200502  8.038838E-05 -2.963524E-05
200503  1.558888E-06 -5.320122E-05
200504 -3.250492E-05  1.843917E-05
200505  2.171077E-05  8.207450E-06
200506  2.393129E-05 -1.560377E-05
200507  2.346312E-06  2.680540E-06
200508 -3.105588E-06  7.391953E-06
200509  3.563789E-06 -1.108649E-05
200510  4.709811E-06 -7.429460E-06
200511 -2.970273E-07  5.308027E-06
200512 -1.024281E-06 -4.288623E-06
200513  7.582632E-06 -9.642239E-06
200514  7.951515E-06  3.909749E-06
200515 -9.724963E-07  6.274019E-06
200516  5.475992E-06 -3.972970E-06
200517  1.422231E-05 -5.730005E-06
200518  4.220485E-06 -1.356327E-06
200519 -3.278834E-06  1.138704E-06
200520 -5.433366E-07  1.791974E-06
200521 -3.214924E-06 -1.267275E-06
200522 -6.094020E-06 -4.821231E-06
200523 -2.210131E-07  8.512975E-08
200524  7.597232E-06  7.335968E-06
200525  8.464610E-06  3.756326E-06
200526  4.798956E-07 -3.145858E-06
200527 -7.949569E-06 -3.307542E-06
200528 -8.075398E-06 -4.604367E-06
200529 -5.065598E-07 -5.768044E-06
200530  1.067294E-05  1.492473E-06
200531  1.316852E-05  4.112359E-06
200532 -2.090662E-06 -5.200940E-06
200533 -1.072415E-05 -6.425242E-06
200534  6.537900E-06  6.991224E-06
200535  1.721450E-05  1.238372E-05
200536 -1.611874E-06 -1.614804E-06
200537 -1.344515E-05 -1.216060E-05
200538  8.826020E-06  4.672765E-06
200539  2.526595E-05  2.333424E-05
200540 -1.427967E-06 -1.639311E-08
200541 -2.502482E-05 -3.553623E-05
200542  8.291835E-06 -1.689093E-05
200543  4.503355E-05  3.057645E-05
200544  4.876444E-06  3.167565E-05
200545 -7.774320E-05 -1.789575E-06
200546 -1.213220E-04 -1.285450E-05
200547 -1.256285E-04 -2.990629E-06
200548 -1.143324E-04  8.388286E-06
200549 -5.867446E-05  2.255772E-05
200550  3.136177E-05  2.397068E-05
200551  5.926565E-05  4.252401E-06
200552 -2.981796E-06 -8.807388E-06
200553 -4.107003E-05 -2.744411E-06
200554  3.096764E-06  4.013337E-06
200555  3.180388E-05  3.119592E-06
200556 -3.507997E-06  1.583805E-06
200557 -2.432332E-05  2.283283E-06
200558 -4.789912E-07  6.246268E-07
200559  1.602834E-05 -3.911877E-06
200560  5.407160E-06 -2.018826E-06
200561 -1.049180E-05  3.975420E-06
200562 -1.084526E-05  2.504112E-07
200563  5.207906E-06 -1.485550E-06
200564  8.822730E-06  7.672371E-06
200565 -4.305917E-06 -8.178683E-07
200566 -1.662411E-06 -1.550096E-05
200567  1.564681E-06  1.082699E-05
200568 -1.592390E-05  2.360598E-05
200569 -2.657871E-06 -4.475192E-05
200570  5.896017E-05 -6.174869E-05
200571  1.061617E-04  8.949780E-05
200572  1.163403E-04  2.064877E-04
200573  1.058164E-04  9.609582E-05
200574  5.860492E-05 -5.790931E-05
200575 -2.636317E-06 -4.686054E-05
200576 -9.876253E-06  2.012704E-05
200577  2.448371E-06 -1.639431E-05
200578 -9.427140E-06 -1.399568E-05
200579 -7.897707E-06  8.157198E-06
200580  6.810700E-06  4.207826E-06
200581 -3.167599E-06 -5.076387E-06
200582 -1.355157E-05  3.675245E-06
200583 -3.756134E-06  7.696642E-06
200584 -1.919564E-06 -5.733612E-06
200585 -6.391832E-06 -3.750733E-06
200586 -7.440494E-06  8.125823E-06
200587 -1.004804E-05 -3.408151E-06
200588 -2.747674E-06 -8.404714E-06
200589  1.092497E-06  4.191118E-06
200590 -4.901034E-06  2.853514E-06
200591  5.235758E-06 -6.209387E-06
200592  1.609080E-05 -4.506399E-06
200593  8.288883E-06  2.414176E-06
200594 -1.077230E-06  4.145679E-06
200595 -9.741701E-06  2.203828E-06
200596 -1.482248E-05  1.151711E-06
200597 -2.934028E-06 -1.906533E-06
200598  1.217292E-05 -3.061353E-06
200599  1.366290E-05  3.933500E-06
200600  5.454975E-06  4.986979E-06
200601 -7.256468E-06 -2.887027E-06
200602 -1.029911E-05  3.908462E-07
200603  4.995951E-06  1.009264E-05
200604  9.234682E-06  6.811899E-06
200605 -7.239288E-06 -3.854931E-06
200606 -1.231459E-05 -8.365855E-06
200607 -1.747798E-06  4.767420E-07
200608  4.501841E-06  1.397241E-05
200609 -1.408822E-06  1.512760E-06
200610 -8.870343E-06 -2.112179E-05
200611 -2.367661E-06 -3.521170E-06
200612  2.418574E-06  2.544670E-05
200613 -1.340694E-05  7.047089E-06
200614 -2.077364E-05 -2.239565E-05
200615  5.487173E-06 -3.541496E-06
200616  3.639949E-05  3.302904E-05
200617  4.012487E-05  3.870151E-05
200618  2.522675E-05  2.300584E-05
200619  2.154574E-05  1.141367E-05
200620  3.965385E-05  1.724571E-05
200621  5.115654E-05  2.914254E-05
200622  3.109741E-05  1.398438E-05
200623 -4.047245E-06 -1.542135E-05
200624 -2.498773E-05 -1.508801E-05
200625 -1.029409E-05  4.563638E-06
200626  2.003217E-05  1.220245E-05
200627  8.849197E-06  5.444432E-06
200628 -2.095261E-05 -5.919646E-06
200629 -8.237144E-06 -5.816810E-06
200630  1.273086E-05  5.399291E-06
200631  4.144475E-06  4.107766E-06
200632 -2.963751E-06 -5.270946E-06
200633 -2.505056E-06 -8.211878E-08
200634 -4.576467E-06  3.295786E-06
200635  6.041621E-06 -5.711205E-06
200636  2.222997E-06 -7.153969E-07
200637 -2.117230E-05  1.118418E-05
200638  1.752350E-07 -1.081971E-06
200639  2.886514E-05 -1.069092E-05
200640 -8.368921E-06  1.382955E-05
200641 -3.638941E-05  9.898001E-06
200642  5.341987E-06 -4.350890E-05
200643  4.316335E-05 -6.003375E-05
200644  3.656143E-05 -4.742833E-05
200645  1.899812E-05 -6.501897E-05
200646 -7.607332E-06 -5.519286E-05
200647 -3.038681E-05  2.488903E-06
200648 -1.476575E-05  1.552510E-05
200649  1.502212E-06 -6.834129E-06
200650 -1.791904E-05  7.716901E-06
200651 -3.880504E-06  2.810501E-06
200652  1.348056E-05 -4.408011E-06
200653  1.867590E-06  2.543231E-06
200654 -1.380229E-06  1.741016E-06
200655  1.164202E-05  2.711758E-06
200656  4.986892E-06  2.869465E-06
200657 -2.265621E-06  3.296298E-06
200658  5.666028E-06  6.596229E-06
200659  4.966278E-06 -5.005816E-06
200660 -1.485015E-07  1.401490E-06
200661 -6.833829E-06  1.085168E-05
200662 -9.622805E-06 -8.263339E-07
200663  8.413936E-07 -1.428547E-06
200664 -1.341898E-06  4.707937E-06
200665 -9.033328E-06  3.086132E-06
200666  3.804350E-06 -1.030004E-06
200667  1.200470E-05 -6.601008E-06
200668  3.199824E-06 -5.840291E-06
200669 -3.866031E-06  2.947900E-06
200670 -6.740446E-06  5.133240E-06
200671 -6.256589E-06  4.658337E-06
200672  2.852723E-06  6.327321E-06
200673  5.692178E-06  1.479368E-06
200674 -6.766991E-06 -4.757938E-06
200675 -6.974760E-06 -5.905820E-06
200676  3.503120E-06 -3.234549E-06
200677  4.413255E-06  3.970769E-06
200678  3.916077E-06 -1.154413E-06
200679 -1.995561E-06 -1.641975E-05
200680 -2.553139E-06 -6.136874E-07
200681  6.221282E-06  1.676035E-05
200682  9.357680E-07 -6.508883E-06
200683 -4.227626E-06 -2.166405E-05
200684  5.964031E-06  6.478231E-06
200685  8.476054E-06  2.746847E-05
200686 -1.080745E-06  1.286941E-06
200687 -6.766717E-06 -2.924331E-05
200688 -2.463890E-06 -2.303471E-05
200689  1.163025E-05  3.329567E-06
200690  2.131264E-05  2.051694E-05
200691  2.016341E-05  1.638423E-05
200692  1.814011E-05  3.286795E-06
200693  1.273377E-06 -4.196000E-06
200694 -3.066702E-05 -1.293248E-05
200695 -2.516803E-05 -1.165216E-05
200696  1.056112E-05  7.727272E-06
200697  1.794514E-05  7.751884E-06
200698 -1.157386E-06 -6.286269E-06
200699 -2.039385E-05 -4.261728E-06
200700 -8.027144E-06 -8.852800E-07
200701  2.124085E-05 -2.760963E-06
200702  8.006601E-06  2.525758E-08
200703 -2.025944E-05  3.256838E-06
200704 -2.826066E-06  7.154672E-07
200705  1.858416E-05 -2.638131E-06
200706 -4.730915E-06 -2.647552E-06
200707 -1.340570E-05 -2.000245E-07
200708  4.877882E-06 -6.373505E-07
200709 -3.749909E-06  4.637681E-06
200710 -2.860777E-06  9.853685E-06
200711  1.489244E-05 -1.386541E-05
200712  1.808022E-06 -1.024752E-05
200713 -1.792652E-05  2.925953E-05
200714 -1.389880E-05  1.838751E-05
200715 -5.951468E-06 -2.530533E-05
200716 -9.405804E-06 -3.867913E-05
200717 -1.255300E-05 -1.313267E-05
200718 -1.506495E-05  2.518534E-05
200719 -1.006987E-05  3.189094E-05
200720  7.658958E-06  2.905016E-06
200721  5.609107E-06  8.463882E-06
200722  1.446127E-06  1.433838E-05
200723  9.173695E-06 -6.579516E-06
200724  9.618872E-07 -9.446462E-06
200725 -5.075556E-06  3.871486E-06
200726  5.781197E-06 -8.614846E-06
200727  7.323697E-06 -7.301842E-06
200728 -5.398140E-06  1.924999E-06
200729 -1.887996E-07 -7.021407E-06
200730  8.229108E-06 -1.473274E-06
200731  3.343930E-06 -3.426143E-06
200732  1.320816E-06  4.158176E-06
200733  4.265674E-06  1.538558E-06
200734  7.405640E-06 -7.879314E-06
200735  4.004975E-06  7.723730E-06
200736 -1.118038E-05  8.674194E-06
200737 -1.383905E-05 -5.219348E-06
200738  2.276749E-06 -5.359348E-06
200739  1.016324E-05 -7.275779E-07
200740  8.594683E-06  6.966205E-07
200741  1.919851E-06  4.608870E-06
200742 -7.502836E-06  1.970591E-07
200743 -1.193661E-05 -7.890126E-06
200744 -5.877534E-06 -5.083616E-06
200745  8.762122E-06  1.450232E-06
200746  8.212225E-06  2.723502E-06
200747 -1.624860E-08 -8.324898E-07
200748 -1.902458E-06 -6.990275E-06
200749 -2.802819E-06  2.147773E-06
200750  8.321490E-06  1.687334E-05
200751  3.920037E-06 -1.615271E-06
200752 -5.727926E-06 -9.870569E-06
200753  2.253147E-06  6.832196E-06
200754  2.309817E-07  1.445496E-05
200755 -1.966354E-06  1.966376E-06
200756  8.408553E-06 -9.672420E-06
200757  7.152586E-06  4.843864E-06
200758  3.538141E-07  1.435130E-05
200759 -1.292228E-06 -4.281448E-06
200760 -6.300714E-06 -2.904653E-05
200761 -6.981974E-06 -3.619252E-05
200762 -8.815139E-06 -2.520259E-05
200763 -2.149546E-05 -1.767049E-05
200764 -2.374307E-05 -2.404954E-05
200765 -8.582224E-06 -2.267154E-05
200766 -4.523822E-06 -9.313590E-06
200767  4.180844E-06  4.915704E-06
200768  1.436861E-05  1.755208E-05
200769 -1.378967E-06  2.424945E-06
200770 -1.002570E-05 -1.503667E-05
200771 -5.601403E-06 -7.212245E-06
200772  6.901829E-06  3.505781E-06
200773  1.150123E-05  6.490668E-06
200774 -2.988204E-06 -1.671288E-06
200775 -1.139504E-05 -6.110140E-06
200776 -1.658653E-06  3.357532E-06
200777  1.416617E-05  3.108303E-06
200778 -4.007711E-07 -7.591233E-06
200779 -1.494390E-05  1.666889E-06
200780  8.374166E-06  3.181825E-06
200781  1.195804E-05 -1.063953E-05
200782 -9.941939E-06  7.360258E-06
200783 -1.371339E-05  1.151305E-06
200784  9.230588E-06 -1.165071E-05
200785  2.254006E-05  4.400586E-06
200786 -2.322365E-06  9.614757E-06
200787 -2.304903E-05  1.882839E-05
200788 -1.980736E-05  3.114901E-05
200789 -8.101487E-06  3.612382E-05
200790  5.559309E-06  2.491276E-05
200791  1.525905E-05  3.989650E-07
200792  1.745533E-05 -8.040866E-06
200793 -7.518773E-06  2.708043E-06
200794  5.139825E-06  2.822593E-06
200795  6.082752E-06 -1.397899E-06
200796 -1.233066E-05 -8.815773E-07
200797 -1.014905E-05  6.930084E-06
200798  9.787940E-07 -4.104333E-06
200799 -4.612725E-06 -3.847247E-06
200800 -1.204888E-05  4.897846E-06
200801  3.199031E-06 -8.763376E-06
200802 -2.387635E-06  6.996201E-07
200803 -9.817410E-06 -2.422171E-06
200804 -4.280540E-06  5.730868E-07
200805  1.355656E-06 -5.313320E-06
200806  5.488651E-06 -8.338120E-06
200807  1.298334E-06  4.578005E-06
200808 -3.176107E-07 -2.121588E-06
200809  6.716648E-06 -6.664588E-06
200810  4.173860E-06  3.024405E-06
200811 -9.199592E-06  8.871030E-06
200812 -6.420193E-06  2.440882E-06
200813  3.580531E-06 -4.445789E-06
200814  8.194309E-06 -5.653259E-06
200815  8.155420E-06 -3.486505E-06
200816 -2.866115E-06 -2.379610E-06
200817 -2.924642E-06 -1.462773E-06
200818  2.015863E-06  2.773401E-06
200819  1.814870E-07  8.587099E-06
200820  5.021137E-07  1.500805E-06
200821 -8.230666E-06 -9.383548E-06
200822 -2.031087E-06  6.665645E-06
200823 -1.112846E-06  5.681446E-06
200824 -2.346426E-06 -1.227259E-06
200825  7.698568E-06 -8.132431E-06
200826 -4.201142E-06  1.720659E-06
200827 -1.117829E-05  1.391317E-05
200828  5.542319E-06 -5.082782E-06
200829  5.593906E-06 -1.348677E-05
200830 -7.193030E-06  2.000844E-06
200831 -1.196487E-05  1.625942E-05
200832 -1.282238E-05  1.217319E-05
200833 -4.689202E-06 -3.222800E-06
200834  4.082543E-06 -9.260380E-06
200835 -7.513322E-07 -2.608476E-06
200836 -9.036028E-06 -1.661927E-06
200837  6.264641E-06  6.402797E-06
200838  1.377044E-05  1.922525E-05
200839  7.899441E-06  6.504806E-06
200840 -1.304729E-06 -3.505987E-06
200841 -1.399888E-05 -7.881953E-06
200842  2.418418E-06 -8.324423E-07
200843  1.445126E-05  4.324173E-06
200844  7.627492E-06 -5.576864E-07
200845 -1.131385E-05  3.780761E-06
200846 -6.992117E-06  2.852006E-06
200847  1.336629E-05 -6.373452E-06
200848 -4.436801E-06 -2.073730E-06
200849 -6.740172E-06  7.196099E-06
200850  9.940097E-06 -2.518969E-06
200851  5.007422E-07 -2.520716E-06
200852 -1.160023E-06  2.907497E-06
200853  6.010552E-06 -1.343814E-05
200854 -1.092571E-06  3.479067E-06
200855 -1.344777E-05  6.385749E-06
200856 -2.288465E-06  1.467543E-06
200857  2.028418E-05 -7.902972E-06
200858  8.026980E-06 -2.118678E-05
200859 -4.128157E-06  5.152975E-06
200860  3.269753E-06  1.528413E-05
200861  1.013744E-05 -6.038719E-07
200862  1.707199E-05 -1.891402E-05
200863  9.479994E-06 -2.199282E-05
200864 -5.059352E-06 -7.317614E-06
200865 -5.301321E-06 -2.082120E-06
200866  3.961986E-06 -6.704106E-06
200867 -1.840034E-07  4.781971E-06
200868 -5.930909E-06  6.776213E-06
200869  2.068887E-06  6.694173E-06
200870 -2.248390E-06  1.831219E-06
200871 -2.834871E-06  1.206342E-06
200872 -4.286246E-06  9.040166E-06
200873  9.178698E-06 -2.118365E-06
200874 -6.655989E-06  6.882045E-06
200875 -5.586791E-06 -6.941960E-07
200876 -2.636110E-07  2.322529E-06
200877 -6.121363E-06 -3.204374E-06
200878 -6.119482E-06 -2.859889E-06
200879 -5.055011E-06 -8.041504E-07
200880  6.456457E-06 -8.556865E-06
200881  1.350977E-05 -6.159420E-07
200882  3.076941E-06  5.594709E-06
200883 -1.138294E-05  4.256024E-06
200884 -7.674870E-06  2.042528E-09
200885  3.268675E-06 -4.055783E-06
200886  7.022915E-06 -1.253932E-06
200887  1.206191E-05  6.302439E-06
200888  2.554279E-06  4.332189E-06
200889 -6.531981E-06 -3.638799E-06
200890 -4.067451E-06 -4.339091E-06
200891 -3.435515E-06  1.821285E-06
200892  5.455546E-06  7.126861E-06
200893 -6.764897E-07 -9.404027E-06
200894 -9.698969E-07 -5.157948E-06
200895 -2.129752E-06 -3.688356E-06
200896 -2.189242E-06  8.241647E-06
200897  1.274032E-05 -3.603599E-06
200898  2.311311E-06 -9.538139E-06
200899 -9.286257E-06  5.307183E-06
200900  3.479637E-06 -3.740473E-07
200901  7.421792E-06 -8.337439E-06
200902 -1.587449E-06 -5.434006E-06
200903 -1.155825E-05  9.068810E-06
200904 -1.885767E-05  2.159183E-05
200905 -1.284430E-05  1.996552E-05
200906  7.157367E-08  1.383349E-05
200907  9.243621E-06  2.190934E-05
200908 -9.294602E-07  1.890675E-05
200909  6.112843E-07  1.327492E-05
200910  8.368044E-07  1.683057E-05
200911 -2.456275E-06 -5.439678E-06
200912 -1.659835E-06 -1.295948E-05
200913 -4.528739E-06 -5.761072E-06
200914  1.011102E-05  1.103883E-05
200915  8.903368E-06  1.010030E-05
200916  2.203043E-06 -2.240287E-06
200917 -1.265063E-05 -3.987173E-06
200918 -5.801299E-06  2.473115E-06
200919  1.984630E-05  2.145511E-06
200920 -4.465300E-06 -5.603826E-06
200921 -1.606775E-05  2.837255E-06
200922  1.101618E-05  4.030224E-06
200923  9.978957E-06 -3.932618E-06
200924 -8.141364E-06  2.569126E-06
200925 -4.664344E-06 -6.852896E-06
200926  9.881943E-06  4.354646E-06
200927  5.139365E-06  1.221771E-08
200928 -1.547354E-05  4.455011E-06
200929 -5.198229E-06 -2.872319E-06
200930  4.471527E-06 -1.649338E-05
200931  1.389097E-05  1.848969E-07
200932  2.377505E-05 -9.670582E-06
200933  1.556764E-05 -2.337069E-05
200934  8.712815E-06 -2.144128E-05
200935 -6.330606E-06 -7.806320E-06
200936 -1.468319E-05  4.367628E-06
200937  5.654156E-06  5.225422E-06
200938  3.326659E-06 -8.925606E-06
200939  9.307874E-08  1.361963E-06
200940  5.158012E-06  7.536184E-06
200941  1.381459E-05  3.653045E-06
200942 -5.003374E-06 -1.121755E-06
200943  4.212634E-06  8.873303E-08
200944  1.699815E-06  6.524666E-06
200945  8.966393E-06 -2.261217E-06
200946 -6.473252E-06  5.207862E-06
200947  5.765692E-06 -6.108122E-08
200948  5.834479E-06  5.586004E-06
200949 -4.647989E-06 -1.093400E-06
200950 -5.299912E-06  4.071720E-06
200951 -4.408777E-06  1.340176E-06
200952  3.756008E-06 -4.057295E-06
200953  2.076280E-06  3.328854E-06
200954 -1.283537E-06 -1.681328E-06
200955  7.815057E-07 -4.823701E-06
200956  1.808957E-06  5.233751E-07
200957  1.210869E-06  4.499049E-06
200958 -6.475161E-06  2.976074E-06
200959  8.488657E-07  3.886429E-06
200960  4.902621E-06  3.812380E-06
200961 -7.687824E-07 -2.145896E-06
200962 -2.870531E-07 -2.300266E-06
200963 -2.339113E-06 -6.588476E-06
200964  5.609922E-06  6.070194E-06
200965  3.580372E-06 -1.145684E-06
200966  3.154013E-06  5.536150E-08
200967  2.081590E-06 -9.885943E-06
200968 -6.985583E-06  6.366933E-06
200969  6.009930E-06  3.382580E-06
200970  5.089232E-06 -3.800362E-06
200971 -1.390138E-06  1.310767E-07
200972  2.758342E-06 -2.229419E-06
200973  4.497059E-06  9.373508E-07
200974  4.131794E-06  1.426869E-06
200975  8.287306E-07  4.141890E-06
200976 -7.165567E-06  1.076800E-05
200977 -9.285781E-06  1.134095E-05
200978 -7.303231E-06  2.064706E-06
200979  3.440027E-06  1.262072E-05
200980 -1.869568E-06  9.921870E-06
200981 -6.840489E-07 -5.489288E-06
200982 -2.679898E-06 -1.096740E-06
200983 -3.493910E-06 -9.941484E-06
200984  1.960782E-06 -9.603308E-07
200985  2.595506E-06  2.867558E-06
200986  7.382497E-06  8.688665E-06
200987 -5.438224E-06  2.226201E-06
200988 -2.490301E-06  1.120525E-06
200989  3.046109E-07 -4.535826E-06
200990 -2.876881E-06 -3.319786E-06
200991  8.074642E-06  7.514117E-06
200992 -5.679593E-07 -2.414525E-06
200993 -8.573148E-06 -3.665839E-06
200994  2.055152E-06  3.198865E-06
200995  6.613681E-06 -1.253265E-06
200996 -4.701135E-06  7.579766E-06
200997 -6.248654E-06 -2.159551E-06
200998  7.711769E-06  3.173886E-06
200999  1.554116E-05 -3.335337E-06
201000 -1.395642E-05  2.635580E-06
201001 -1.376209E-05  1.511675E-06
201002 -6.478107E-06 -1.433382E-06
201003  8.161776E-06  5.019945E-06
201004  1.630919E-05 -1.254634E-05
201005 -1.234439E-06 -1.500205E-05
201006 -8.040409E-06 -2.635426E-06
201007 -1.127661E-05  9.573253E-06
201008 -4.033782E-06  1.583263E-05
201009  7.505577E-06  1.085976E-05
201010 -4.201675E-07 -1.013700E-05
201011  3.763981E-06 -3.267885E-06
201012  6.595920E-06  5.861462E-06
201013  1.318979E-05  1.260079E-06
201014 -8.472926E-06 -6.551763E-06
201015  7.103719E-06 -1.113995E-06
201016  4.284319E-07  8.436663E-07
201017  4.942260E-06 -7.013233E-06
201018 -6.641014E-06 -1.857882E-07
201019  1.016969E-05 -6.825079E-07
201020  5.250173E-06  3.981202E-06
201021  1.611068E-06 -1.820954E-06
201022  2.053161E-06  1.039989E-05
201023 -1.309340E-07  6.208014E-06
201024 -6.798581E-07  1.754352E-06
201025 -8.637632E-06  2.797725E-06
201026 -3.632735E-06 -7.840802E-06
201027  9.801881E-06 -6.418391E-06
201028  6.508800E-06  2.083221E-06
201029 -1.027502E-06  8.103618E-06
201030 -1.352489E-05  1.178030E-06
201031 -5.772828E-06 -3.799847E-06
201032  4.325781E-06  1.562873E-06
201033  3.487039E-06 -1.239155E-07
201034  2.902069E-06  5.550674E-06
201035  1.922741E-07 -7.473674E-06
201036  1.807808E-06  2.603625E-06
201037  1.347809E-06  1.720826E-06
201038  1.437519E-06  7.971862E-06
201039  4.608264E-06 -8.093467E-06
201040 -9.776451E-06 -1.188445E-06
201041 -3.263594E-07  2.369811E-07
201042  1.239307E-06  2.432474E-06
201043  6.262158E-07  1.114966E-06
201044  1.514899E-06 -4.478877E-06
201045  1.095142E-06  2.978245E-06
201046  3.287597E-06  6.930132E-06
201047  6.541811E-06  6.587141E-06
201048  3.855320E-06  6.982586E-06
201049  1.282430E-06  5.154276E-06
201050 -2.501684E-06 -1.288937E-05
201051  2.494729E-06 -5.170033E-06
201052 -1.294483E-06 -2.149866E-06
201053  5.360718E-06 -1.557440E-05
201054  3.048198E-06 -6.886768E-06
201055  4.794381E-07 -6.246019E-06
201056 -1.654010E-07  9.990812E-06
201057  1.435637E-06  5.230038E-06
201058  2.502106E-06  1.348209E-06
201059 -9.940425E-06 -8.785699E-06
201060 -4.354162E-06  3.052189E-06
201061  9.160499E-06  1.028724E-06
201062 -7.987173E-08 -7.044716E-06
201063 -4.652293E-06  5.387963E-06
201064  2.893919E-06  2.687509E-06
201065  3.107507E-06 -4.993252E-06
201066 -6.588484E-06 -2.403921E-06
201067 -1.240484E-06  1.390555E-07
201068  1.492736E-07  1.466047E-05
201069 -1.366655E-06 -8.098314E-08
201070 -8.073393E-07 -2.621028E-06
201071  1.302588E-05 -1.899062E-06
201072 -5.577920E-06  4.491477E-06
201073 -4.802752E-06  4.031914E-06
201074 -1.349794E-05  2.214874E-06
201075 -4.253883E-06  2.628239E-06
201076 -1.903401E-06 -1.133834E-05
201077 -1.811964E-05 -6.821051E-06
201078 -1.343052E-05  6.409294E-06
201079 -3.279393E-06  1.414524E-05
201080  8.780430E-06  1.936982E-05
201081  3.654827E-06  8.433852E-06
201082 -4.209488E-06 -1.334178E-05
201083  5.646616E-06 -2.360254E-06
201084  9.268457E-07  3.520994E-06
201085  6.145547E-06 -1.336947E-06
201086 -1.085472E-05 -9.248026E-06
201087  5.526899E-06  5.665044E-07
201088 -2.928709E-06 -3.486225E-06
201089  1.849169E-06 -9.199072E-06
201090 -7.818110E-06 -3.345821E-06
201091  8.561852E-06 -1.153809E-06
201092  1.893080E-06 -1.216424E-06
201093  6.351008E-06 -2.278489E-06
201094  4.530152E-06  1.441416E-05
201095  2.608159E-06  8.105102E-06
201096 -2.229318E-06  3.150744E-06
201097 -1.135940E-05  8.276901E-07
201098 -3.609954E-06 -8.367209E-06
201099  1.008244E-05 -2.187630E-06
201100  4.976782E-06  1.779100E-06
201101 -6.763216E-07  5.226653E-06
201102 -1.073107E-05 -2.315057E-06
201103 -4.710687E-06 -7.171247E-06
201104  1.188366E-06  1.282187E-06
201105  4.492159E-06 -3.639883E-07
201106  2.018280E-06  9.619027E-06
201107  1.200478E-06 -4.789817E-06
201108 -2.181647E-06  2.003837E-07
201109 -1.457810E-07 -9.019870E-07
201110 -1.656185E-06  8.894323E-06
201111  4.139581E-06 -4.099024E-06
201112 -8.886446E-06 -5.818886E-06
201113  1.605287E-06 -4.612592E-06
201114 -1.095001E-06  2.379728E-06
201115 -1.648165E-06  1.328898E-06
201116 -9.208438E-07 -3.966770E-06
201117  1.220439E-06  2.340378E-06
201118  2.332546E-06  5.303947E-06
201119  4.927489E-06  5.992075E-06
201120  3.519005E-06  6.424806E-06
201121  2.398150E-06  7.959625E-06
201122  3.069001E-06 -1.282050E-05
201123  5.008042E-06 -1.064954E-05
201124 -2.210508E-06 -4.579597E-06
201125  7.261270E-06 -1.264727E-05
201126  4.405670E-06 -3.721867E-06
201127  3.421633E-06 -2.930944E-06
201128 -2.872237E-06  1.062719E-05
201129  3.669419E-07  2.225018E-06
201130 -4.998353E-07 -2.749242E-06
201131 -5.118241E-06 -1.382021E-05
201132 -2.898352E-06  1.570379E-06
201133  9.396219E-06  6.179786E-06
201134  9.308115E-07 -6.179555E-06
201135 -9.561049E-06 -1.513307E-07
201136  4.159297E-06  5.317071E-06
201137  9.393240E-06 -1.422682E-06
201138 -9.878276E-06 -7.174936E-06
201139 -5.664975E-06 -1.661202E-06
201140  3.657849E-08  1.774748E-05
201141  2.592816E-06  2.154716E-06
201142 -5.717694E-06 -8.754688E-06
201143  6.588571E-06 -4.189441E-07
201144 -3.431036E-07  7.480001E-06
201145  5.032117E-06  7.696693E-06
201146 -1.412984E-05 -1.407702E-06
201147 -9.142529E-06 -2.485943E-06
201148 -1.223555E-05 -1.324974E-05
201149 -2.108004E-05 -5.528276E-06
201150 -6.676418E-06  9.031455E-06
201151  7.918745E-06  1.451214E-05
201152  1.576479E-05  1.822905E-05
201153  1.690136E-06  3.197769E-06
201154 -3.698900E-06 -1.713394E-05
201155  3.633086E-06  1.834321E-06
201156 -4.711533E-06  9.848725E-08
201157  1.536519E-06 -4.868200E-06
201158 -1.168085E-05 -1.008848E-05
201159  1.789624E-06  3.034053E-06
201160 -4.670092E-06 -5.705455E-06
201161  4.418412E-08 -8.211468E-06
201162 -9.447929E-06 -4.750421E-06
201163  5.786864E-06 -7.985690E-07
201164  9.767949E-07 -5.859440E-06
201165  7.906482E-06 -1.136866E-06
201166  9.495917E-07  1.420782E-05
201167  3.816665E-06  7.101858E-06
201168 -9.700275E-07  1.879854E-06
201169 -9.736592E-06 -5.712100E-07
201170 -3.476225E-06 -5.999145E-06
201171  5.442661E-06  1.985982E-06
201172  2.337085E-06  9.675759E-08
201173  2.439156E-06  1.307243E-06
201174 -4.446304E-06 -3.490663E-06
201175 -1.975490E-06 -5.778929E-06
201176 -2.947270E-06  1.176999E-06
201177  5.642707E-06 -1.156100E-06
201178  3.597416E-07  8.735234E-06
201179  1.024334E-06 -2.515345E-06
201180 -5.106059E-06 -7.976096E-07
201181  1.531997E-06 -3.134165E-06
201182 -2.053642E-06  5.576911E-06
201183  2.301895E-06 -1.497594E-06
201184 -7.225190E-06 -6.179553E-06
201185  6.936160E-06 -3.604904E-06
201186  1.875660E-07  5.177516E-07
201187 -3.635587E-06 -4.337620E-07
201188 -4.239124E-06 -2.033521E-06
201189  3.076259E-06  3.846597E-06
201190  5.021628E-06  1.800349E-06
201191  3.646320E-06  1.202747E-06
201192 -1.257600E-06  2.135573E-06
201193 -5.596697E-06  8.941938E-06
201194  1.370690E-06 -5.526065E-06
201195  4.667685E-06 -6.171983E-06
201196 -6.249342E-06 -2.356385E-06
201197  3.606280E-06 -6.938879E-06
201198  5.029371E-07 -1.920892E-06
201199  5.098260E-06 -2.564234E-06
201200 -2.117041E-06  6.143253E-06
201201  2.735652E-06  6.843035E-07
201202 -2.192256E-06 -2.785092E-06
201203  1.162555E-06 -1.231507E-05
201204  6.814299E-07 -6.216838E-07
201205  5.814016E-06  8.022722E-06
201206 -2.481759E-07 -3.360335E-06
201207 -8.364352E-06 -4.587033E-06
201208  4.289559E-06  5.424371E-06
201209  9.704599E-06  3.125602E-06
201210 -9.267482E-06 -9.369823E-06
201211 -5.351381E-06 -4.293578E-06
201212 -2.977466E-06  1.498286E-05
201213  2.889943E-06  4.086729E-06
201214 -5.441866E-06 -1.189832E-05
201215  2.223782E-06  6.951953E-08
201216  7.722000E-07  8.501802E-06
201217  8.117031E-06  1.137896E-05
201218 -1.146753E-05 -5.684793E-06
201219 -8.765544E-06 -4.331587E-06
201220 -1.297820E-05 -1.579717E-05
201221 -1.641409E-05 -4.305006E-06
201222 -4.926648E-07  1.376838E-05
201223  1.332388E-05  1.769817E-05
201224  1.710907E-05  1.828516E-05
