Mesh2HRTF 1.0.0-dev
    1
    1  1225
200000 -1.060066E-03  1.154674E-03
200001  8.675214E-04 -1.398767E-03
200002 -6.122329E-04 -1.516550E-03
200003 -1.509623E-03 -4.313501E-04
200004 -1.237639E-03  8.589007E-04
200005 -1.893625E-04  1.474771E-03
200006  8.837899E-04  1.225812E-03
200007  1.485702E-03  4.547927E-04
200008  1.543607E-03 -3.894510E-04
200009  1.246248E-03 -1.029961E-03
200010  8.295736E-04 -1.401744E-03
200011  4.605443E-04 -1.566219E-03
200012  2.213845E-04 -1.617044E-03
200013  1.399896E-04 -1.624317E-03
200014  2.215969E-04 -1.613031E-03
200015  4.610112E-04 -1.558505E-03
200016  8.303744E-04 -1.390924E-03
200017  1.247488E-03 -1.016858E-03
200018  1.545405E-03 -3.750372E-04
200019  1.488167E-03  4.694849E-04
200020  8.870006E-04  1.239785E-03
200021 -1.853741E-04  1.487149E-03
200022 -1.232906E-03  8.689969E-04
200023 -1.504250E-03 -4.239904E-04
200024 -6.063969E-04 -1.512136E-03
200025  8.735807E-04 -1.397276E-03
200026  1.587823E-03 -2.674254E-05
200027  7.181663E-04  1.309616E-03
200028 -9.004428E-04  1.146822E-03
200029 -1.453398E-03 -4.020882E-04
200030 -2.491334E-04 -1.549333E-03
200031  1.310353E-03 -8.991380E-04
200032  1.369141E-03  8.009019E-04
200033 -1.139518E-04  1.567522E-03
200034 -1.388578E-03  5.952416E-04
200035 -1.071011E-03 -9.138700E-04
200036  3.827976E-04 -1.313172E-03
200037  1.444874E-03 -2.861860E-04
200038  1.201264E-03  1.116093E-03
200039  1.105609E-05  1.737370E-03
200040 -1.148006E-03  1.277349E-03
200041 -1.595780E-03  2.277644E-04
200042 -1.284544E-03 -7.446677E-04
200043 -5.659478E-04 -1.262854E-03
200044  1.752216E-04 -1.309135E-03
200045  7.217103E-04 -1.061619E-03
200046  1.033396E-03 -7.199198E-04
200047  1.169364E-03 -4.198328E-04
200048  1.211154E-03 -2.266301E-04
200049  1.218632E-03 -1.618362E-04
200050  1.212984E-03 -2.292556E-04
200051  1.173048E-03 -4.248854E-04
200052  1.038956E-03 -7.270203E-04
200053  7.291349E-04 -1.070241E-03
200054  1.844283E-04 -1.318651E-03
200055 -5.551481E-04 -1.272588E-03
200056 -1.272462E-03 -7.539516E-04
200057 -1.582841E-03  2.195406E-04
200058 -1.134724E-03  1.270692E-03
200059  2.412166E-05  1.732654E-03
200060  1.213561E-03  1.113539E-03
200061  1.455905E-03 -2.865091E-04
200062  3.921611E-04 -1.311343E-03
200063 -1.063599E-03 -9.100940E-04
200064 -1.383273E-03  6.006550E-04
200065 -1.107849E-04  1.574182E-03
200066  1.370246E-03  8.083556E-04
200067  1.309564E-03 -8.913874E-04
200068 -2.515832E-04 -1.541814E-03
200069 -1.457223E-03 -3.953506E-04
200070 -9.053259E-04  1.152227E-03
200071  7.125599E-04  1.313161E-03
200072  1.581829E-03 -2.553017E-05
200073 -1.023060E-03  1.208470E-03
200074  1.455424E-03  5.285109E-04
200075  4.203774E-05 -1.507928E-03
200076 -1.569556E-03  2.359086E-04
200077  1.955897E-04  1.608714E-03
200078  1.560844E-03  5.320356E-05
200079  4.555648E-04 -1.459731E-03
200080 -1.139996E-03 -1.067052E-03
200081 -1.582307E-03  2.450474E-04
200082 -1.059384E-03  1.219840E-03
200083 -3.337508E-04  1.578206E-03
200084  1.601965E-04  1.599972E-03
200085  3.243930E-04  1.573291E-03
200086  1.601913E-04  1.601443E-03
200087 -3.342436E-04  1.581372E-03
200088 -1.061036E-03  1.224858E-03
200089 -1.585559E-03  2.515988E-04
200090 -1.144741E-03 -1.060016E-03
200091  4.500144E-04 -1.453898E-03
200092  1.555494E-03  5.596683E-05
200093  1.913382E-04  1.607021E-03
200094 -1.572284E-03  2.294298E-04
200095  4.065115E-05 -1.518229E-03
200096  1.454739E-03  5.164354E-04
200097 -1.023793E-03  1.197163E-03
200098 -5.949122E-04 -1.416156E-03
200099  1.490448E-03  2.637458E-04
200100 -1.096944E-03  1.056655E-03
200101 -1.949771E-04 -1.540820E-03
200102  1.285992E-03  7.450514E-04
200103 -1.407410E-03  4.138000E-04
200104  5.446532E-04 -1.482743E-03
200105  8.506388E-04  1.179134E-03
200106 -1.424440E-03 -1.072545E-04
200107  8.749348E-04 -1.254950E-03
200108  7.942444E-04  1.307292E-03
200109 -1.395647E-03  2.923031E-04
200110  2.389171E-04 -1.291061E-03
200111  1.387048E-03  6.378873E-04
200112 -5.284473E-04  1.593928E-03
200113 -1.512614E-03 -1.237761E-04
200114 -2.036376E-04 -1.292830E-03
200115  1.055380E-03 -5.622750E-04
200116  8.819391E-04  6.535084E-04
200117 -1.454990E-04  1.118013E-03
200118 -1.112638E-03  8.126424E-04
200119 -1.671374E-03  2.387768E-04
200120 -1.899009E-03 -2.129070E-04
200121 -1.954598E-03 -3.762830E-04
200122 -1.903863E-03 -2.140604E-04
200123 -1.679466E-03  2.366280E-04
200124 -1.121305E-03  8.097898E-04
200125 -1.519476E-04  1.114847E-03
200126  8.797035E-04  6.504916E-04
200127  1.057941E-03 -5.646357E-04
200128 -1.972181E-04 -1.294020E-03
200129 -1.504411E-03 -1.233607E-04
200130 -5.209731E-04  1.596179E-03
200131  1.391599E-03  6.418587E-04
200132  2.392369E-04 -1.285916E-03
200133 -1.399743E-03  2.976786E-04
200134  7.865715E-04  1.311727E-03
200135  8.652029E-04 -1.252590E-03
200136 -1.434480E-03 -1.077682E-04
200137  8.418560E-04  1.175526E-03
200138  5.382099E-04 -1.488945E-03
200139 -1.411070E-03  4.062137E-04
200140  1.284919E-03  7.378202E-04
200141 -1.941626E-04 -1.545774E-03
200142 -1.095197E-03  1.055611E-03
200143  1.492228E-03  2.674724E-04
200144 -5.936461E-04 -1.407920E-03
200145  1.320698E-03 -7.630104E-04
200146 -1.468551E-03  3.423082E-04
200147  1.517465E-03  2.594743E-04
200148 -1.056539E-03 -1.141940E-03
200149 -4.365699E-05  1.508524E-03
200150  1.380623E-03 -7.824534E-04
200151 -1.107278E-03 -1.114398E-03
200152 -1.028377E-03  1.151951E-03
200153  9.158826E-04  1.268438E-03
200154  1.570801E-03 -1.729761E-04
200155  1.026718E-03 -1.214399E-03
200156  3.902837E-04 -1.551369E-03
200157  1.559972E-04 -1.599603E-03
200158  3.995142E-04 -1.563136E-03
200159  1.040384E-03 -1.232568E-03
200160  1.582099E-03 -1.896899E-04
200161  9.198252E-04  1.259515E-03
200162 -1.032409E-03  1.152753E-03
200163 -1.115639E-03 -1.106709E-03
200164  1.373385E-03 -7.734705E-04
200165 -4.569457E-05  1.513559E-03
200166 -1.052718E-03 -1.143150E-03
200167  1.524477E-03  2.535552E-04
200168 -1.462454E-03  3.359279E-04
200169  1.322721E-03 -7.653380E-04
200170 -1.180503E-03  9.392731E-04
200171  1.122943E-03 -9.514534E-04
200172 -1.171620E-03  9.721320E-04
200173  1.208276E-03 -7.691659E-04
200174 -1.328710E-03  7.135059E-04
200175  1.343592E-03 -4.591463E-04
200176 -1.424878E-03  3.793589E-04
200177  1.391427E-03 -2.831040E-04
200178 -1.405499E-03  2.649335E-04
200179  1.355983E-03 -5.002444E-04
200180 -1.193038E-03  6.379744E-04
200181  9.323115E-04 -1.164415E-03
200182 -2.083097E-04  1.312830E-03
200183 -5.881036E-04 -1.247008E-03
200184  1.396291E-03  3.672558E-04
200185 -9.083410E-04  1.124538E-03
200186 -6.821022E-04 -1.019332E-03
200187  1.197318E-03 -3.804589E-04
200188  6.874440E-04  1.330497E-03
200189 -8.628718E-04  1.319447E-03
200190 -1.531906E-03  2.322173E-04
200191 -1.360065E-03 -6.838799E-04
200192 -1.015459E-03 -1.115325E-03
200193 -8.735144E-04 -1.222272E-03
200194 -1.022197E-03 -1.107755E-03
200195 -1.369537E-03 -6.699992E-04
200196 -1.538302E-03  2.501238E-04
200197 -8.616424E-04  1.338430E-03
200198  6.973679E-04  1.347454E-03
200199  1.213148E-03 -3.679852E-04
200200 -6.656085E-04 -1.012253E-03
200201 -8.965491E-04  1.127260E-03
200202  1.400090E-03  3.679549E-04
200203 -5.923539E-04 -1.246148E-03
200204 -2.177446E-04  1.314687E-03
200205  9.219373E-04 -1.162142E-03
200206 -1.200660E-03  6.396030E-04
200207  1.352909E-03 -4.998067E-04
200208 -1.404309E-03  2.643295E-04
200209  1.395344E-03 -2.845362E-04
200210 -1.419801E-03  3.766580E-04
200211  1.349090E-03 -4.642492E-04
200212 -1.322636E-03  7.050036E-04
200213  1.215263E-03 -7.807617E-04
200214 -1.164164E-03  9.596608E-04
200215  1.129216E-03 -9.612857E-04
200216 -1.177670E-03  9.351533E-04
200217 -1.336452E-03  6.047320E-04
200218  8.555012E-04 -1.185610E-03
200219 -4.411180E-04  1.444350E-03
200220  2.593500E-04 -1.447982E-03
200221 -5.018603E-04  1.446191E-03
200222  1.024654E-03 -1.091106E-03
200223 -1.524794E-03  1.380391E-04
200224  8.543510E-04  1.270566E-03
200225  1.106707E-03 -1.044124E-03
200226 -8.216382E-04 -1.289962E-03
200227 -1.559231E-03 -2.578861E-05
200228 -1.324149E-03  8.461241E-04
200229 -1.131950E-03  1.084219E-03
200230 -1.315040E-03  8.403280E-04
200231 -1.547811E-03 -3.135655E-05
200232 -8.159824E-04 -1.288825E-03
200233  1.103451E-03 -1.034925E-03
200234  8.457811E-04  1.283600E-03
200235 -1.531672E-03  1.491577E-04
200236  1.024815E-03 -1.085342E-03
200237 -4.940576E-04  1.446136E-03
200238  2.707684E-04 -1.452430E-03
200239 -4.321365E-04  1.438301E-03
200240  8.577595E-04 -1.189597E-03
200241 -1.340426E-03  6.052645E-04
200242  1.405641E-03  3.692472E-04
200243 -6.801715E-04 -1.282085E-03
200244 -5.465326E-04  1.285993E-03
200245  1.419731E-03 -3.096844E-04
200246 -9.505708E-04 -1.051374E-03
200247 -3.060831E-04  1.335196E-03
200248  1.293285E-03 -5.098368E-04
200249 -1.197151E-03 -6.746534E-04
200250  2.955740E-04  1.364147E-03
200251  5.720843E-04 -1.171393E-03
200252 -1.160889E-03  7.657150E-04
200253  1.288014E-03 -2.381192E-04
200254 -1.341188E-03  1.756791E-05
200255  1.322647E-03 -1.043456E-04
200256 -1.224957E-03  3.597460E-04
200257  9.011531E-04 -1.050875E-03
200258  1.395037E-04  1.236049E-03
200259 -1.134986E-03 -5.724263E-04
200260  7.970925E-04 -1.065005E-03
200261  1.171575E-03  6.509827E-04
200262 -6.417595E-05  1.338936E-03
200263 -9.713520E-04  8.768055E-04
200264 -1.228255E-03  3.193357E-04
200265 -1.248826E-03  1.158108E-04
200266 -1.231684E-03  3.211377E-04
200267 -9.741923E-04  8.768913E-04
200268 -6.276900E-05  1.334681E-03
200269  1.176760E-03  6.432071E-04
200270  8.021303E-04 -1.074612E-03
200271 -1.133932E-03 -5.844368E-04
200272  1.351081E-04  1.220485E-03
200273  8.920103E-04 -1.067519E-03
200274 -1.236627E-03  3.478960E-04
200275  1.312181E-03 -1.078893E-04
200276 -1.346064E-03  1.919900E-05
200277  1.291253E-03 -2.381727E-04
200278 -1.150943E-03  7.602904E-04
200279  5.841227E-04 -1.179377E-03
200280  3.046911E-04  1.360075E-03
200281 -1.194219E-03 -6.697496E-04
200282  1.288831E-03 -4.951631E-04
200283 -3.173321E-04  1.356206E-03
200284 -9.659030E-04 -1.030107E-03
200285  1.405209E-03 -2.944029E-04
200286 -5.550220E-04  1.291986E-03
200287 -6.804533E-04 -1.283683E-03
200288  1.410642E-03  3.655724E-04
200289  4.491757E-04 -1.333426E-03
200290  1.093502E-03  8.979486E-04
200291 -1.362344E-03  3.908507E-04
200292  7.835102E-04 -1.220762E-03
200293 -2.053071E-04  1.434097E-03
200294  8.314231E-05 -1.455314E-03
200295 -4.664629E-04  1.385800E-03
200296  1.241126E-03 -8.265397E-04
200297 -1.290224E-03 -7.166965E-04
200298 -6.101918E-04  1.336784E-03
200299  1.019143E-03  1.088856E-03
200300  1.492270E-03  1.615461E-04
200301  1.492473E-03 -1.975434E-04
200302  1.491749E-03  1.589006E-04
200303  1.015789E-03  1.088502E-03
200304 -6.164845E-04  1.341314E-03
200305 -1.294453E-03 -7.128944E-04
200306  1.244494E-03 -8.325445E-04
200307 -4.571559E-04  1.368999E-03
200308  8.997040E-05 -1.472801E-03
200309 -2.068743E-04  1.426157E-03
200310  7.754647E-04 -1.219309E-03
200311 -1.371979E-03  3.947345E-04
200312  1.084297E-03  9.011424E-04
200313  4.407913E-04 -1.328132E-03
200314 -1.389149E-03 -1.856525E-04
200315 -1.572027E-04  1.391020E-03
200316  1.336409E-03  2.612571E-04
200317  4.124133E-04 -1.270782E-03
200318 -1.199281E-03 -6.170723E-04
200319 -8.177400E-04  1.066813E-03
200320  9.473376E-04  9.214604E-04
200321  9.693522E-04 -9.104668E-04
200322 -9.277750E-04 -9.028183E-04
200323 -6.241254E-04  1.085658E-03
200324  1.282209E-03  1.628542E-04
200325 -5.506695E-04 -1.139045E-03
200326 -3.756448E-04  1.220841E-03
200327  8.644807E-04 -8.568224E-04
200328 -1.075638E-03  6.971753E-04
200329  9.597105E-04 -7.253358E-04
200330 -6.327068E-04  1.080309E-03
200331 -2.639726E-04 -1.200348E-03
200332  1.169856E-03  3.272243E-04
200333 -4.947496E-04  1.083160E-03
200334 -1.192156E-03 -2.678534E-04
200335 -4.937389E-04 -1.163938E-03
200336  1.986195E-04 -1.263850E-03
200337  4.278548E-04 -1.202436E-03
200338  1.983631E-04 -1.253630E-03
200339 -4.909932E-04 -1.158059E-03
200340 -1.186601E-03 -2.738721E-04
200341 -4.929638E-04  1.076599E-03
200342  1.162486E-03  3.349579E-04
200343 -2.758749E-04 -1.180590E-03
200344 -6.385283E-04  1.096994E-03
200345  9.638388E-04 -7.176976E-04
200346 -1.067569E-03  7.049774E-04
200347  8.704431E-04 -8.420701E-04
200348 -3.718211E-04  1.234883E-03
200349 -5.488515E-04 -1.135818E-03
200350  1.277491E-03  1.580386E-04
200351 -6.384647E-04  1.083226E-03
200352 -9.459318E-04 -9.005025E-04
200353  9.588377E-04 -9.115671E-04
200354  9.511931E-04  9.101664E-04
200355 -8.033010E-04  1.048410E-03
200356 -1.184507E-03 -6.341855E-04
200357  4.201513E-04 -1.282623E-03
200358  1.338176E-03  2.518484E-04
200359 -1.553006E-04  1.380952E-03
200360 -1.383456E-03 -1.946851E-04
200361  1.086256E-03 -7.776107E-04
200362  9.696757E-04  9.362395E-04
200363 -1.008328E-03  9.142166E-04
200364 -5.107170E-04 -1.285324E-03
200365  1.324998E-03  4.087549E-04
200366 -1.366745E-03  2.856760E-04
200367  1.327880E-03 -4.143631E-04
200368 -1.419610E-03 -3.678859E-05
200369  9.397496E-04  1.056612E-03
200370  7.465669E-04 -1.189574E-03
200371 -1.002537E-03 -1.010212E-03
200372 -1.437253E-03  1.290317E-05
200373 -1.383965E-03  3.895252E-04
200374 -1.435294E-03  1.203126E-05
200375 -9.992059E-04 -1.012898E-03
200376  7.475538E-04 -1.189734E-03
200377  9.383174E-04  1.062469E-03
200378 -1.417978E-03 -2.994749E-05
200379  1.330959E-03 -4.103129E-04
200380 -1.371643E-03  2.931503E-04
200381  1.313273E-03  4.241469E-04
200382 -5.148502E-04 -1.270575E-03
200383 -9.977353E-04  9.167412E-04
200384  9.860371E-04  9.272546E-04
200385  1.098035E-03 -7.880278E-04
200386 -2.948006E-04 -1.296180E-03
200387 -1.234036E-03 -4.197686E-04
200388 -1.074774E-03  7.040363E-04
200389 -2.020408E-04  1.261631E-03
200390  7.550450E-04  1.021951E-03
200391  1.247707E-03  1.583047E-04
200392  9.203969E-04 -8.388571E-04
200393 -1.571656E-04 -1.230282E-03
200394 -1.161742E-03 -4.460223E-04
200395 -8.002125E-04  9.347152E-04
200396  8.114940E-04  8.906665E-04
200397  8.024135E-04 -8.988470E-04
200398 -1.095844E-03 -4.308662E-04
200399  3.483863E-04  1.126646E-03
200400  3.943703E-04 -1.120182E-03
200401 -6.626499E-04  9.558624E-04
200402  5.837668E-04 -1.001270E-03
200403 -1.044230E-04  1.159936E-03
200404 -7.989688E-04 -8.278313E-04
200405  1.039124E-03 -4.455219E-04
200406  5.319904E-04  1.043600E-03
200407 -6.449333E-04  1.000523E-03
200408 -1.096507E-03  4.249600E-04
200409 -1.151781E-03  1.861161E-04
200410 -1.095720E-03  4.372158E-04
200411 -6.446386E-04  1.008543E-03
200412  5.340397E-04  1.038182E-03
200413  1.042501E-03 -4.522103E-04
200414 -7.998597E-04 -8.205036E-04
200415 -1.070280E-04  1.174021E-03
200416  5.905668E-04 -1.002161E-03
200417 -6.478931E-04  9.365812E-04
200418  4.010491E-04 -1.137953E-03
200419  3.427170E-04  1.120562E-03
200420 -1.099372E-03 -4.394742E-04
200421  8.090007E-04 -9.181774E-04
200422  8.195070E-04  8.780641E-04
200423 -7.968007E-04  9.444151E-04
200424 -1.158492E-03 -4.244557E-04
200425 -1.528782E-04 -1.215588E-03
200426  9.208507E-04 -8.349401E-04
200427  1.243463E-03  1.601315E-04
200428  7.486964E-04  1.030668E-03
200429 -2.105057E-04  1.278512E-03
200430 -1.084943E-03  7.215404E-04
200431 -1.242772E-03 -4.085554E-04
200432 -3.024043E-04 -1.288291E-03
200433 -1.014928E-03 -7.577343E-04
200434  2.775076E-05 -1.270248E-03
200435  1.211696E-03 -3.876711E-04
200436  4.286003E-04  1.236891E-03
200437 -1.315366E-03  1.927223E-05
200438  8.761818E-04 -9.901662E-04
200439 -4.325049E-04  1.261931E-03
200440  5.509317E-04 -1.228831E-03
200441 -1.130080E-03  7.051312E-04
200442  1.137977E-03  7.307832E-04
200443  8.722576E-04 -1.047248E-03
200444 -2.355906E-04 -1.346354E-03
200445 -6.131673E-04 -1.214854E-03
200446 -2.384451E-04 -1.336712E-03
200447  8.777135E-04 -1.044849E-03
200448  1.143024E-03  7.251599E-04
200449 -1.137065E-03  7.030885E-04
200450  5.433448E-04 -1.229597E-03
200451 -4.326186E-04  1.255688E-03
200452  8.752422E-04 -9.976481E-04
200453 -1.315033E-03  1.289878E-05
200454  4.376590E-04  1.228165E-03
200455  1.218992E-03 -3.962351E-04
200456  2.044727E-05 -1.272353E-03
200457 -1.032697E-03 -7.509160E-04
200458 -1.263164E-03  1.268220E-04
200459 -9.911187E-04  7.645574E-04
200460 -5.669476E-04  1.093001E-03
200461 -1.449226E-04  1.208882E-03
200462  2.518406E-04  1.182421E-03
200463  6.314605E-04  1.021656E-03
200464  9.679972E-04  6.961862E-04
200465  1.165978E-03  1.627636E-04
200466  1.018540E-03 -5.459306E-04
200467  2.882219E-04 -1.102973E-03
200468 -8.057042E-04 -8.060743E-04
200469 -1.007993E-03  5.378878E-04
200470  5.149830E-04  9.976080E-04
200471  7.822711E-04 -7.943277E-04
200472 -1.095584E-03 -1.528991E-04
200473  8.557889E-04  7.117593E-04
200474 -6.860527E-04 -8.465999E-04
200475  8.752901E-04  6.618817E-04
200476 -1.078798E-03 -3.101378E-05
200477  5.457125E-04 -9.765838E-04
200478  9.502174E-04  5.480072E-04
200479 -1.335235E-04  1.063392E-03
200480 -7.895077E-04  7.070664E-04
200481 -9.253398E-04  4.894275E-04
200482 -7.825158E-04  6.990259E-04
200483 -1.403089E-04  1.055263E-03
200484  9.390306E-04  5.447118E-04
200485  5.515183E-04 -9.785789E-04
200486 -1.067728E-03 -3.655696E-05
200487  8.730022E-04  6.532300E-04
200488 -6.932453E-04 -8.553710E-04
200489  8.526613E-04  7.072453E-04
200490 -1.104568E-03 -1.452422E-04
200491  7.675365E-04 -7.750718E-04
200492  5.106256E-04  1.010696E-03
200493 -1.004857E-03  5.368760E-04
200494 -8.118116E-04 -8.058455E-04
200495  2.820105E-04 -1.100268E-03
200496  1.029556E-03 -5.578316E-04
200497  1.177539E-03  1.439136E-04
200498  9.581693E-04  6.923361E-04
200499  6.146484E-04  1.028342E-03
200500  2.499706E-04  1.183647E-03
200501 -1.351112E-04  1.203531E-03
200502 -5.556907E-04  1.083936E-03
200503 -9.780402E-04  7.511786E-04
200504 -1.245599E-03  1.134251E-04
200505  2.489802E-04 -1.183355E-03
200506  9.253774E-04 -8.198037E-04
200507  1.214310E-03  2.305039E-04
200508  1.476606E-04  1.221893E-03
200509 -1.230173E-03  5.365478E-05
200510  5.522441E-04 -1.128756E-03
200511  1.875987E-04  1.245101E-03
200512 -3.152223E-04 -1.230916E-03
200513 -2.336000E-04  1.250366E-03
200514  1.188327E-03 -4.534257E-04
200515 -4.237484E-04 -1.209323E-03
200516 -1.219208E-03 -3.888816E-04
200517 -1.287024E-03  9.358184E-06
200518 -1.228757E-03 -3.839143E-04
200519 -4.212879E-04 -1.208387E-03
200520  1.191714E-03 -4.546460E-04
200521 -2.413556E-04  1.254688E-03
200522 -3.124566E-04 -1.229552E-03
200523  2.005011E-04  1.239313E-03
200524  5.526158E-04 -1.128884E-03
200525 -1.231292E-03  5.702985E-05
200526  1.532167E-04  1.219788E-03
200527  1.207023E-03  2.325310E-04
200528  9.133508E-04 -8.116610E-04
200529  2.556231E-04 -1.182619E-03
200530 -2.263172E-04 -1.168516E-03
200531 -4.746841E-04 -1.073130E-03
200532 -5.609491E-04 -1.020459E-03
200533 -5.635547E-04 -1.011626E-03
200534 -5.295085E-04 -1.016351E-03
200535 -5.013667E-04 -1.017453E-03
200536 -5.363653E-04 -9.895921E-04
200537 -6.646067E-04 -8.899107E-04
200538 -8.740220E-04 -6.507853E-04
200539 -1.056962E-03 -1.631065E-04
200540 -8.891753E-04  5.782509E-04
200541 -5.071550E-06  1.064337E-03
200542  1.010996E-03  3.066132E-04
200543  2.497764E-04 -1.024947E-03
200544 -1.057203E-03  1.522536E-04
200545  8.243157E-04  6.175123E-04
200546 -5.540227E-04 -8.816323E-04
200547  5.798692E-04  8.619584E-04
200548 -9.400205E-04 -4.507980E-04
200549  8.894336E-04 -4.763531E-04
200550  3.435682E-04  9.626439E-04
200551 -7.983431E-04  6.560557E-04
200552 -1.037126E-03 -4.534020E-05
200553 -9.819624E-04 -2.993734E-04
200554 -1.020581E-03 -5.090009E-05
200555 -8.017130E-04  6.537976E-04
200556  3.338751E-04  9.733422E-04
200557  9.001448E-04 -4.610657E-04
200558 -9.297273E-04 -4.459584E-04
200559  5.708393E-04  8.626814E-04
200560 -5.645047E-04 -8.695046E-04
200561  8.287642E-04  6.342298E-04
200562 -1.045755E-03  1.577449E-04
200563  2.609847E-04 -1.025372E-03
200564  1.027225E-03  3.063306E-04
200565  6.930368E-06  1.061359E-03
200566 -8.989618E-04  5.836241E-04
200567 -1.072834E-03 -1.544463E-04
200568 -8.731139E-04 -6.598579E-04
200569 -6.640693E-04 -8.971033E-04
200570 -5.446841E-04 -9.753690E-04
200571 -4.921046E-04 -1.009119E-03
200572 -5.064330E-04 -1.026437E-03
200573 -5.569916E-04 -1.019069E-03
200574 -5.724168E-04 -1.018963E-03
200575 -4.918266E-04 -1.068834E-03
200576 -2.448937E-04 -1.162747E-03
200577 -5.920745E-04  9.878135E-04
200578 -9.358730E-04  6.711392E-04
200579 -1.151105E-03 -9.938381E-05
200580 -4.957686E-04 -1.062209E-03
200581  1.003939E-03 -6.052845E-04
200582  2.443993E-04  1.159410E-03
200583 -9.895394E-04 -6.819165E-04
200584  1.096771E-03  4.512587E-04
200585 -8.978787E-04 -8.001704E-04
200586 -1.193884E-04  1.206288E-03
200587  1.198835E-03  7.295269E-05
200588  7.476134E-04 -9.484615E-04
200589  3.994638E-04 -1.134269E-03
200590  7.452126E-04 -9.520175E-04
200591  1.203692E-03  7.533008E-05
200592 -1.209514E-04  1.207327E-03
200593 -9.095447E-04 -7.970760E-04
200594  1.100644E-03  4.573786E-04
200595 -9.820433E-04 -6.806987E-04
200596  2.287052E-04  1.166422E-03
200597  9.957314E-04 -5.919579E-04
200598 -4.867195E-04 -1.056868E-03
200599 -1.153351E-03 -9.594388E-05
200600 -9.310551E-04  6.760856E-04
200601 -5.712415E-04  9.793862E-04
200602 -3.934775E-04  1.047738E-03
200603 -4.163565E-04  1.030313E-03
200604 -5.655113E-04  9.339610E-04
200605 -7.768928E-04  7.467678E-04
200606 -9.555313E-04  4.920743E-04
200607 -1.039111E-03  2.127981E-04
200608 -1.058291E-03 -1.468560E-05
200609 -1.050447E-03 -1.184067E-04
200610 -1.046824E-03 -6.518649E-05
200611 -1.027237E-03  1.892005E-04
200612 -8.112131E-04  6.451420E-04
200613 -1.329383E-04  1.018331E-03
200614  8.272880E-04  6.006770E-04
200615  7.159323E-04 -7.021558E-04
200616 -8.343178E-04 -5.124162E-04
200617  6.755163E-05  9.905564E-04
200618  4.427435E-04 -8.906835E-04
200619 -4.872742E-04  8.315328E-04
200620  1.581497E-04 -9.587249E-04
200621  6.230552E-04  7.435270E-04
200622 -8.558917E-04  4.572626E-04
200623 -6.816938E-04 -6.837592E-04
200624 -2.088858E-05 -9.648311E-04
200625  2.275917E-04 -9.370388E-04
200626 -1.433643E-05 -9.603796E-04
200627 -6.873781E-04 -6.864961E-04
200628 -8.566858E-04  4.535509E-04
200629  6.277238E-04  7.388219E-04
200630  1.476305E-04 -9.660629E-04
200631 -4.972684E-04  8.277638E-04
200632  4.475133E-04 -8.938971E-04
200633  7.552850E-05  9.807776E-04
200634 -8.307648E-04 -5.334499E-04
200635  7.130852E-04 -7.217362E-04
200636  8.230684E-04  5.928125E-04
200637 -1.284115E-04  1.006949E-03
200638 -8.027662E-04  6.406443E-04
200639 -1.021523E-03  2.017785E-04
200640 -1.041815E-03 -6.099724E-05
200641 -1.058681E-03 -1.150791E-04
200642 -1.069228E-03 -4.093826E-06
200643 -1.030113E-03  2.069153E-04
200644 -9.582025E-04  4.852674E-04
200645 -8.037949E-04  7.619443E-04
200646 -5.788857E-04  9.486007E-04
200647 -4.106208E-04  1.035945E-03
200648 -3.994681E-04  1.060717E-03
200649  5.701455E-04  9.048357E-04
200650  2.981823E-04  1.035770E-03
200651 -3.011857E-04  1.054298E-03
200652 -1.043242E-03  3.796138E-04
200653 -6.055199E-04 -9.333166E-04
200654  1.063240E-03 -3.758125E-04
200655 -4.210633E-04  1.045403E-03
200656  1.041931E-04 -1.126364E-03
200657 -3.857637E-04  1.064615E-03
200658  1.082090E-03 -3.691238E-04
200659 -4.244365E-04 -1.061292E-03
200660 -1.110535E-03 -2.179571E-04
200661 -1.128845E-03  1.556428E-04
200662 -1.108510E-03 -2.218134E-04
200663 -4.244882E-04 -1.051789E-03
200664  1.083679E-03 -3.745712E-04
200665 -3.857622E-04  1.050448E-03
200666  1.053286E-04 -1.126919E-03
200667 -4.192005E-04  1.040584E-03
200668  1.055262E-03 -3.866909E-04
200669 -6.028858E-04 -9.355577E-04
200670 -1.033134E-03  3.783822E-04
200671 -3.038166E-04  1.048167E-03
200672  3.036025E-04  1.036927E-03
200673  5.636582E-04  9.070665E-04
200674  5.763425E-04  8.846430E-04
200675  3.967716E-04  9.715489E-04
200676  7.306601E-05  1.043064E-03
200677 -3.551641E-04  9.683201E-04
200678 -7.410099E-04  7.118571E-04
200679 -9.483653E-04  3.218739E-04
200680 -9.934587E-04 -6.504537E-05
200681 -9.353646E-04 -3.233195E-04
200682 -8.832699E-04 -4.273469E-04
200683 -9.200740E-04 -3.488297E-04
200684 -9.753997E-04 -2.888390E-05
200685 -8.055622E-04  5.244547E-04
200686 -5.720591E-05  9.436556E-04
200687  8.971466E-04  3.163047E-04
200688  2.480358E-04 -9.133163E-04
200689 -9.087031E-04  2.422963E-04
200690  8.574542E-04  3.530754E-04
200691 -7.860182E-04 -4.955687E-04
200692  9.164512E-04  2.281106E-04
200693 -7.806079E-04  4.857078E-04
200694 -2.505764E-04 -8.890682E-04
200695  8.064094E-04 -4.682818E-04
200696  9.031318E-04  2.315492E-04
200697  8.117696E-04  4.487778E-04
200698  9.012690E-04  2.318288E-04
200699  8.033896E-04 -4.748769E-04
200700 -2.413526E-04 -8.903298E-04
200701 -7.742777E-04  4.755019E-04
200702  9.069099E-04  2.187300E-04
200703 -7.794306E-04 -4.880172E-04
200704  8.755101E-04  3.491242E-04
200705 -9.120564E-04  2.342873E-04
200706  2.316212E-04 -9.049713E-04
200707  8.824723E-04  3.320331E-04
200708 -7.462515E-05  9.613681E-04
200709 -8.153302E-04  5.254296E-04
200710 -9.696070E-04 -3.754051E-05
200711 -9.164513E-04 -3.450693E-04
200712 -8.786472E-04 -4.315342E-04
200713 -9.330428E-04 -3.313875E-04
200714 -9.920775E-04 -6.730097E-05
200715 -9.400434E-04  3.103211E-04
200716 -7.537422E-04  7.077208E-04
200717 -3.594216E-04  9.765108E-04
200718  1.030772E-04  1.030434E-03
200719  4.340992E-04  9.452474E-04
200720  6.101887E-04  8.766871E-04
200721  4.715196E-04  9.091581E-04
200722  2.645527E-04  9.851513E-04
200723 -2.339537E-04  1.011910E-03
200724 -9.335907E-04  4.561218E-04
200725 -6.972800E-04 -7.826230E-04
200726  9.055372E-04 -5.527913E-04
200727 -1.490731E-04  1.048880E-03
200728 -2.053802E-04 -1.048748E-03
200729 -5.558205E-05  1.072580E-03
200730  8.433062E-04 -6.610573E-04
200731 -7.258131E-04 -7.970785E-04
200732 -1.067115E-03  1.813228E-04
200733 -9.533111E-04  5.110026E-04
200734 -1.065408E-03  1.755912E-04
200735 -7.351195E-04 -7.892316E-04
200736  8.481205E-04 -6.629954E-04
200737 -4.275448E-05  1.067649E-03
200738 -2.096176E-04 -1.043358E-03
200739 -1.486326E-04  1.051030E-03
200740  9.141830E-04 -5.582275E-04
200741 -6.905771E-04 -7.872522E-04
200742 -9.353873E-04  4.543945E-04
200743 -2.382855E-04  1.002137E-03
200744  2.762950E-04  9.849624E-04
200745  4.567525E-04  9.124345E-04
200746  3.976021E-04  9.289789E-04
200747  1.240564E-04  9.905002E-04
200748 -2.814584E-04  9.511913E-04
200749 -7.108773E-04  6.763641E-04
200750 -9.621213E-04  2.064741E-04
200751 -9.128448E-04 -3.121279E-04
200752 -6.677023E-04 -6.982876E-04
200753 -3.609862E-04 -8.706643E-04
200754 -1.526723E-04 -9.180729E-04
200755 -1.453244E-04 -9.120536E-04
200756 -3.449595E-04 -8.419522E-04
200757 -7.159878E-04 -5.605208E-04
200758 -8.951454E-04  1.575864E-04
200759 -1.739066E-04  8.715115E-04
200760  8.846365E-04  1.333094E-04
200761 -2.267377E-04 -8.664660E-04
200762 -3.883378E-04  8.107892E-04
200763  5.272294E-04 -7.047915E-04
200764 -3.550673E-04  8.058612E-04
200765 -3.081784E-04 -8.267937E-04
200766  8.699573E-04 -5.044682E-05
200767  2.326558E-04  8.437571E-04
200768 -4.503532E-04  7.571492E-04
200769 -6.311600E-04  6.066870E-04
200770 -4.488831E-04  7.558607E-04
200771  2.341021E-04  8.426635E-04
200772  8.702411E-04 -3.335888E-05
200773 -3.038776E-04 -8.210239E-04
200774 -3.551373E-04  8.092313E-04
200775  5.337207E-04 -6.835256E-04
200776 -3.835713E-04  8.142944E-04
200777 -2.394889E-04 -8.640626E-04
200778  8.733374E-04  1.561147E-04
200779 -1.664891E-04  8.882568E-04
200780 -8.871946E-04  1.688656E-04
200781 -7.198630E-04 -5.564234E-04
200782 -3.437403E-04 -8.489351E-04
200783 -1.524876E-04 -9.148361E-04
200784 -1.558573E-04 -9.234307E-04
200785 -3.551146E-04 -8.752416E-04
200786 -6.660851E-04 -6.928302E-04
200787 -9.087381E-04 -3.087129E-04
200788 -9.720168E-04  2.068166E-04
200789 -6.870429E-04  6.805598E-04
200790 -2.580302E-04  9.465886E-04
200791  9.553468E-05  9.841830E-04
200792  4.037325E-04  9.359197E-04
200793 -3.551211E-04  8.930224E-04
200794 -5.384083E-04  8.063710E-04
200795 -8.546528E-04  4.706611E-04
200796 -9.223358E-04 -3.569855E-04
200797  7.876277E-05 -9.871354E-04
200798  9.582637E-04  2.497851E-04
200799 -8.189591E-04  5.840839E-04
200800  5.723321E-04 -8.324057E-04
200801 -7.733774E-04  6.650288E-04
200802  1.000789E-03  1.392015E-04
200803  5.547584E-05 -1.017273E-03
200804 -8.312350E-04 -6.013801E-04
200805 -9.805119E-04 -3.071750E-04
200806 -8.272561E-04 -6.064524E-04
200807  4.757964E-05 -1.018548E-03
200808  9.998376E-04  1.404603E-04
200809 -7.683991E-04  6.762466E-04
200810  5.622566E-04 -8.278119E-04
200811 -8.212821E-04  5.898516E-04
200812  9.646048E-04  2.605250E-04
200813  7.685028E-05 -9.891483E-04
200814 -9.299877E-04 -3.555706E-04
200815 -8.582700E-04  4.687921E-04
200816 -5.234595E-04  8.107743E-04
200817 -3.708524E-04  8.918158E-04
200818 -4.305440E-04  8.500760E-04
200819 -6.563783E-04  6.788303E-04
200820 -8.717776E-04  3.325764E-04
200821 -9.087318E-04 -1.736247E-04
200822 -6.628392E-04 -6.419026E-04
200823 -1.969412E-04 -8.922755E-04
200824  2.576139E-04 -8.725521E-04
200825  5.840496E-04 -6.777050E-04
200826  7.385107E-04 -5.085229E-04
200827  7.515753E-04 -4.665255E-04
200828  6.521629E-04 -5.897719E-04
200829  3.006746E-04 -8.182004E-04
200830 -3.844351E-04 -7.749940E-04
200831 -8.734575E-04  3.682840E-05
200832  4.226090E-06  8.504524E-04
200833  7.957467E-04 -3.416915E-04
200834 -8.006789E-04 -2.590643E-04
200835  7.000109E-04  4.606329E-04
200836 -7.926161E-04 -2.905306E-04
200837  7.699700E-04 -3.140480E-04
200838  5.678645E-05  8.325463E-04
200839 -8.109809E-04  2.328513E-04
200840 -7.310402E-04 -4.229522E-04
200841 -5.895454E-04 -6.007757E-04
200842 -7.287593E-04 -4.210496E-04
200843 -8.081649E-04  2.326965E-04
200844  4.437129E-05  8.414223E-04
200845  7.697163E-04 -3.095500E-04
200846 -7.920588E-04 -2.873396E-04
200847  6.973182E-04  4.669888E-04
200848 -8.090803E-04 -2.666780E-04
200849  7.902367E-04 -3.438803E-04
200850  1.519203E-05  8.538868E-04
200851 -8.497186E-04  2.984831E-05
200852 -3.610411E-04 -7.792535E-04
200853  3.010938E-04 -8.176997E-04
200854  6.530748E-04 -5.918177E-04
200855  7.462493E-04 -4.664173E-04
200856  7.309746E-04 -5.063766E-04
200857  5.847401E-04 -6.806936E-04
200858  2.503149E-04 -8.716870E-04
200859 -1.960908E-04 -8.863991E-04
200860 -6.732176E-04 -6.484801E-04
200861 -8.878417E-04 -1.683625E-04
200862 -8.832229E-04  3.559734E-04
200863 -7.559290E-04  7.081062E-04
200864 -4.581105E-04  8.828344E-04
200865 -9.038868E-04 -5.032003E-05
200866 -9.000920E-04 -2.514099E-04
200867 -6.488514E-04 -6.672252E-04
200868  1.125820E-04 -9.364626E-04
200869  9.361904E-04 -1.133497E-04
200870 -8.231569E-05  9.422451E-04
200871 -6.652648E-04 -6.804372E-04
200872  8.502426E-04  4.495900E-04
200873 -7.020534E-04 -6.581283E-04
200874 -4.982740E-05  9.646039E-04
200875  9.675384E-04 -5.454460E-06
200876  5.286815E-04 -8.059810E-04
200877  2.414128E-04 -9.363618E-04
200878  5.325235E-04 -8.054770E-04
200879  9.694660E-04 -9.282567E-06
200880 -5.337325E-05  9.609204E-04
200881 -7.077001E-04 -6.490479E-04
200882  8.467250E-04  4.435703E-04
200883 -6.653241E-04 -6.813471E-04
200884 -8.531852E-05  9.538432E-04
200885  9.310611E-04 -1.196911E-04
200886  1.111672E-04 -9.323159E-04
200887 -6.568576E-04 -6.627274E-04
200888 -8.930419E-04 -2.466294E-04
200889 -9.241012E-04 -5.272679E-05
200890 -9.036910E-04 -9.787195E-05
200891 -8.430434E-04 -3.282441E-04
200892 -6.319415E-04 -6.271704E-04
200893 -2.299881E-04 -8.519701E-04
200894  2.586440E-04 -8.330431E-04
200895  6.651631E-04 -5.623573E-04
200896  8.428250E-04 -1.763193E-04
200897  8.441936E-04  1.695331E-04
200898  7.746431E-04  3.544457E-04
200899  7.449720E-04  3.827195E-04
200900  8.048884E-04  2.354449E-04
200901  8.102506E-04 -1.633594E-04
200902  4.436707E-04 -6.898362E-04
200903 -4.624823E-04 -6.790383E-04
200904 -7.113703E-04  4.334333E-04
200905  6.680261E-04  4.750168E-04
200906 -1.651957E-04 -7.810123E-04
200907 -3.395727E-05  8.130927E-04
200908 -1.349361E-04 -7.866630E-04
200909  6.345360E-04  4.959837E-04
200910 -6.559070E-04  4.553629E-04
200911 -5.741944E-04 -5.525739E-04
200912  1.478569E-05 -7.968996E-04
200913  2.274329E-04 -7.658977E-04
200914  1.509659E-05 -7.956626E-04
200915 -5.690002E-04 -5.537316E-04
200916 -6.645609E-04  4.465653E-04
200917  6.386559E-04  4.923837E-04
200918 -1.365767E-04 -7.896074E-04
200919 -3.221062E-05  8.029259E-04
200920 -1.699488E-04 -7.946234E-04
200921  6.717934E-04  4.764514E-04
200922 -6.882982E-04  4.289912E-04
200923 -4.516112E-04 -6.884441E-04
200924  4.523494E-04 -6.896175E-04
200925  8.065746E-04 -1.645074E-04
200926  8.034157E-04  2.353306E-04
200927  7.444595E-04  3.865202E-04
200928  7.677884E-04  3.615174E-04
200929  8.474980E-04  1.633893E-04
200930  8.376440E-04 -1.855617E-04
200931  6.717737E-04 -5.585625E-04
200932  2.535139E-04 -8.466498E-04
200933 -2.198424E-04 -8.498380E-04
200934 -6.494722E-04 -5.984132E-04
200935 -9.393747E-04 -2.994882E-04
200936 -9.250238E-04 -6.366390E-05
200937 -2.003805E-04 -8.521123E-04
200938  3.355426E-05 -8.776805E-04
200939  5.371126E-04 -7.059370E-04
200940  8.887850E-04  3.095776E-05
200941  1.346237E-04  8.967110E-04
200942 -8.966858E-04 -1.152829E-04
200943  7.156616E-04 -5.601432E-04
200944 -5.394971E-04  7.368189E-04
200945  7.460526E-04 -5.310541E-04
200946 -8.697505E-04 -2.548905E-04
200947 -2.215769E-04  8.876271E-04
200948  6.143248E-04  6.912370E-04
200949  8.030909E-04  4.585714E-04
200950  6.148853E-04  6.944603E-04
200951 -2.147500E-04  8.894681E-04
200952 -8.691457E-04 -2.611004E-04
200953  7.402405E-04 -5.306406E-04
200954 -5.315831E-04  7.285885E-04
200955  7.195011E-04 -5.647616E-04
200956 -9.015379E-04 -1.117125E-04
200957  1.340461E-04  8.878250E-04
200958  8.951127E-04  3.757412E-05
200959  5.252833E-04 -7.049350E-04
200960  3.530151E-05 -8.785915E-04
200961 -2.189072E-04 -8.512337E-04
200962 -2.328286E-04 -8.375412E-04
200963 -7.428873E-05 -8.616652E-04
200964  2.147450E-04 -8.237208E-04
200965  5.501654E-04 -6.423537E-04
200966  7.817262E-04 -2.956467E-04
200967  8.274508E-04  1.146032E-04
200968  6.912406E-04  4.532409E-04
200969  5.007741E-04  6.569171E-04
200970  3.651262E-04  7.257627E-04
200971  3.641817E-04  7.200582E-04
200972  5.240062E-04  6.128272E-04
200973  7.492844E-04  2.648217E-04
200974  7.042514E-04 -3.781283E-04
200975 -8.827928E-05 -7.840532E-04
200976 -7.918753E-04  9.043673E-05
200977  3.990121E-04  6.645632E-04
200978  1.356008E-04 -7.621788E-04
200979 -3.121497E-04  7.105283E-04
200980  1.409382E-04 -7.532930E-04
200981  4.164347E-04  6.465773E-04
200982 -7.360364E-04  2.078638E-04
200983 -3.528731E-04 -6.792637E-04
200984  2.591053E-04 -7.198585E-04
200985  4.425102E-04 -6.316646E-04
200986  2.605033E-04 -7.215312E-04
200987 -3.479553E-04 -6.769148E-04
200988 -7.362773E-04  1.957882E-04
200989  4.261326E-04  6.449936E-04
200990  1.370094E-04 -7.588666E-04
200991 -3.026085E-04  7.030252E-04
200992  1.354471E-04 -7.682826E-04
200993  3.977714E-04  6.756976E-04
200994 -7.759203E-04  9.101874E-05
200995 -9.953876E-05 -7.875135E-04
200996  6.920532E-04 -3.711564E-04
200997  7.441328E-04  2.637501E-04
200998  5.209459E-04  6.119151E-04
200999  3.659125E-04  7.227036E-04
201000  3.601815E-04  7.327294E-04
201001  5.094423E-04  6.535374E-04
201002  6.904346E-04  4.451308E-04
201003  8.360546E-04  1.218418E-04
201004  7.829411E-04 -3.060461E-04
201005  5.528974E-04 -6.429664E-04
201006  2.146292E-04 -8.037510E-04
201007 -1.220701E-04 -8.501602E-04
201008 -2.308969E-04 -8.159003E-04
201009  6.035207E-04 -5.965347E-04
201010  7.774729E-04 -3.097723E-04
201011  8.080532E-04  2.728345E-04
201012  1.498768E-04  8.309045E-04
201013 -8.186846E-04  2.356163E-04
201014  7.370262E-05 -8.587381E-04
201015  5.143492E-04  7.007374E-04
201016 -6.377841E-04 -5.893597E-04
201017  3.809975E-04  7.819167E-04
201018  4.226236E-04 -7.598900E-04
201019 -7.654167E-04 -4.234114E-04
201020 -7.837997E-04  3.822364E-04
201021 -6.250878E-04  6.043346E-04
201022 -7.842276E-04  3.841769E-04
201023 -7.622999E-04 -4.169240E-04
201024  4.261977E-04 -7.627399E-04
201025  3.793856E-04  7.786387E-04
201026 -6.263729E-04 -5.912378E-04
201027  5.177243E-04  6.973806E-04
201028  7.321198E-05 -8.603021E-04
201029 -8.157519E-04  2.298251E-04
201030  1.591843E-04  8.389812E-04
201031  7.988207E-04  2.676929E-04
201032  7.799264E-04 -3.138723E-04
201033  5.900523E-04 -5.896965E-04
201034  5.014824E-04 -6.569035E-04
201035  5.441232E-04 -6.156804E-04
201036  6.614916E-04 -4.703623E-04
201037  7.767104E-04 -2.241613E-04
201038  7.944594E-04  8.752645E-05
201039  6.977097E-04  3.821616E-04
201040  5.225546E-04  5.906506E-04
201041  3.641183E-04  6.964468E-04
201042  2.904158E-04  7.219324E-04
201043  3.552272E-04  6.953349E-04
201044  5.542295E-04  5.442226E-04
201045  7.587623E-04  1.369330E-04
201046  5.835693E-04 -5.074509E-04
201047 -2.928199E-04 -7.001993E-04
201048 -6.733349E-04  3.438674E-04
201049  6.123775E-04  4.299303E-04
201050 -2.080254E-04 -7.216282E-04
201051  5.641185E-05  7.370521E-04
201052 -2.559557E-04 -6.932011E-04
201053  6.683646E-04  3.119532E-04
201054 -4.954644E-04  5.529488E-04
201055 -6.505915E-04 -3.587973E-04
201056 -1.920197E-04 -7.084305E-04
201057  4.656704E-06 -7.425326E-04
201058 -1.876116E-04 -7.105992E-04
201059 -6.504630E-04 -3.534155E-04
201060 -4.941004E-04  5.457823E-04
201061  6.770937E-04  3.172641E-04
201062 -2.610185E-04 -7.003715E-04
201063  6.464724E-05  7.401886E-04
201064 -2.095904E-04 -7.209224E-04
201065  5.995328E-04  4.416599E-04
201066 -6.690474E-04  3.446850E-04
201067 -3.106115E-04 -7.020647E-04
201068  5.649963E-04 -5.009594E-04
201069  7.559804E-04  1.366752E-04
201070  5.505993E-04  5.436424E-04
201071  3.582958E-04  6.949673E-04
201072  2.870454E-04  7.262159E-04
201073  3.725475E-04  6.985475E-04
201074  5.201231E-04  5.880551E-04
201075  7.016514E-04  3.908305E-04
201076  7.971305E-04  8.394252E-05
201077  7.737175E-04 -2.265475E-04
201078  6.760796E-04 -4.562481E-04
201079  5.389694E-04 -6.101636E-04
201080  5.187894E-04 -6.440012E-04
201081  7.907057E-04 -1.967963E-04
201082  7.683310E-04  2.454797E-04
201083  3.396389E-04  7.419742E-04
201084 -5.705386E-04  5.775314E-04
201085 -5.665360E-04 -5.828138E-04
201086  7.801163E-04 -2.483137E-04
201087 -4.960474E-04  6.593112E-04
201088  4.227550E-04 -7.118644E-04
201089 -6.940186E-04  4.559736E-04
201090  7.508694E-04  3.468890E-04
201091  3.745985E-04 -7.495306E-04
201092 -3.705921E-04 -7.492327E-04
201093 -5.786043E-04 -6.068030E-04
201094 -3.693743E-04 -7.477012E-04
201095  3.718372E-04 -7.444833E-04
201096  7.531772E-04  3.479101E-04
201097 -6.929038E-04  4.528905E-04
201098  4.302455E-04 -7.084851E-04
201099 -4.958745E-04  6.569680E-04
201100  7.843363E-04 -2.497782E-04
201101 -5.645944E-04 -5.843833E-04
201102 -5.619142E-04  5.858446E-04
201103  3.356997E-04  7.348662E-04
201104  7.713821E-04  2.421787E-04
201105  7.787692E-04 -1.861260E-04
201106  6.910367E-04 -3.879068E-04
201107  6.571885E-04 -4.346373E-04
201108  6.836963E-04 -3.756063E-04
201109  7.397406E-04 -2.399496E-04
201110  7.676698E-04 -5.336223E-05
201111  7.526780E-04  1.358957E-04
201112  7.014831E-04  2.860487E-04
201113  6.627781E-04  3.603104E-04
201114  6.652871E-04  3.406534E-04
201115  7.210248E-04  2.017382E-04
201116  7.359456E-04 -1.246892E-04
201117  4.791608E-04 -5.626245E-04
201118 -2.110035E-04 -6.988945E-04
201119 -7.147404E-04  5.179977E-05
201120  1.685309E-04  7.138909E-04
201121  5.259948E-04 -5.131686E-04
201122 -7.103661E-04  1.250493E-04
201123  7.208211E-04 -3.162756E-05
201124 -6.775818E-04  2.525912E-04
201125  2.812615E-04 -6.679555E-04
201126  5.614816E-04  4.376482E-04
201127 -2.807601E-04  6.477651E-04
201128 -6.641287E-04  2.647741E-04
201129 -7.061000E-04  7.480113E-05
201130 -6.581993E-04  2.648319E-04
201131 -2.853444E-04  6.516429E-04
201132  5.607748E-04  4.334014E-04
201133  2.846692E-04 -6.589119E-04
201134 -6.809362E-04  2.436575E-04
201135  7.215290E-04 -2.314133E-05
201136 -7.135361E-04  1.262475E-04
201137  5.073529E-04 -5.096863E-04
201138  1.691535E-04  7.099340E-04
201139 -7.272571E-04  5.525437E-05
201140 -2.255936E-04 -6.921404E-04
201141  4.790415E-04 -5.624153E-04
201142  7.306641E-04 -1.245340E-04
201143  7.251317E-04  1.996891E-04
201144  6.631708E-04  3.422884E-04
201145  6.674210E-04  3.646106E-04
201146  6.953982E-04  2.853174E-04
201147  7.526313E-04  1.417359E-04
201148  7.686534E-04 -5.295901E-05
201149  7.339392E-04 -2.449740E-04
201150  7.020678E-04 -3.628129E-04
201151  6.694283E-04 -4.239426E-04
201152  7.113110E-04 -3.772103E-04
201153  7.266475E-04 -2.999004E-04
201154  7.341564E-04  2.447392E-04
201155  1.974271E-04  7.557101E-04
201156 -6.986930E-04  3.489165E-04
201157 -2.322045E-04 -7.461841E-04
201158  7.480325E-04  2.230756E-04
201159 -7.723921E-04  1.671729E-04
201160  7.684350E-04 -1.734340E-04
201161 -7.588033E-04 -2.456529E-04
201162  1.322634E-04  7.812624E-04
201163  7.921915E-04 -7.544545E-05
201164  4.367552E-04 -6.673518E-04
201165  2.251133E-04 -7.705325E-04
201166  4.383126E-04 -6.639589E-04
201167  7.873572E-04 -7.544723E-05
201168  1.318298E-04  7.832933E-04
201169 -7.565470E-04 -2.477640E-04
201170  7.709918E-04 -1.692615E-04
201171 -7.742035E-04  1.639298E-04
201172  7.542596E-04  2.246540E-04
201173 -2.334219E-04 -7.461198E-04
201174 -6.921149E-04  3.572105E-04
201175  1.968018E-04  7.498564E-04
201176  7.360381E-04  2.421713E-04
201177  7.127453E-04 -2.907117E-04
201178  5.107603E-04 -5.646152E-04
201179  3.561781E-04 -6.677480E-04
201180  2.888348E-04 -6.924210E-04
201181  2.991059E-04 -6.864232E-04
201182  3.416099E-04 -6.591514E-04
201183  3.911721E-04 -6.289699E-04
201184  4.087128E-04 -6.079906E-04
201185  3.780012E-04 -6.256157E-04
201186  2.522683E-04 -6.803786E-04
201187 -1.428286E-06 -7.138531E-04
201188 -3.844690E-04 -5.978562E-04
201189 -6.986364E-04 -1.049696E-04
201190 -3.817893E-04  5.826799E-04
201191  5.576066E-04  4.384097E-04
201192  3.032239E-04 -6.225203E-04
201193 -6.751388E-04  1.347382E-04
201194  6.579998E-04  2.175706E-04
201195 -6.361697E-04 -2.711059E-04
201196  6.828064E-04  6.784922E-06
201197 -4.502881E-04  5.156842E-04
201198 -4.181421E-04 -5.514308E-04
201199  4.105023E-04 -5.585821E-04
201200  6.746466E-04 -1.063656E-04
201201  6.856303E-04  6.511912E-05
201202  6.794297E-04 -1.034627E-04
201203  4.049301E-04 -5.587842E-04
201204 -4.195489E-04 -5.555802E-04
201205 -4.521531E-04  5.239755E-04
201206  6.832016E-04 -2.465155E-06
201207 -6.420194E-04 -2.646063E-04
201208  6.561585E-04  2.172093E-04
201209 -6.913575E-04  1.289944E-04
201210  3.073058E-04 -6.285429E-04
201211  5.440705E-04  4.503358E-04
201212 -3.955738E-04  5.919418E-04
201213 -6.968100E-04 -1.045107E-04
201214 -3.918186E-04 -5.990061E-04
201215  3.269969E-06 -7.161014E-04
201216  2.510172E-04 -6.803453E-04
201217  3.798455E-04 -6.222427E-04
201218  4.011617E-04 -6.102813E-04
201219  3.905204E-04 -6.259453E-04
201220  3.406638E-04 -6.581133E-04
201221  2.945677E-04 -6.936049E-04
201222  3.047302E-04 -6.791600E-04
201223  3.671789E-04 -6.513482E-04
201224  5.273371E-04 -5.535541E-04
