Mesh2HRTF 1.0.0-dev
    1
    1  1225
200000 -1.126842E-03  1.538191E-04
200001 -8.461986E-04 -8.572205E-04
200002 -8.851656E-04  8.240698E-04
200003  5.413215E-04  1.079229E-03
200004  1.204538E-03  1.101175E-04
200005  9.737084E-04 -7.229015E-04
200006  5.741706E-04 -1.069778E-03
200007  4.116786E-04 -1.142402E-03
200008  5.747174E-04 -1.069413E-03
200009  9.748737E-04 -7.222529E-04
200010  1.206454E-03  1.109007E-04
200011  5.441607E-04  1.079950E-03
200012 -8.812201E-04  8.245115E-04
200013 -8.409841E-04 -8.572689E-04
200014  1.020629E-03 -6.197280E-04
200015  1.009548E-04  1.193536E-03
200016 -9.974203E-04 -6.534691E-04
200017  1.170099E-03 -1.336221E-04
200018 -9.525971E-04  7.114706E-04
200019  6.076378E-04 -9.963325E-04
200020 -3.659019E-04  1.116628E-03
200021  1.857655E-04 -1.144741E-03
200022 -1.427197E-04  1.151801E-03
200023  1.201082E-04 -1.143707E-03
200024 -1.786068E-04  1.134088E-03
200025  2.060117E-04 -1.120234E-03
200026 -2.481103E-04  1.108305E-03
200027  2.217298E-04 -1.107105E-03
200028 -1.402554E-04  1.114563E-03
200029 -4.000727E-05 -1.118442E-03
200030  3.382449E-04  1.061935E-03
200031 -7.087486E-04 -8.486388E-04
200032  1.050643E-03  3.594279E-04
200033 -1.018824E-03  4.018567E-04
200034  3.435775E-04 -1.041690E-03
200035  7.624520E-04  7.899150E-04
200036 -9.618792E-04  5.116482E-04
200037 -4.479822E-04 -9.863916E-04
200038  8.961759E-04 -6.060398E-04
200039  9.172337E-04  5.799481E-04
200040  1.114411E-04  1.082992E-03
200041 -5.644131E-04  9.310046E-04
200042 -8.738623E-04  6.453668E-04
200043 -9.480322E-04  5.256057E-04
200044 -8.700114E-04  6.449516E-04
200045 -5.568543E-04  9.300321E-04
200046  1.224186E-04  1.081207E-03
200047  9.311925E-04  5.770347E-04
200048  9.125347E-04 -6.103899E-04
200049 -4.299317E-04 -9.924073E-04
200050 -9.429395E-04  5.038807E-04
200051  7.814324E-04  7.804952E-04
200052  3.617626E-04 -1.052463E-03
200053 -1.002198E-03  3.902119E-04
200054  1.065072E-03  3.475258E-04
200055 -6.969950E-04 -8.601191E-04
200056  3.470179E-04  1.051540E-03
200057 -3.435065E-05 -1.127181E-03
200058 -1.377034E-04  1.107896E-03
200059  2.213085E-04 -1.111476E-03
200060 -2.512822E-04  1.106251E-03
200061  2.003810E-04 -1.120135E-03
200062 -1.863509E-04  1.136023E-03
200063  1.106408E-04 -1.140355E-03
200064 -1.534831E-04  1.156106E-03
200065  1.741617E-04 -1.139950E-03
200066 -3.778777E-04  1.121480E-03
200067  5.957506E-04 -9.917764E-04
200068 -9.639696E-04  7.154565E-04
200069  1.159606E-03 -1.303911E-04
200070 -1.006755E-03 -6.510889E-04
200071  9.295575E-05  1.195053E-03
200072  1.014036E-03 -6.190097E-04
200073  1.958110E-04  1.247220E-03
200074 -3.156496E-04 -1.224958E-03
200075 -2.393654E-04  1.250308E-03
200076  1.196178E-03 -4.624196E-04
200077 -4.150038E-04 -1.214934E-03
200078 -1.215250E-03 -3.932850E-04
200079 -1.275307E-03 -4.655340E-07
200080 -1.216738E-03 -3.921647E-04
200081 -4.180187E-04 -1.213258E-03
200082  1.191643E-03 -4.610224E-04
200083 -2.452373E-04  1.250745E-03
200084 -3.224141E-04 -1.225659E-03
200085  1.888435E-04  1.245809E-03
200086  5.423450E-04 -1.126933E-03
200087 -1.238876E-03  5.740294E-05
200088  1.506460E-04  1.223423E-03
200089  1.210591E-03  2.374759E-04
200090  9.191134E-04 -8.056059E-04
200091  2.593348E-04 -1.174807E-03
200092 -2.210571E-04 -1.165956E-03
200093 -4.682028E-04 -1.078160E-03
200094 -5.580613E-04 -1.024919E-03
200095 -5.594783E-04 -1.014625E-03
200096 -5.246226E-04 -1.021831E-03
200097 -5.013569E-04 -1.020117E-03
200098 -5.360159E-04 -9.870829E-04
200099 -6.640237E-04 -8.873056E-04
200100 -8.800269E-04 -6.449421E-04
200101 -1.063439E-03 -1.489497E-04
200102 -8.849759E-04  5.943385E-04
200103  1.112745E-05  1.074721E-03
200104  1.033602E-03  3.113941E-04
200105  2.737292E-04 -1.023179E-03
200106 -1.036390E-03  1.528690E-04
200107  8.348761E-04  6.174413E-04
200108 -5.558974E-04 -8.873759E-04
200109  5.790589E-04  8.440582E-04
200110 -9.279536E-04 -4.732157E-04
200111  8.992703E-04 -4.878307E-04
200112  3.384000E-04  9.562701E-04
200113 -7.998479E-04  6.401571E-04
200114 -1.029762E-03 -6.217995E-05
200115 -9.868249E-04 -3.076578E-04
200116 -1.034432E-03 -5.641259E-05
200117 -8.078895E-04  6.510511E-04
200118  3.291723E-04  9.710009E-04
200119  8.912242E-04 -4.711557E-04
200120 -9.330770E-04 -4.569085E-04
200121  5.773261E-04  8.576271E-04
200122 -5.552844E-04 -8.784856E-04
200123  8.355845E-04  6.206220E-04
200124 -1.038246E-03  1.505141E-04
200125  2.672584E-04 -1.029710E-03
200126  1.021927E-03  3.028758E-04
200127 -4.554834E-06  1.066651E-03
200128 -9.020297E-04  5.887861E-04
200129 -1.078671E-03 -1.507427E-04
200130 -8.907390E-04 -6.427445E-04
200131 -6.688165E-04 -8.818128E-04
200132 -5.350697E-04 -9.796426E-04
200133 -4.961536E-04 -1.012370E-03
200134 -5.172999E-04 -1.015350E-03
200135 -5.521085E-04 -1.010603E-03
200136 -5.521048E-04 -1.023946E-03
200137 -4.642633E-04 -1.080127E-03
200138 -2.189271E-04 -1.170110E-03
200139  2.604300E-04 -1.179961E-03
200140  9.201868E-04 -8.104659E-04
200141  1.212571E-03  2.339639E-04
200142  1.541267E-04  1.221793E-03
200143 -1.233774E-03  5.754864E-05
200144  5.487203E-04 -1.125678E-03
200145 -9.554146E-04  9.209187E-04
200146 -1.207619E-03 -5.820897E-04
200147  1.070839E-03 -7.659283E-04
200148 -9.362260E-04  9.877289E-04
200149  1.340721E-03 -1.248311E-04
200150  2.448099E-05 -1.361398E-03
200151 -6.105327E-04 -1.213691E-03
200152  3.095559E-05 -1.357806E-03
200153  1.351872E-03 -1.202202E-04
200154 -9.235306E-04  9.903367E-04
200155  1.081643E-03 -7.664836E-04
200156 -1.201061E-03 -5.845649E-04
200157 -9.533849E-04  9.187611E-04
200158 -4.338942E-04  1.226411E-03
200159 -6.977828E-04  1.078676E-03
200160 -1.260404E-03  1.708087E-04
200161 -3.629870E-04 -1.200215E-03
200162  1.235539E-03  3.269355E-05
200163 -8.125848E-04  9.106389E-04
200164  2.227866E-04 -1.174655E-03
200165  1.685286E-04  1.175015E-03
200166 -3.387750E-04 -1.110883E-03
200167  4.353910E-04  1.060161E-03
200168 -5.187979E-04 -1.011851E-03
200169  6.286106E-04  9.056300E-04
200170 -8.717746E-04 -6.918100E-04
200171  1.051473E-03  2.235950E-04
200172 -9.274965E-04  5.316211E-04
200173  3.742131E-05 -1.051985E-03
200174  1.038786E-03  2.124433E-04
200175  3.346494E-05  1.032368E-03
200176 -7.880377E-04  6.593130E-04
200177 -9.895113E-04  2.994339E-04
200178 -9.384279E-04  4.180587E-04
200179 -4.502774E-04  8.973046E-04
200180  7.271750E-04  6.685690E-04
200181  4.052163E-04 -8.947268E-04
200182 -8.151539E-04  5.186593E-04
200183  8.307432E-04 -5.393186E-04
200184 -2.206620E-04  9.473971E-04
200185 -8.627177E-04 -3.926573E-04
200186 -8.034480E-05 -9.620437E-04
200187  2.520899E-04 -9.411507E-04
200188 -8.601528E-05 -9.689042E-04
200189 -8.729910E-04 -4.039214E-04
200190 -2.330051E-04  9.355147E-04
200191  8.204997E-04 -5.483964E-04
200192 -8.183209E-04  5.140449E-04
200193  4.128578E-04 -8.954014E-04
200194  7.456389E-04  6.698374E-04
200195 -4.259616E-04  8.984111E-04
200196 -9.168391E-04  4.180018E-04
200197 -9.788577E-04  2.986688E-04
200198 -7.915827E-04  6.590237E-04
200199  1.964633E-05  1.033132E-03
200200  1.023964E-03  2.133143E-04
200201  3.119716E-05 -1.053098E-03
200202 -9.202757E-04  5.268425E-04
200203  1.070158E-03  2.153623E-04
200204 -8.486036E-04 -7.013027E-04
200205  6.483780E-04  8.976355E-04
200206 -5.075453E-04 -1.016748E-03
200207  4.372586E-04  1.058118E-03
200208 -3.438198E-04 -1.111508E-03
200209  1.602681E-04  1.174377E-03
200210  2.143454E-04 -1.175969E-03
200211 -8.195671E-04  9.087129E-04
200212  1.230630E-03  3.044540E-05
200213 -3.655797E-04 -1.202579E-03
200214 -1.260702E-03  1.686324E-04
200215 -6.965724E-04  1.077385E-03
200216 -4.330743E-04  1.226828E-03
200217  5.352365E-04  1.250611E-03
200218  1.205924E-03  6.951514E-04
200219  7.687525E-04  1.176236E-03
200220 -1.246180E-03  6.668833E-04
200221  1.090955E-03 -9.152594E-04
200222 -1.304692E-03 -5.786933E-04
200223 -1.376058E-03  3.721394E-04
200224 -1.309922E-03 -5.739933E-04
200225  1.085358E-03 -9.128591E-04
200226 -1.248846E-03  6.622805E-04
200227  7.660709E-04  1.169313E-03
200228  1.197332E-03  6.954295E-04
200229  5.196519E-04  1.260820E-03
200230 -1.282118E-03  3.641593E-04
200231  9.148070E-04 -9.651843E-04
200232 -1.097564E-03  6.906356E-04
200233  1.170967E-03  5.070287E-04
200234  4.468448E-04 -1.163409E-03
200235 -8.601109E-04 -8.936519E-04
200236 -1.215770E-03 -4.818584E-05
200237 -1.043242E-03  5.523020E-04
200238 -7.331323E-04  8.846323E-04
200239 -3.836010E-04  1.061468E-03
200240  3.904223E-05  1.114546E-03
200241  5.642223E-04  9.400730E-04
200242  1.018158E-03  3.183967E-04
200243  7.813625E-04 -6.995321E-04
200244 -5.351259E-04 -8.909246E-04
200245 -7.112688E-04  7.272370E-04
200246  1.024036E-03  5.455700E-05
200247 -9.321133E-04 -3.288515E-04
200248  9.706565E-04  2.378094E-05
200249 -6.044147E-04  7.663586E-04
200250 -8.031536E-04 -5.317456E-04
200251 -1.688296E-04 -9.263295E-04
200252 -1.296831E-04 -9.222716E-04
200253 -7.307107E-04 -5.605657E-04
200254 -5.721623E-04  7.351286E-04
200255  8.819523E-04 -1.693490E-04
200256 -9.302191E-04  2.385404E-04
200257  2.717736E-04 -8.716889E-04
200258  8.896360E-04  7.765594E-05
200259  7.778222E-04  4.610158E-04
200260  8.990053E-04  7.828514E-05
200261  2.849520E-04 -8.699849E-04
200262 -9.215460E-04  2.420287E-04
200263  8.796044E-04 -1.638937E-04
200264 -5.858605E-04  7.413023E-04
200265 -7.485655E-04 -5.559400E-04
200266 -1.411570E-04 -9.207011E-04
200267 -1.682018E-04 -9.275667E-04
200268 -7.950775E-04 -5.346947E-04
200269 -6.006409E-04  7.627453E-04
200270  9.619568E-04  2.087811E-05
200271 -9.493627E-04 -3.298711E-04
200272  1.011588E-03  5.399299E-05
200273 -7.085932E-04  7.230449E-04
200274 -5.204346E-04 -9.002075E-04
200275  7.936538E-04 -7.079318E-04
200276  1.014630E-03  3.204932E-04
200277  5.425936E-04  9.560891E-04
200278  7.786621E-06  1.137547E-03
200279 -4.128800E-04  1.080542E-03
200280 -7.524456E-04  8.937321E-04
200281 -1.050760E-03  5.527957E-04
200282 -1.215559E-03 -5.030929E-05
200283 -8.595256E-04 -8.912679E-04
200284  4.425278E-04 -1.152259E-03
200285  1.163485E-03  5.238036E-04
200286 -1.100551E-03  7.028590E-04
200287  9.223491E-04 -9.659994E-04
200288 -1.266232E-03  3.527985E-04
200289  1.159060E-04 -1.414373E-03
200290 -8.975336E-04  1.123488E-03
200291  6.851221E-04  1.279736E-03
200292  2.242181E-04  1.457866E-03
200293 -1.431898E-03 -3.533875E-04
200294  1.086134E-03  1.027682E-03
200295  1.477501E-03 -1.694743E-04
200296  1.068274E-03  1.036985E-03
200297 -1.446874E-03 -3.479559E-04
200298  2.294204E-04  1.450164E-03
200299  7.046270E-04  1.268027E-03
200300 -8.846509E-04  1.125653E-03
200301  1.123495E-04 -1.398466E-03
200302 -9.686374E-04  9.942175E-04
200303  7.286702E-04  1.133519E-03
200304  1.077616E-03  7.566972E-04
200305  6.583149E-04  1.108349E-03
200306 -6.510350E-04  1.069268E-03
200307 -1.013744E-03 -6.758365E-04
200308  1.005505E-03 -6.622813E-04
200309 -6.940364E-05  1.169523E-03
200310 -7.935634E-04 -8.298715E-04
200311  1.105867E-03  1.459491E-06
200312 -6.581887E-04  8.756266E-04
200313 -5.040388E-04 -9.331287E-04
200314  9.760263E-04 -3.765024E-04
200315  6.063552E-04  8.163521E-04
200316 -1.981870E-04  9.794930E-04
200317 -4.485814E-04  8.804813E-04
200318 -1.201818E-04  9.720312E-04
200319  7.413791E-04  6.214169E-04
200320  4.650960E-04 -8.188520E-04
200321 -8.655604E-04  3.708355E-04
200322  7.505053E-04 -5.330185E-04
200323  1.299388E-04  9.212882E-04
200324 -7.766948E-04  4.569007E-04
200325 -8.855151E-04  2.348455E-04
200326 -5.119624E-04  7.273014E-04
200327  8.020486E-04  3.698890E-04
200328 -5.144564E-04 -6.734706E-04
200329  8.937035E-04  2.785215E-04
200330 -1.957018E-04  8.491014E-04
200331 -5.846673E-04  6.178235E-04
200332 -1.967050E-04  8.507798E-04
200333  8.943574E-04  2.789669E-04
200334 -5.083123E-04 -6.749426E-04
200335  8.122646E-04  3.704435E-04
200336 -5.064827E-04  7.316898E-04
200337 -8.907375E-04  2.372265E-04
200338 -7.864611E-04  4.527616E-04
200339  1.272171E-04  9.170290E-04
200340  7.575393E-04 -5.303072E-04
200341 -8.586575E-04  3.743745E-04
200342  4.604792E-04 -8.241542E-04
200343  7.269245E-04  6.116378E-04
200344 -1.283556E-04  9.685292E-04
200345 -4.381617E-04  8.812680E-04
200346 -1.793162E-04  9.767716E-04
200347  6.100350E-04  8.169929E-04
200348  9.577609E-04 -3.615752E-04
200349 -5.226671E-04 -9.192822E-04
200350 -6.516673E-04  8.555583E-04
200351  1.140518E-03 -5.635617E-05
200352 -7.452182E-04 -8.909055E-04
200353 -1.808204E-05  1.128154E-03
200354  1.055172E-03 -7.034806E-04
200355 -9.775747E-04 -7.386531E-04
200356 -6.449330E-04  1.006065E-03
200357  6.343578E-04  1.084097E-03
200358  1.047327E-03  7.724313E-04
200359  7.165864E-04  1.151095E-03
200360 -9.625733E-04  9.882388E-04
200361  5.446919E-04  1.323265E-03
200362 -1.461089E-03  1.181499E-04
200363  1.417427E-03  4.603701E-04
200364  1.221738E-03 -9.053782E-04
200365  1.430044E-03  5.527601E-04
200366 -1.461568E-03 -4.788437E-04
200367 -1.117439E-03  1.072424E-03
200368 -1.466732E-03 -4.775840E-04
200369  1.427780E-03  5.574696E-04
200370  1.229144E-03 -9.029340E-04
200371  1.429192E-03  4.554939E-04
200372 -1.459614E-03  1.176646E-04
200373  5.294185E-04  1.335403E-03
200374  9.901179E-04  9.958711E-04
200375 -1.318519E-04  1.354478E-03
200376 -1.172125E-03 -6.355001E-04
200377  1.249222E-03  2.764930E-04
200378 -1.007536E-03 -7.581266E-04
200379 -6.045559E-05  1.220325E-03
200380  1.167165E-03 -2.159559E-04
200381 -2.258572E-04 -1.128382E-03
200382 -1.106300E-03  1.618421E-04
200383  1.611200E-04  1.074102E-03
200384  9.992159E-04 -3.613145E-04
200385 -7.569530E-04 -7.156633E-04
200386  1.376240E-04  1.014294E-03
200387  9.490105E-05 -9.835567E-04
200388  2.787791E-04  9.242584E-04
200389 -9.332915E-04 -2.482196E-04
200390  6.910019E-05 -9.292870E-04
200391  5.868238E-04 -7.090339E-04
200392  3.712118E-04 -8.335702E-04
200393 -6.115774E-04 -6.848867E-04
200394 -2.651033E-04  8.385051E-04
200395  3.134119E-04 -7.979642E-04
200396  5.000973E-04  6.971222E-04
200397 -4.159330E-04  7.306255E-04
200398 -3.887313E-04  7.475739E-04
200399  5.377310E-04  7.333316E-04
200400  2.509950E-04 -7.593965E-04
200401 -1.060124E-04  8.392277E-04
200402 -9.344487E-04 -2.042488E-04
200403 -7.070706E-04 -6.224630E-04
200404 -9.388964E-04 -2.008847E-04
200405 -1.213682E-04  8.388554E-04
200406  2.390199E-04 -7.740516E-04
200407  5.454788E-04  7.144607E-04
200408 -3.735220E-04  7.480242E-04
200409 -4.108368E-04  7.432784E-04
200410  4.992877E-04  6.941798E-04
200411  3.148561E-04 -8.097296E-04
200412 -2.636447E-04  8.473191E-04
200413 -6.105415E-04 -6.631860E-04
200414  3.720977E-04 -8.317774E-04
200415  5.797310E-04 -7.232443E-04
200416  5.434639E-05 -9.279659E-04
200417 -9.388571E-04 -2.344583E-04
200418  2.855493E-04  9.210951E-04
200419  8.989501E-05 -9.936850E-04
200420  1.098093E-04  1.030829E-03
200421 -7.771857E-04 -6.985564E-04
200422  1.021064E-03 -4.011759E-04
200423  2.184097E-04  1.024407E-03
200424 -1.041552E-03  2.470989E-04
200425 -1.536438E-04 -8.714339E-04
200426  1.266629E-03  4.671049E-05
200427  5.207347E-05  1.314653E-03
200428 -9.320287E-04 -8.083321E-04
200429  1.264134E-03  2.288511E-04
200430 -1.185998E-03 -6.169000E-04
200431 -1.327191E-04  1.386151E-03
200432  1.007947E-03  9.958135E-04
200433 -1.425983E-03 -2.859869E-04
200434 -1.390319E-03 -5.182895E-04
200435  1.139256E-03 -9.991904E-04
200436 -1.482484E-03 -4.213263E-04
200437 -1.453671E-03 -6.017099E-04
200438  1.524669E-03 -3.339498E-04
200439  1.398311E-04 -1.567388E-03
200440  1.538348E-03 -3.456765E-04
200441 -1.447882E-03 -6.051934E-04
200442 -1.492892E-03 -4.104668E-04
200443  1.125767E-03 -9.987107E-04
200444 -1.393140E-03 -5.343654E-04
200445 -1.421168E-03 -2.831736E-04
200446  1.416496E-04 -1.400528E-03
200447  2.079992E-04  1.352240E-03
200448  9.393535E-04 -9.336517E-04
200449 -5.611111E-04 -1.153429E-03
200450 -1.009694E-03 -7.152391E-04
200451 -9.521211E-04 -7.344535E-04
200452 -5.783225E-04 -1.019653E-03
200453  7.584511E-05 -1.131343E-03
200454  6.968151E-04 -8.467321E-04
200455  9.941263E-04 -4.022844E-04
200456  1.024549E-03 -1.566178E-04
200457  9.563715E-04 -2.821710E-04
200458  6.164860E-04 -7.571507E-04
200459 -4.460410E-04 -8.370858E-04
200460 -6.744578E-04  6.552541E-04
200461  8.885560E-04 -2.055832E-04
200462 -8.037540E-04  4.195225E-04
200463 -7.076562E-05 -8.699884E-04
200464  7.063681E-04 -5.068155E-04
200465  6.895683E-04 -5.109011E-04
200466 -7.553621E-05 -8.445991E-04
200467 -6.497958E-04  5.425677E-04
200468  5.888516E-04 -5.806873E-04
200469  4.095811E-04  6.680373E-04
200470 -6.233525E-05  8.145404E-04
200471  3.867222E-04  7.735107E-04
200472  5.118634E-04 -5.868589E-04
200473 -6.867155E-04  3.630551E-04
200474 -1.495072E-04 -8.606753E-04
200475  5.096694E-04 -8.170827E-04
200476 -1.292629E-04 -8.555205E-04
200477 -6.932169E-04  3.953829E-04
200478  4.971109E-04 -5.621357E-04
200479  3.969639E-04  7.629014E-04
200480 -5.977237E-05  8.114649E-04
200481  3.876076E-04  6.891752E-04
200482  5.802223E-04 -5.795268E-04
200483 -6.408748E-04  5.180882E-04
200484 -8.370951E-05 -8.530994E-04
200485  6.726840E-04 -5.002220E-04
200486  7.147596E-04 -5.096799E-04
200487 -5.160204E-05 -8.856176E-04
200488 -8.074056E-04  4.218736E-04
200489  8.747973E-04 -1.894610E-04
200490 -6.696973E-04  6.467927E-04
200491 -4.320485E-04 -8.627138E-04
200492  6.129779E-04 -7.460425E-04
200493  9.382632E-04 -2.510251E-04
200494  1.027453E-03 -1.933909E-04
200495  1.042594E-03 -4.827281E-04
200496  7.758876E-04 -8.039070E-04
200497  1.655919E-04 -9.102797E-04
200498 -4.779535E-04 -8.033706E-04
200499 -8.613165E-04 -6.961159E-04
200500 -9.730932E-04 -7.925302E-04
200501 -5.799821E-04 -1.191303E-03
200502  9.146263E-04 -9.140865E-04
200503  2.033761E-04  1.353254E-03
200504  1.409657E-04 -1.425376E-03
200505  5.346447E-04 -1.317281E-03
200506 -1.163173E-03 -9.152274E-04
200507 -1.793002E-04 -1.516134E-03
200508  2.745505E-04  1.523171E-03
200509  1.161569E-03  1.066955E-03
200510 -1.483641E-03  5.489490E-04
200511  3.417416E-04  1.552061E-03
200512 -1.480929E-03  5.544270E-04
200513  1.158477E-03  1.062448E-03
200514  2.715622E-04  1.528215E-03
200515 -1.773066E-04 -1.503646E-03
200516 -1.154298E-03 -9.244870E-04
200517  5.501072E-04 -1.328272E-03
200518 -4.757598E-04  1.325159E-03
200519  1.297103E-03  3.386492E-04
200520  1.286193E-03 -2.007155E-04
200521  1.140307E-03  5.501689E-04
200522 -2.995976E-04  1.181302E-03
200523 -9.663160E-04 -6.591197E-04
200524  1.095252E-03 -3.146667E-04
200525 -5.890233E-04  9.324926E-04
200526 -2.095366E-04 -1.051591E-03
200527  9.141788E-04  4.749453E-04
200528 -7.368741E-04  6.783815E-04
200529 -7.075564E-04 -6.725815E-04
200530  1.237768E-04 -9.511728E-04
200531  3.909908E-04 -8.495972E-04
200532  2.162959E-06 -9.045316E-04
200533 -8.434280E-04 -2.566515E-04
200534  2.598666E-04  8.172699E-04
200535 -2.624107E-04 -8.201542E-04
200536  8.220258E-04  1.898008E-04
200537  2.848538E-04  7.712505E-04
200538  3.868185E-04  6.948406E-04
200539  7.773042E-04 -1.955128E-04
200540 -7.672684E-04 -2.416102E-04
200541  7.267340E-04 -3.174046E-04
200542  5.595927E-04  5.699233E-04
200543  6.053236E-04  5.346863E-04
200544  4.271121E-04 -6.520966E-04
200545 -5.956584E-04  2.390641E-04
200546  3.480217E-04 -7.587740E-04
200547  1.085520E-03 -4.842139E-04
200548  3.602229E-04 -8.042940E-04
200549 -6.280225E-04  2.408540E-04
200550  4.086640E-04 -6.244686E-04
200551  6.405884E-04  5.225569E-04
200552  5.744081E-04  5.510433E-04
200553  7.093551E-04 -3.093481E-04
200554 -7.585901E-04 -2.301281E-04
200555  8.002443E-04 -1.891362E-04
200556  3.804206E-04  7.008546E-04
200557  2.670636E-04  7.720765E-04
200558  8.263637E-04  1.914340E-04
200559 -2.511930E-04 -8.144872E-04
200560  2.567418E-04  8.192985E-04
200561 -8.514064E-04 -2.542486E-04
200562 -3.383136E-06 -9.032873E-04
200563  3.923139E-04 -8.591889E-04
200564  1.334160E-04 -9.506983E-04
200565 -7.173312E-04 -6.474195E-04
200566 -7.672040E-04  6.863869E-04
200567  9.194808E-04  4.342110E-04
200568 -1.514889E-04 -1.108891E-03
200569 -5.245659E-04  8.827883E-04
200570  1.136978E-03 -3.827782E-04
200571 -9.536425E-04 -7.421291E-04
200572 -3.236932E-04  1.145024E-03
200573  1.106049E-03  5.797298E-04
200574  1.285014E-03 -1.678696E-04
200575  1.316237E-03  3.306385E-04
200576 -4.762814E-04  1.309768E-03
200577  1.412561E-03  2.297569E-04
200578 -9.752178E-04 -1.085079E-03
200579 -1.257259E-03 -8.377923E-04
200580  1.453600E-03 -4.568282E-04
200581 -2.439102E-05 -1.553081E-03
200582  1.571000E-03  1.039432E-04
200583  1.374615E-04 -1.580625E-03
200584  1.561489E-03  1.245216E-04
200585 -3.004214E-05 -1.566202E-03
200586  1.466473E-03 -4.721285E-04
200587 -1.249865E-03 -8.269579E-04
200588 -9.898865E-04 -1.080626E-03
200589  1.402596E-03  2.194677E-04
200590 -2.335275E-04 -1.349962E-03
200591 -5.796912E-04 -1.195867E-03
200592  7.119245E-04 -1.063429E-03
200593  5.549455E-04  1.110552E-03
200594 -8.143581E-04 -8.802896E-04
200595  4.942612E-04  1.024960E-03
200596  1.785231E-04 -1.094385E-03
200597 -8.290747E-04  6.620188E-04
200598  1.037253E-03  3.505368E-05
200599 -8.653512E-04 -5.201556E-04
200600  7.512862E-04  6.182607E-04
200601 -8.746097E-04 -3.321594E-04
200602  7.844601E-04 -4.788261E-04
200603  5.170238E-04  7.275045E-04
200604 -8.484059E-05  8.678847E-04
200605  7.542495E-05  8.675377E-04
200606  7.961869E-04  2.824726E-04
200607 -2.339950E-04 -8.013389E-04
200608  3.454004E-04  7.339762E-04
200609 -7.793224E-04  1.735090E-04
200610 -7.138427E-04 -3.202713E-04
200611 -7.433868E-04  1.921225E-04
200612  4.578473E-04  6.254217E-04
200613 -5.615563E-04 -5.244649E-04
200614  5.468416E-04 -5.560079E-04
200615  6.067282E-04 -3.666703E-04
200616 -2.365536E-04 -7.374820E-04
200617 -1.627389E-04  5.835264E-04
200618 -3.360819E-04 -5.560498E-04
200619  2.455830E-04 -6.213882E-04
200620 -3.502704E-04 -5.995579E-04
200621 -2.098901E-04  5.769518E-04
200622 -2.415406E-04 -7.184133E-04
200623  6.330690E-04 -3.688138E-04
200624  5.348230E-04 -5.628812E-04
200625 -5.707068E-04 -5.267693E-04
200626  4.707731E-04  6.227929E-04
200627 -7.504296E-04  1.999158E-04
200628 -7.261965E-04 -3.156984E-04
200629 -7.699049E-04  1.626274E-04
200630  3.535965E-04  7.321479E-04
200631 -2.482531E-04 -7.914737E-04
200632  7.887414E-04  2.766280E-04
200633  9.571759E-05  8.554488E-04
200634 -8.115443E-05  8.695362E-04
200635  4.964502E-04  7.260781E-04
200636  7.926780E-04 -4.934772E-04
200637 -8.573291E-04 -3.449565E-04
200638  7.295329E-04  6.294102E-04
200639 -8.972209E-04 -4.872114E-04
200640  1.021638E-03  4.609281E-05
200641 -8.467673E-04  6.336319E-04
200642  1.579717E-04 -1.117709E-03
200643  4.864183E-04  1.044937E-03
200644 -8.107584E-04 -8.401052E-04
200645  5.661118E-04  1.124446E-03
200646  7.306963E-04 -1.074908E-03
200647 -5.681715E-04 -1.199365E-03
200648 -2.337502E-04 -1.339562E-03
200649  1.031704E-03  9.146456E-04
200650 -1.207238E-03 -7.582040E-04
200651 -1.344997E-03  6.122383E-04
200652 -5.064063E-04 -1.406875E-03
200653 -1.335044E-03  7.357744E-04
200654 -9.792790E-04 -1.190920E-03
200655 -1.123219E-03  1.070303E-03
200656 -9.759077E-04 -1.178960E-03
200657 -1.335186E-03  7.271154E-04
200658 -5.030987E-04 -1.411294E-03
200659 -1.345996E-03  6.139091E-04
200660 -1.217241E-03 -7.607311E-04
200661  1.025407E-03  9.238706E-04
200662  1.301137E-03 -3.003419E-04
200663  1.126338E-03  6.187145E-04
200664 -1.074235E-03  6.266289E-04
200665  1.064737E-03 -5.431935E-04
200666 -1.071476E-03 -4.395935E-04
200667 -2.539160E-04  1.075732E-03
200668  9.843333E-04  4.331397E-04
200669  6.865500E-04 -7.743579E-04
200670 -5.585601E-04 -8.234861E-04
200671 -8.106761E-04  5.351704E-04
200672  7.488397E-04  5.633576E-04
200673 -2.067635E-04 -8.977614E-04
200674  1.253826E-04  8.853038E-04
200675 -6.318021E-04 -5.874889E-04
200676  6.058946E-04 -5.960068E-04
200677  8.173263E-04 -6.755291E-05
200678  7.429541E-04 -3.149420E-04
200679 -2.091310E-04 -7.709758E-04
200680 -2.235737E-04  7.386661E-04
200681 -2.899127E-04 -7.037803E-04
200682  5.488118E-04 -5.121851E-04
200683  4.847657E-04 -5.814171E-04
200684 -5.336503E-04 -4.970539E-04
200685  3.754710E-04  6.302656E-04
200686 -6.893056E-04  8.918370E-05
200687 -6.754485E-04 -2.139435E-04
200688 -5.945867E-04  4.709171E-04
200689  6.948868E-04 -7.602905E-05
200690 -4.750219E-04  4.484986E-04
200691 -7.414190E-04  8.650437E-06
200692 -4.949485E-04  4.583814E-04
200693  6.783692E-04 -5.256773E-05
200694 -5.637917E-04  4.843547E-04
200695 -6.717860E-04 -2.197408E-04
200696 -7.260175E-04  9.153261E-05
200697  3.854524E-04  6.378582E-04
200698 -5.205688E-04 -5.047623E-04
200699  4.633896E-04 -5.952822E-04
200700  5.485093E-04 -5.172612E-04
200701 -2.718538E-04 -7.009821E-04
200702 -2.172878E-04  7.413046E-04
200703 -2.174761E-04 -7.716682E-04
200704  7.347484E-04 -3.173781E-04
200705  8.341603E-04 -6.215458E-05
200706  6.216880E-04 -5.913661E-04
200707 -6.415780E-04 -5.930274E-04
200708  1.251692E-04  8.870527E-04
200709 -1.886378E-04 -9.031319E-04
200710  7.639184E-04  5.517713E-04
200711 -8.062817E-04  5.436431E-04
200712 -5.725113E-04 -8.130438E-04
200713  6.603768E-04 -7.617569E-04
200714  9.632510E-04  4.673601E-04
200715 -2.585195E-04  1.111848E-03
200716 -1.057233E-03 -4.368531E-04
200717  1.078647E-03 -5.772081E-04
200718 -1.078909E-03  5.981559E-04
200719  1.111116E-03  6.217986E-04
200720  1.293366E-03 -2.998090E-04
200721  1.333576E-03  7.156587E-05
200722 -1.110621E-03  8.264590E-04
200723  6.877543E-04  1.248309E-03
200724 -1.006519E-03  1.017299E-03
200725  1.383804E-03  5.165798E-04
200726 -2.573064E-05  1.492768E-03
200727  1.491279E-03 -1.823935E-04
200728 -1.144005E-05  1.490802E-03
200729  1.379659E-03  5.164091E-04
200730 -1.021695E-03  1.029635E-03
200731  6.838879E-04  1.248408E-03
200732 -1.094503E-03  8.189890E-04
200733  1.337617E-03  8.775357E-05
200734  1.226228E-03 -3.776023E-04
200735  5.699885E-04  1.100749E-03
200736 -8.778767E-04 -8.265479E-04
200737  3.079895E-05  1.149953E-03
200738  1.127967E-03  2.979129E-05
200739  6.777811E-04 -8.410270E-04
200740  7.153139E-05 -1.028945E-03
200741 -3.932070E-04 -9.280699E-04
200742 -7.664238E-04 -6.009030E-04
200743 -9.310404E-04  8.497578E-05
200744 -3.047640E-04  8.582683E-04
200745  8.574875E-04  2.085217E-04
200746 -4.186966E-04 -7.585287E-04
200747  3.746396E-04  7.571805E-04
200748 -7.779951E-04 -2.332603E-04
200749  5.217801E-05 -8.050879E-04
200750  2.795190E-04 -7.353152E-04
200751 -3.532262E-04 -6.773697E-04
200752 -4.370616E-04  6.080890E-04
200753  3.431934E-04 -6.693693E-04
200754  6.062249E-04  3.946009E-04
200755  4.754844E-04  5.443703E-04
200756  6.992591E-04 -1.806952E-04
200757 -6.895300E-04 -2.203547E-04
200758  5.845209E-04 -4.055357E-04
200759  7.029193E-04  8.871119E-05
200760  5.217699E-04 -3.999445E-04
200761 -7.063968E-04 -4.574651E-05
200762  5.260161E-04 -4.652695E-04
200763  6.783529E-04  2.260015E-05
200764  5.248089E-04 -4.451252E-04
200765 -6.956367E-04 -2.920196E-05
200766  5.554220E-04 -4.025705E-04
200767  6.976210E-04  7.162782E-05
200768  5.689733E-04 -4.035044E-04
200769 -6.683925E-04 -2.023159E-04
200770  6.925384E-04 -1.806219E-04
200771  4.672365E-04  5.318428E-04
200772  6.246574E-04  3.970974E-04
200773  3.309150E-04 -6.574111E-04
200774 -4.496530E-04  6.069293E-04
200775 -3.364055E-04 -6.823314E-04
200776  2.746008E-04 -7.369514E-04
200777  3.446080E-05 -7.960012E-04
200778 -7.736475E-04 -2.270804E-04
200779  3.851153E-04  7.483928E-04
200780 -4.272144E-04 -7.461561E-04
200781  8.408603E-04  2.199571E-04
200782 -3.001338E-04  8.518702E-04
200783 -9.089958E-04  7.521685E-05
200784 -7.478716E-04 -6.208049E-04
200785 -3.735545E-04 -9.327587E-04
200786  9.216106E-05 -1.031982E-03
200787  6.849438E-04 -8.691402E-04
200788  1.124755E-03  4.494431E-06
200789  1.818738E-05  1.148391E-03
200790 -8.951164E-04 -8.135347E-04
200791  5.684661E-04  1.117355E-03
200792  1.237641E-03 -3.818938E-04
200793 -1.014343E-03 -7.858690E-04
200794  1.266490E-03 -3.631138E-04
200795 -4.359583E-04 -1.288822E-03
200796  1.015245E-03 -9.614219E-04
200797 -1.352881E-03 -4.060583E-04
200798 -1.783909E-04 -1.409888E-03
200799 -1.366971E-03  3.712324E-04
200800 -1.698612E-04 -1.415596E-03
200801 -1.359635E-03 -4.088031E-04
200802  1.010196E-03 -9.547056E-04
200803 -4.378066E-04 -1.286612E-03
200804  1.281170E-03 -3.674056E-04
200805 -1.012188E-03 -7.845365E-04
200806 -1.034896E-03 -6.882916E-04
200807  8.029447E-04 -8.962047E-04
200808 -7.942504E-04  8.419842E-04
200809  1.034120E-03  4.140640E-04
200810  8.238691E-04 -6.858909E-04
200811  4.042537E-04 -9.513798E-04
200812  2.893325E-04 -9.632981E-04
200813  3.159652E-04 -9.174953E-04
200814  3.015499E-04 -8.885054E-04
200815  8.838065E-05 -9.019411E-04
200816 -4.342949E-04 -7.591906E-04
200817 -8.423499E-04  8.867709E-05
200818  2.754848E-04  7.835758E-04
200819  1.699116E-04 -7.922749E-04
200820  1.029270E-04  7.909736E-04
200821 -7.690196E-04 -8.701781E-05
200822 -4.889289E-04 -5.809301E-04
200823 -6.771003E-04 -3.219812E-04
200824 -2.735485E-04  6.893133E-04
200825  4.187332E-04 -5.996837E-04
200826  3.517918E-04  6.082153E-04
200827 -4.958745E-05  6.997760E-04
200828  4.958595E-04  4.951016E-04
200829  2.374380E-05 -6.880667E-04
200830  3.946218E-04  5.407696E-04
200831 -1.489659E-04  6.515906E-04
200832  2.847687E-04  6.168820E-04
200833  2.646006E-04 -5.693830E-04
200834  1.664299E-04  6.782440E-04
200835 -3.337884E-04  6.100719E-04
200836  1.853642E-04  6.822287E-04
200837  2.759347E-04 -5.791825E-04
200838  2.869327E-04  5.993437E-04
200839 -1.594803E-04  6.404951E-04
200840  4.039172E-04  5.512553E-04
200841  3.950509E-05 -6.807040E-04
200842  4.723179E-04  4.838488E-04
200843 -4.484317E-05  6.984173E-04
200844  3.741009E-04  6.203008E-04
200845  3.951338E-04 -6.005803E-04
200846 -2.861639E-04  6.762281E-04
200847 -6.533603E-04 -3.151284E-04
200848 -4.852184E-04 -5.830116E-04
200849 -7.873969E-04 -9.538433E-05
200850  9.628700E-05  7.955042E-04
200851  1.827638E-04 -7.960455E-04
200852  2.749494E-04  7.894577E-04
200853 -8.586127E-04  8.796361E-05
200854 -4.478354E-04 -7.626707E-04
200855  8.340899E-05 -9.018484E-04
200856  3.049909E-04 -8.983664E-04
200857  3.277619E-04 -9.108506E-04
200858  3.093653E-04 -9.696793E-04
200859  4.080198E-04 -9.756324E-04
200860  8.077453E-04 -6.842742E-04
200861  1.014602E-03  4.423145E-04
200862 -8.033750E-04  8.609715E-04
200863  8.094431E-04 -8.868528E-04
200864 -1.023902E-03 -6.801855E-04
200865  3.503981E-04 -1.161231E-03
200866  7.350283E-04  1.023921E-03
200867  1.030426E-03 -7.864381E-04
200868  1.123177E-03  6.734549E-04
200869  6.412034E-05 -1.335035E-03
200870  1.272504E-03 -4.343396E-04
200871 -6.150066E-04 -1.210835E-03
200872  1.269587E-03 -4.367407E-04
200873  5.886888E-05 -1.340474E-03
200874  1.139963E-03  6.754406E-04
200875  1.028174E-03 -7.823082E-04
200876  7.339537E-04  1.018654E-03
200877  3.485189E-04 -1.171891E-03
200878  2.757805E-04 -1.165591E-03
200879  1.067578E-03  4.599620E-04
200880 -9.593303E-04 -5.415617E-04
200881 -2.626628E-04  1.040870E-03
200882  6.507966E-04  8.019876E-04
200883  8.259886E-04  5.433593E-04
200884  7.587346E-04  5.938556E-04
200885  5.568070E-04  7.586914E-04
200886  3.361110E-04  8.433227E-04
200887  2.874032E-04  8.266334E-04
200888  5.243321E-04  6.628586E-04
200889  8.281944E-04  3.785154E-05
200890  7.512316E-05 -7.986010E-04
200891 -6.400399E-04  4.575035E-04
200892  5.986741E-04 -4.775678E-04
200893  9.272033E-05  7.500224E-04
200894 -5.702126E-04  4.576712E-04
200895 -5.027823E-04  5.146215E-04
200896  4.031512E-04  5.864449E-04
200897 -1.035496E-04 -6.897485E-04
200898  5.940683E-04  3.338281E-04
200899  1.633935E-04  6.596132E-04
200900  5.332743E-04  4.234821E-04
200901  5.292420E-05 -6.633021E-04
200902  2.885745E-04  5.857206E-04
200903 -3.252717E-04  5.648119E-04
200904  5.369221E-05  6.476259E-04
200905  5.071444E-04 -3.986527E-04
200906 -1.522187E-04  6.537367E-04
200907 -5.691978E-04  3.561135E-04
200908 -1.355435E-04  6.509225E-04
200909  5.060846E-04 -4.183465E-04
200910  3.438337E-05  6.258273E-04
200911 -3.391855E-04  5.664038E-04
200912  2.980036E-04  6.028187E-04
200913  6.484044E-05 -6.706866E-04
200914  5.204161E-04  4.042154E-04
200915  1.711252E-04  6.655022E-04
200916  6.040785E-04  3.439699E-04
200917 -1.098893E-04 -6.950927E-04
200918  4.065132E-04  5.741171E-04
200919 -5.001124E-04  5.297243E-04
200920 -5.660519E-04  4.589993E-04
200921  1.007705E-04  7.390309E-04
200922  5.916713E-04 -4.729677E-04
200923 -6.409800E-04  4.557843E-04
200924  7.932350E-05 -7.951202E-04
200925  8.388547E-04  3.372853E-05
200926  5.209070E-04  6.598604E-04
200927  2.725025E-04  8.297982E-04
200928  3.216087E-04  8.419165E-04
200929  5.360533E-04  7.690667E-04
200930  7.497017E-04  5.954889E-04
200931  8.122711E-04  5.486776E-04
200932  6.380711E-04  8.191327E-04
200933 -2.594133E-04  1.056568E-03
200934 -9.497914E-04 -5.471702E-04
200935  1.066468E-03  4.454944E-04
200936  2.656822E-04 -1.160716E-03
200937 -1.162020E-03  1.594459E-04
200938  8.071467E-04 -8.745317E-04
200939 -7.310766E-04 -9.893027E-04
200940  8.247521E-04 -9.286667E-04
200941 -1.164558E-03 -4.763446E-04
200942  1.361083E-04 -1.267329E-03
200943 -1.281972E-03  4.518236E-06
200944  1.273001E-04 -1.266862E-03
200945 -1.170540E-03 -4.816290E-04
200946  8.453316E-04 -9.243148E-04
200947 -7.367545E-04 -9.852177E-04
200948  8.027471E-04 -8.812210E-04
200949 -1.168384E-03  1.480098E-04
200950 -1.032325E-03  4.503550E-04
200951 -4.607951E-04 -9.916983E-04
200952  5.107032E-04  9.298106E-04
200953  6.208808E-04 -8.228855E-04
200954 -3.901329E-04 -9.121264E-04
200955 -6.794633E-04 -6.857595E-04
200956 -6.123101E-04 -6.961687E-04
200957 -3.982138E-04 -7.969184E-04
200958 -1.783193E-04 -8.528860E-04
200959 -1.092010E-04 -8.396721E-04
200960 -3.264113E-04 -7.644041E-04
200961 -7.392675E-04 -3.160601E-04
200962 -4.138906E-04  6.610076E-04
200963  7.580974E-04 -3.729349E-05
200964 -7.435193E-04 -3.164561E-05
200965  4.655294E-04 -5.572204E-04
200966  6.869927E-04  2.096079E-04
200967  6.738172E-04  1.894189E-04
200968  3.925908E-04 -5.665162E-04
200969 -6.328546E-04  2.459116E-04
200970  2.610828E-04 -6.106930E-04
200971  6.425768E-04 -1.554989E-04
200972  4.639288E-04 -4.533021E-04
200973 -6.218224E-04 -1.855883E-04
200974  6.300780E-04 -1.244915E-04
200975  4.017781E-04  4.975107E-04
200976  6.143074E-04  2.290974E-04
200977 -1.213593E-04 -6.112336E-04
200978  5.017272E-04  3.942545E-04
200979  4.215436E-05  6.176477E-04
200980  5.035568E-04  3.868867E-04
200981 -1.315367E-04 -6.271211E-04
200982  5.956184E-04  2.137500E-04
200983  3.899798E-04  5.063955E-04
200984  6.301995E-04 -1.123995E-04
200985 -6.104011E-04 -1.948860E-04
200986  4.640888E-04 -4.608568E-04
200987  6.458092E-04 -1.478555E-04
200988  2.589126E-04 -6.128702E-04
200989 -6.265948E-04  2.503655E-04
200990  4.045865E-04 -5.691162E-04
200991  6.563211E-04  1.954012E-04
200992  6.847590E-04  2.105706E-04
200993  4.868941E-04 -5.554507E-04
200994 -7.468757E-04 -2.716714E-05
200995  7.498387E-04 -4.587913E-05
200996 -4.169151E-04  6.618997E-04
200997 -7.207178E-04 -3.101474E-04
200998 -3.192156E-04 -7.604906E-04
200999 -1.122490E-04 -8.342367E-04
201000 -1.851932E-04 -8.522810E-04
201001 -4.202330E-04 -7.984186E-04
201002 -6.277068E-04 -7.011938E-04
201003 -6.994970E-04 -6.734422E-04
201004 -3.875048E-04 -9.003077E-04
201005  6.461695E-04 -8.185905E-04
201006  5.288417E-04  9.189144E-04
201007 -4.652801E-04 -1.015200E-03
201008 -1.048646E-03  4.426602E-04
201009 -1.041659E-03 -3.482152E-04
201010  1.134427E-03  2.495502E-05
201011  6.199561E-04 -9.905168E-04
201012  9.340277E-04  7.242211E-04
201013  6.374272E-04 -1.016183E-03
201014  1.117694E-03  4.773437E-04
201015  4.106480E-04 -1.147679E-03
201016  1.109394E-03  4.793174E-04
201017  6.306056E-04 -1.022084E-03
201018  9.451252E-04  7.262360E-04
201019  6.118500E-04 -9.881586E-04
201020  1.136020E-03  2.377291E-05
201021 -1.052199E-03 -3.583545E-04
201022 -1.011584E-03  3.732070E-04
201023 -7.399816E-04 -7.520432E-04
201024  9.480648E-04  3.402642E-04
201025 -4.066857E-04 -9.059791E-04
201026 -9.200280E-04  2.257279E-04
201027 -5.624237E-04  7.346224E-04
201028 -3.885829E-04  8.139250E-04
201029 -4.049759E-04  7.753209E-04
201030 -4.422019E-04  7.114390E-04
201031 -3.666157E-04  7.304444E-04
201032 -5.973887E-05  7.923314E-04
201033  5.551664E-04  5.331609E-04
201034  5.714070E-04 -5.014287E-04
201035 -7.258127E-04 -1.322603E-04
201036  7.061883E-04  1.613388E-04
201037 -5.438670E-04  4.481194E-04
201038 -6.223502E-04 -2.960350E-04
201039 -6.097975E-04 -2.978568E-04
201040 -4.720834E-04  4.689600E-04
201041  6.503595E-04 -1.241576E-04
201042 -3.868411E-04  5.341080E-04
201043 -6.415523E-04 -6.454068E-06
201044 -5.534751E-04  3.215125E-04
201045  5.274112E-04  3.469324E-04
201046 -6.181718E-04 -8.275769E-05
201047 -2.191359E-04 -5.876651E-04
201048 -4.666693E-04 -3.876525E-04
201049 -4.770818E-05  6.247276E-04
201050 -2.947200E-04 -5.244287E-04
201051  1.888409E-04 -6.072138E-04
201052 -2.998448E-04 -5.387984E-04
201053 -5.999469E-05  6.154500E-04
201054 -4.785027E-04 -3.934671E-04
201055 -2.267312E-04 -5.767972E-04
201056 -6.210122E-04 -7.929653E-05
201057  5.355987E-04  3.437935E-04
201058 -5.561168E-04  3.265436E-04
201059 -6.434028E-04 -9.823138E-07
201060 -3.895923E-04  5.210280E-04
201061  6.539511E-04 -1.117822E-04
201062 -4.619067E-04  4.731932E-04
201063 -6.282506E-04 -3.048406E-04
201064 -6.273631E-04 -2.992931E-04
201065 -5.284353E-04  4.590368E-04
201066  7.065413E-04  1.651272E-04
201067 -7.275865E-04 -1.448828E-04
201068  5.633984E-04 -5.078328E-04
201069  5.639610E-04  5.426768E-04
201070 -5.511855E-05  7.986989E-04
201071 -3.622242E-04  7.400429E-04
201072 -4.384985E-04  7.178091E-04
201073 -4.088517E-04  7.714686E-04
201074 -3.907980E-04  8.055712E-04
201075 -5.756704E-04  7.426072E-04
201076 -9.044542E-04  2.327102E-04
201077 -3.820898E-04 -9.006281E-04
201078  9.557438E-04  3.380992E-04
201079 -7.461235E-04 -7.668911E-04
201080 -1.020659E-03  3.625666E-04
201081  9.594456E-04 -4.502327E-04
201082 -1.042147E-03  2.894801E-04
201083 -7.222075E-04  8.185340E-04
201084 -3.938665E-04 -1.044357E-03
201085 -1.101317E-03  2.090812E-04
201086 -1.542318E-04 -1.132427E-03
201087 -1.131185E-03  1.478407E-04
201088 -1.603945E-04 -1.128932E-03
201089 -1.106485E-03  2.028497E-04
201090 -3.888737E-04 -1.049864E-03
201091 -7.306192E-04  8.193372E-04
201092 -1.037690E-03  2.972984E-04
201093  9.482862E-04 -4.614996E-04
201094 -1.156525E-04 -1.017616E-03
201095  4.547053E-04 -8.882774E-04
201096  4.731956E-04  8.362229E-04
201097 -2.403781E-04 -9.214271E-04
201098 -7.552216E-04  5.057042E-04
201099  1.563156E-04  8.827071E-04
201100  6.319376E-04  5.916142E-04
201101  7.745882E-04  2.969496E-04
201102  8.138118E-04  3.348937E-05
201103  7.508209E-04 -2.786590E-04
201104  3.745535E-04 -6.721481E-04
201105 -4.530519E-04 -6.078621E-04
201106 -5.080150E-04  5.265552E-04
201107  7.159174E-04 -7.307366E-05
201108 -6.806566E-04  1.779033E-04
201109  1.585938E-04 -6.777321E-04
201110  6.409703E-04 -2.115942E-04
201111  5.991672E-04 -2.872367E-04
201112 -1.413499E-04 -6.411983E-04
201113 -1.799577E-04  6.143236E-04
201114 -3.386419E-04 -5.404206E-04
201115  2.114071E-04 -5.968177E-04
201116 -1.436005E-04 -6.017634E-04
201117 -4.508351E-04  4.224303E-04
201118  1.993426E-04 -5.882847E-04
201119  5.998188E-04 -1.115264E-04
201120  4.623202E-04 -3.904944E-04
201121 -5.697559E-04 -1.466479E-04
201122  5.697302E-04 -2.267670E-04
201123  5.614581E-04  2.383277E-04
201124  5.681850E-04 -2.441941E-04
201125 -5.813268E-04 -1.513692E-04
201126  4.545037E-04 -3.914035E-04
201127  5.949288E-04 -1.016700E-04
201128  1.992115E-04 -5.886328E-04
201129 -4.483927E-04  4.244049E-04
201130 -1.550347E-04 -5.971447E-04
201131  2.073724E-04 -5.941758E-04
201132 -3.348794E-04 -5.550320E-04
201133 -1.843366E-04  6.255171E-04
201134 -1.360870E-04 -6.354461E-04
201135  5.903689E-04 -2.981457E-04
201136  6.382923E-04 -2.176794E-04
201137  1.631747E-04 -6.673511E-04
201138 -6.781141E-04  1.819766E-04
201139  7.227723E-04 -8.031153E-05
201140 -5.126584E-04  5.148293E-04
201141 -4.527908E-04 -6.024137E-04
201142  3.749707E-04 -6.710042E-04
201143  7.542063E-04 -2.690079E-04
201144  8.180584E-04  4.415111E-05
201145  7.816197E-04  3.017491E-04
201146  6.399982E-04  5.884531E-04
201147  1.508537E-04  8.886180E-04
201148 -7.359371E-04  5.132700E-04
201149 -2.292210E-04 -9.175637E-04
201150  4.652755E-04  8.357736E-04
201151  4.433539E-04 -8.935074E-04
201152 -1.194131E-04 -1.024173E-03
201153 -9.814841E-04 -1.072747E-04
201154  6.223735E-04  8.103878E-04
201155  6.754332E-04  8.014789E-04
201156 -1.030253E-03 -2.466617E-04
201157 -7.218813E-04  7.848956E-04
201158 -5.793182E-04 -9.120844E-04
201159 -9.462212E-04  5.060574E-04
201160 -5.852505E-04 -9.075127E-04
201161 -7.247936E-04  7.800382E-04
201162 -1.022841E-03 -2.572918E-04
201163  6.671920E-04  8.011480E-04
201164  6.233211E-04  8.241963E-04
201165 -9.892878E-04 -1.203028E-04
201166  1.707956E-04  9.709936E-04
201167  2.272117E-04  9.211491E-04
201168 -8.755128E-04  3.262681E-04
201169  6.369893E-04 -6.500379E-04
201170 -8.540080E-04  1.845983E-04
201171  3.685164E-04  7.825070E-04
201172  8.211736E-04 -1.059111E-04
201173  3.645803E-04 -7.225603E-04
201174 -2.793473E-04 -7.482055E-04
201175 -7.282623E-04 -2.106279E-04
201176 -4.761161E-04  5.863265E-04
201177  5.613448E-04  4.628777E-04
201178  1.009043E-04 -7.102873E-04
201179 -3.196808E-04  6.253008E-04
201180  7.238968E-06 -6.807861E-04
201181  6.574649E-04  1.323611E-04
201182  3.826236E-04  5.435575E-04
201183  5.356594E-04  3.680069E-04
201184  3.693007E-04 -5.220434E-04
201185 -5.018609E-04  3.691664E-04
201186 -4.033598E-05 -6.215473E-04
201187  3.898627E-04 -4.778769E-04
201188 -1.780351E-06 -6.033085E-04
201189 -4.850342E-04  3.543080E-04
201190  2.114875E-04 -5.676641E-04
201191  5.848235E-04 -1.254544E-04
201192  4.185560E-04 -4.224702E-04
201193 -5.783258E-04 -7.757763E-05
201194  5.052684E-04 -3.023553E-04
201195  5.709884E-04  1.505896E-04
201196  5.096952E-04 -3.167339E-04
201197 -5.889925E-04 -8.143587E-05
201198  4.137126E-04 -4.236418E-04
201199  5.812103E-04 -1.180295E-04
201200  2.138250E-04 -5.667225E-04
201201 -4.877021E-04  3.574922E-04
201202 -1.562895E-05 -6.075344E-04
201203  3.855919E-04 -4.769936E-04
201204 -3.156697E-05 -6.304971E-04
201205 -5.107836E-04  3.736253E-04
201206  3.709148E-04 -5.174307E-04
201207  5.347032E-04  3.607945E-04
201208  3.835985E-04  5.375568E-04
201209  6.555027E-04  1.373368E-04
201210  9.725077E-06 -6.755458E-04
201211 -3.114138E-04  6.272902E-04
201212  1.025300E-04 -7.215853E-04
201213  5.588623E-04  4.642467E-04
201214 -4.741334E-04  5.822327E-04
201215 -7.267483E-04 -2.041390E-04
201216 -2.790841E-04 -7.384526E-04
201217  3.699995E-04 -7.092446E-04
201218  8.305222E-04 -1.027855E-04
201219  3.659160E-04  7.891370E-04
201220 -8.370176E-04  1.943988E-04
201221  6.394182E-04 -6.540996E-04
201222 -8.905861E-04  3.183724E-04
201223  2.099846E-04  9.168872E-04
201224  1.680971E-04  9.668731E-04
