Mesh2HRTF 1.0.0-dev
    1
    1  1225
200000  4.455053E-04  1.428526E-03
200001 -1.525526E-03 -1.984866E-04
200002 -1.539397E-03  2.305068E-04
200003 -1.462307E-03  5.792312E-04
200004 -1.347534E-03  8.362124E-04
200005 -1.237406E-03  1.006646E-03
200006 -1.160688E-03  1.101969E-03
200007 -1.133466E-03  1.132070E-03
200008 -1.160839E-03  1.100748E-03
200009 -1.237677E-03  1.004240E-03
200010 -1.347868E-03  8.326938E-04
200011 -1.462620E-03  5.747033E-04
200012 -1.539579E-03  2.251022E-04
200013 -1.525449E-03 -2.046119E-04
200014 -1.365052E-03 -6.756164E-04
200015 -1.018396E-03 -1.115705E-03
200016 -4.836085E-04 -1.424391E-03
200017  1.818818E-04 -1.494567E-03
200018  8.543575E-04 -1.250308E-03
200019  1.363391E-03 -6.903464E-04
200020  1.541766E-03  8.288500E-05
200021  1.293338E-03  8.706495E-04
200022  6.502508E-04  1.431972E-03
200023 -2.134521E-04  1.571134E-03
200024 -1.029557E-03  1.222257E-03
200025 -1.531991E-03  4.880592E-04
200026 -1.560256E-03 -3.916933E-04
200027 -1.120852E-03 -1.131107E-03
200028 -3.779281E-04 -1.506221E-03
200029  4.190014E-04 -1.430426E-03
200030  1.032260E-03 -9.674565E-04
200031  1.313267E-03 -2.857178E-04
200032  1.232158E-03  4.162021E-04
200033  8.592044E-04  9.769018E-04
200034  3.180423E-04  1.308993E-03
200035 -2.638349E-04  1.401420E-03
200036 -7.893159E-04  1.298123E-03
200037 -1.204928E-03  1.068766E-03
200038 -1.497141E-03  7.839119E-04
200039 -1.679820E-03  5.003075E-04
200040 -1.780166E-03  2.561297E-04
200041 -1.827460E-03  7.297778E-05
200042 -1.845917E-03 -3.911946E-05
200043 -1.851014E-03 -7.655963E-05
200044 -1.848018E-03 -3.857501E-05
200045 -1.831631E-03  7.403452E-05
200046 -1.786343E-03  2.576375E-04
200047 -1.687908E-03  5.021822E-04
200048 -1.507013E-03  7.860545E-04
200049 -1.216429E-03  1.071073E-03
200050 -8.022607E-04  1.300494E-03
200051 -2.780132E-04  1.403771E-03
200052  3.028633E-04  1.311263E-03
200053  8.432756E-04  9.790577E-04
200054  1.215743E-03  4.182435E-04
200055  1.296637E-03 -2.837589E-04
200056  1.015683E-03 -9.655184E-04
200057  4.027396E-04 -1.428422E-03
200058 -3.936280E-04 -1.504050E-03
200059 -1.135765E-03 -1.128658E-03
200060 -1.574189E-03 -3.888584E-04
200061 -1.544781E-03  4.913765E-04
200062 -1.041083E-03  1.226133E-03
200063 -2.236330E-04  1.575616E-03
200064  6.414535E-04  1.437075E-03
200065  1.285921E-03  8.763540E-04
200066  1.535688E-03  8.913306E-05
200067  1.358575E-03 -6.836470E-04
200068  8.506958E-04 -1.243282E-03
200069  1.792441E-04 -1.487363E-03
200070 -4.853697E-04 -1.417180E-03
200071 -1.019438E-03 -1.108670E-03
200072 -1.365534E-03 -6.689440E-04
200073 -1.218315E-03  9.798317E-04
200074 -5.489513E-04  1.504798E-03
200075  1.531411E-04  1.619445E-03
200076  6.997387E-04  1.482089E-03
200077  1.046707E-03  1.266590E-03
200078  1.225306E-03  1.095029E-03
200079  1.278262E-03  1.030749E-03
200080  1.223463E-03  1.092359E-03
200081  1.043070E-03  1.261330E-03
200082  6.944076E-04  1.474396E-03
200083  1.462737E-04  1.609560E-03
200084 -5.571336E-04  1.493043E-03
200085 -1.227523E-03  9.666106E-04
200086 -1.529239E-03  3.219345E-05
200087 -1.134952E-03 -9.963794E-04
200088 -4.314177E-05 -1.520809E-03
200089  1.173062E-03 -1.035055E-03
200090  1.584031E-03  2.968538E-04
200091  6.992568E-04  1.460225E-03
200092 -8.093728E-04  1.337498E-03
200093 -1.475797E-03 -6.575595E-05
200094 -5.333530E-04 -1.338273E-03
200095  1.046590E-03 -1.062912E-03
200096  1.487012E-03  4.911860E-04
200097  2.687535E-04  1.558705E-03
200098 -1.215469E-03  9.292452E-04
200099 -1.313298E-03 -6.490640E-04
200100 -7.356373E-07 -1.427909E-03
200101  1.248612E-03 -6.604318E-04
200102  1.193206E-03  7.616624E-04
200103 -9.264600E-06  1.463616E-03
200104 -1.245991E-03  9.346251E-04
200105 -1.618086E-03 -2.687393E-04
200106 -1.056879E-03 -1.260627E-03
200107 -8.947479E-05 -1.543376E-03
200108  7.127697E-04 -1.167298E-03
200109  1.071492E-03 -4.742524E-04
200110  1.010848E-03  2.055829E-04
200111  7.040210E-04  6.984364E-04
200112  3.305621E-04  9.798552E-04
200113  1.126081E-05  1.105277E-03
200114 -1.943429E-04  1.146336E-03
200115 -2.650370E-04  1.154893E-03
200116 -1.964636E-04  1.149153E-03
200117  6.997864E-06  1.110641E-03
200118  3.241226E-04  9.872496E-04
200119  6.953732E-04  7.071561E-04
200120  9.999843E-04  2.148027E-04
200121  1.058449E-03 -4.653942E-04
200122  6.976520E-04 -1.159614E-03
200123 -1.064810E-04 -1.537552E-03
200124 -1.075496E-03 -1.257155E-03
200125 -1.637942E-03 -2.678757E-04
200126 -1.266628E-03  9.328833E-04
200127 -3.015726E-05  1.459525E-03
200128  1.172630E-03  7.556996E-04
200129  1.228943E-03 -6.676125E-04
200130 -1.892111E-05 -1.435546E-03
200131 -1.329472E-03 -6.563572E-04
200132 -1.229180E-03  9.230595E-04
200133  2.578559E-04  1.554294E-03
200134  1.479153E-03  4.890678E-04
200135  1.041863E-03 -1.062394E-03
200136 -5.349922E-04 -1.334967E-03
200137 -1.474524E-03 -5.969133E-05
200138 -8.054803E-04  1.346123E-03
200139  7.053785E-04  1.471073E-03
200140  1.591920E-03  3.094799E-04
200141  1.182212E-03 -1.021174E-03
200142 -3.325249E-05 -1.506240E-03
200143 -1.124832E-03 -9.817037E-04
200144 -1.519365E-03  4.640732E-05
200145  5.897693E-04 -1.463515E-03
200146 -6.421755E-04 -1.446577E-03
200147 -1.398448E-03 -7.400316E-04
200148 -1.577820E-03  6.229360E-05
200149 -1.438834E-03  6.425181E-04
200150 -1.252586E-03  9.524926E-04
200151 -1.175403E-03  1.045192E-03
200152 -1.253965E-03  9.512639E-04
200153 -1.441670E-03  6.399653E-04
200154 -1.582247E-03  5.826701E-05
200155 -1.404613E-03 -7.456679E-04
200156 -6.501830E-04 -1.453872E-03
200157  5.798988E-04 -1.472380E-03
200158  1.503090E-03 -4.097133E-04
200159  1.072552E-03  1.094023E-03
200160 -5.966325E-04  1.400428E-03
200161 -1.516995E-03 -1.584595E-04
200162 -1.706288E-04 -1.517701E-03
200163  1.481604E-03 -3.865807E-04
200164  5.182252E-04  1.433395E-03
200165 -1.370263E-03  5.442511E-04
200166 -4.566523E-04 -1.366742E-03
200167  1.454333E-03 -3.821294E-04
200168  3.885900E-04  1.482005E-03
200169 -1.383846E-03  3.204180E-04
200170 -1.297481E-04 -1.359271E-03
200171  1.478703E-03 -5.823240E-05
200172  1.920671E-04  1.505667E-03
200173 -1.370021E-03  3.069301E-04
200174 -3.540741E-04 -1.283426E-03
200175  1.267092E-03 -5.314007E-04
200176  8.632340E-04  1.128255E-03
200177 -7.772670E-04  1.220908E-03
200178 -1.465909E-03 -1.548610E-04
200179 -6.785922E-04 -1.286275E-03
200180  5.228079E-04 -1.241635E-03
200181  1.131058E-03 -3.857792E-04
200182  9.670199E-04  5.203964E-04
200183  3.821658E-04  1.050719E-03
200184 -2.404742E-04  1.192647E-03
200185 -7.025616E-04  1.121361E-03
200186 -9.635584E-04  1.010921E-03
200187 -1.044933E-03  9.653859E-04
200188 -9.614046E-04  1.017071E-03
200189 -6.985457E-04  1.133046E-03
200190 -2.351343E-04  1.208699E-03
200191  3.881262E-04  1.069547E-03
200192  9.728328E-04  5.401510E-04
200193  1.135993E-03 -3.670145E-04
200194  5.262609E-04 -1.225650E-03
200195 -6.770326E-04 -1.274561E-03
200196 -1.466422E-03 -1.484712E-04
200197 -7.797908E-04  1.221453E-03
200198  8.589941E-04  1.123010E-03
200199  1.261627E-03 -5.418245E-04
200200 -3.601287E-04 -1.297924E-03
200201 -1.375946E-03  2.898294E-04
200202  1.870028E-04  1.487631E-03
200203  1.475180E-03 -7.553475E-05
200204 -1.311641E-04 -1.374366E-03
200205 -1.382744E-03  3.086488E-04
200206  3.924327E-04  1.474233E-03
200207  1.460942E-03 -3.856946E-04
200208 -4.474467E-04 -1.366291E-03
200209 -1.358801E-03  5.482386E-04
200210  5.314613E-04  1.440273E-03
200211  1.496036E-03 -3.775188E-04
200212 -1.556287E-04 -1.507160E-03
200213 -1.502056E-03 -1.471146E-04
200214 -5.823390E-04  1.411944E-03
200215  1.085704E-03  1.105127E-03
200216  1.514722E-03 -3.995305E-04
200217 -8.871657E-05 -1.553540E-03
200218 -1.375152E-03 -7.451885E-04
200219 -1.449404E-03  5.416174E-04
200220 -7.729753E-04  1.321044E-03
200221 -4.728725E-05  1.522201E-03
200222  4.074068E-04  1.466309E-03
200223  5.536592E-04  1.418976E-03
200224  4.085361E-04  1.469373E-03
200225 -4.528979E-05  1.527751E-03
200226 -7.705672E-04  1.328087E-03
200227 -1.447134E-03  5.490194E-04
200228 -1.373554E-03 -7.384031E-04
200229 -8.823043E-05 -1.547978E-03
200230  1.367132E-03 -6.319954E-04
200231  8.529205E-04  1.192465E-03
200232 -1.174981E-03  9.223835E-04
200233 -9.099914E-04 -1.227954E-03
200234  1.291754E-03 -7.071162E-04
200235  2.874400E-04  1.400294E-03
200236 -1.460111E-03 -2.184352E-04
200237  7.218083E-04 -1.266574E-03
200238  7.760081E-04  1.175020E-03
200239 -1.416993E-03  1.235593E-04
200240  5.548985E-04 -1.300214E-03
200241  8.772772E-04  1.101026E-03
200242 -1.342607E-03  2.742582E-04
200243  3.859575E-04 -1.298768E-03
200244  1.104866E-03  8.866361E-04
200245 -1.110823E-03  7.670626E-04
200246 -3.358461E-04 -1.231521E-03
200247  1.372086E-03 -6.421887E-05
200248  4.794330E-05  1.399119E-03
200249 -1.293186E-03  1.051778E-04
200250 -1.981586E-04 -1.231016E-03
200251  1.188147E-03 -4.808649E-04
200252  9.285137E-04  9.326795E-04
200253 -3.190903E-04  1.298889E-03
200254 -1.220190E-03  6.060077E-04
200255 -1.340556E-03 -3.283301E-04
200256 -9.815230E-04 -9.663506E-04
200257 -5.418654E-04 -1.245686E-03
200258 -2.372800E-04 -1.316662E-03
200259 -1.309338E-04 -1.321092E-03
200260 -2.305204E-04 -1.310865E-03
200261 -5.290782E-04 -1.234627E-03
200262 -9.640259E-04 -9.510553E-04
200263 -1.320005E-03 -3.102147E-04
200264 -1.198302E-03  6.252754E-04
200265 -2.974106E-04  1.317559E-03
200266  9.487691E-04  9.490944E-04
200267  1.206157E-03 -4.681173E-04
200268 -1.828195E-04 -1.222984E-03
200269 -1.280590E-03  1.078951E-04
200270  5.802260E-05  1.396436E-03
200271  1.380100E-03 -7.182354E-05
200272 -3.292965E-04 -1.242988E-03
200273 -1.105076E-03  7.533124E-04
200274  1.110445E-03  8.725206E-04
200275  3.919010E-04 -1.311305E-03
200276 -1.335924E-03  2.648861E-04
200277  8.848894E-04  1.095694E-03
200278  5.634381E-04 -1.301519E-03
200279 -1.407703E-03  1.254488E-04
200280  7.857269E-04  1.178758E-03
200281  7.315420E-04 -1.262412E-03
200282 -1.450810E-03 -2.149640E-04
200283  2.958857E-04  1.402477E-03
200284  1.298996E-03 -7.063433E-04
200285 -9.042051E-04 -1.228456E-03
200286 -1.170800E-03  9.207371E-04
200287  8.554495E-04  1.189646E-03
200288  1.368066E-03 -6.361399E-04
200289  8.467303E-04  1.187806E-03
200290  1.405944E-03 -4.265487E-04
200291  3.563604E-04 -1.436387E-03
200292 -8.026674E-04 -1.249879E-03
200293 -1.364449E-03 -5.944475E-04
200294 -1.488287E-03 -7.970763E-05
200295 -1.487450E-03  1.005986E-04
200296 -1.485841E-03 -7.401417E-05
200297 -1.359934E-03 -5.840720E-04
200298 -7.966719E-04 -1.236605E-03
200299  3.632737E-04 -1.422283E-03
200300  1.413399E-03 -4.133216E-04
200301  8.545516E-04  1.199369E-03
200302 -1.062586E-03  1.005395E-03
200303 -9.515276E-04 -1.098474E-03
200304  1.256634E-03 -6.959310E-04
200305  1.950008E-04  1.407645E-03
200306 -1.343262E-03 -4.918537E-04
200307  1.127508E-03 -8.337584E-04
200308 -1.172790E-04  1.368813E-03
200309 -9.430224E-04 -1.053312E-03
200310  1.339559E-03  9.057527E-05
200311 -1.122020E-03  7.592514E-04
200312  3.027385E-04 -1.339079E-03
200313  5.690193E-04  1.158032E-03
200314 -1.237969E-03 -5.306521E-04
200315  1.205134E-03 -5.112358E-04
200316 -4.754945E-04  1.185072E-03
200317 -6.355697E-04 -1.131202E-03
200318  1.286258E-03  8.454916E-05
200319 -6.512644E-04  1.082440E-03
200320 -7.222470E-04 -9.895824E-04
200321  1.189232E-03 -4.418376E-04
200322  3.840577E-04  1.243099E-03
200323 -1.137019E-03  4.553449E-04
200324 -5.839842E-04 -9.977282E-04
200325  7.992456E-04 -8.800048E-04
200326  1.230409E-03  2.469244E-04
200327  6.781449E-04  1.094010E-03
200328 -1.026037E-04  1.279675E-03
200329 -6.509789E-04  1.086096E-03
200330 -9.140747E-04  8.528908E-04
200331 -9.832122E-04  7.592056E-04
200332 -9.069452E-04  8.527504E-04
200333 -6.379066E-04  1.086053E-03
200334 -8.561719E-05  1.280097E-03
200335  6.967245E-04  1.095242E-03
200336  1.248513E-03  2.491595E-04
200337  8.154201E-04 -8.767765E-04
200338 -5.704787E-04 -9.936948E-04
200339 -1.126318E-03  4.598618E-04
200340  3.922096E-04  1.247661E-03
200341  1.195281E-03 -4.377890E-04
200342 -7.177968E-04 -9.866814E-04
200343 -6.479096E-04  1.083657E-03
200344  1.288986E-03  8.393807E-05
200345 -6.330667E-04 -1.133107E-03
200346 -4.729248E-04  1.183150E-03
200347  1.207923E-03 -5.114650E-04
200348 -1.234956E-03 -5.276965E-04
200349  5.721301E-04  1.164711E-03
200350  3.056994E-04 -1.329538E-03
200351 -1.119576E-03  7.695037E-04
200352  1.341018E-03  9.880710E-05
200353 -9.430413E-04 -1.049404E-03
200354 -1.191629E-04  1.367382E-03
200355  1.123618E-03 -8.399624E-04
200356 -1.348982E-03 -5.010990E-04
200357  1.878995E-04  1.397334E-03
200358  1.248728E-03 -7.060242E-04
200359 -9.597062E-04 -1.108220E-03
200360 -1.070676E-03  9.952113E-04
200361  1.393145E-03 -1.951902E-04
200362  2.985176E-05 -1.391961E-03
200363 -1.284872E-03 -5.585396E-04
200364 -1.234025E-03  7.006502E-04
200365 -5.447475E-04  1.324658E-03
200366  1.472141E-05  1.439474E-03
200367  2.076277E-04  1.427886E-03
200368  1.673314E-05  1.442528E-03
200369 -5.414576E-04  1.330289E-03
200370 -1.230400E-03  7.076092E-04
200371 -1.281402E-03 -5.522656E-04
200372  3.346357E-05 -1.388368E-03
200373  1.397773E-03 -1.949716E-04
200374  1.541912E-04  1.403845E-03
200375 -1.354260E-03 -1.935744E-04
200376  7.828017E-04 -1.119414E-03
200377  5.080957E-04  1.290646E-03
200378 -1.239184E-03 -4.826559E-04
200379  1.284520E-03 -3.926426E-04
200380 -8.147362E-04  1.051105E-03
200381  2.100362E-04 -1.292993E-03
200382  3.727215E-04  1.241050E-03
200383 -8.412436E-04 -9.891698E-04
200384  1.130049E-03  5.583579E-04
200385 -1.272175E-03 -9.702167E-05
200386  1.152988E-03 -4.749816E-04
200387 -8.388611E-04  8.958972E-04
200388  2.122161E-04 -1.242892E-03
200389  4.993346E-04  1.065440E-03
200390 -1.118389E-03 -5.242427E-04
200391  1.085596E-03 -5.257818E-04
200392 -2.181824E-04  1.144471E-03
200393 -9.409749E-04 -7.250234E-04
200394  9.673046E-04 -6.852332E-04
200395  5.587291E-04  1.047716E-03
200396 -9.873154E-04  6.028654E-04
200397 -7.595264E-04 -8.152740E-04
200398  4.843679E-04 -1.013675E-03
200399  1.151989E-03 -1.893930E-04
200400  1.015024E-03  6.397185E-04
200401  5.782416E-04  1.060710E-03
200402  2.327147E-04  1.180467E-03
200403  1.123878E-04  1.192355E-03
200404  2.362422E-04  1.173751E-03
200405  5.839159E-04  1.048466E-03
200406  1.020634E-03  6.239758E-04
200407  1.155337E-03 -2.063072E-04
200408  4.840294E-04 -1.029667E-03
200409 -7.638396E-04 -8.288012E-04
200410 -9.948666E-04  5.927576E-04
200411  5.492581E-04  1.041510E-03
200412  9.572927E-04 -6.874532E-04
200413 -9.504748E-04 -7.236476E-04
200414 -2.266045E-04  1.148463E-03
200415  1.078376E-03 -5.206451E-04
200416 -1.124565E-03 -5.194624E-04
200417  4.939360E-04  1.069028E-03
200418  2.073373E-04 -1.240153E-03
200419 -8.434062E-04  8.992084E-04
200420  1.148695E-03 -4.694033E-04
200421 -1.276207E-03 -8.836185E-05
200422  1.126278E-03  5.691876E-04
200423 -8.449491E-04 -9.787950E-04
200424  3.685530E-04  1.247615E-03
200425  2.046326E-04 -1.292781E-03
200426 -8.220527E-04  1.044586E-03
200427  1.275109E-03 -4.036860E-04
200428 -1.250168E-03 -4.943003E-04
200429  4.966342E-04  1.282204E-03
200430  7.721600E-04 -1.122838E-03
200431 -1.363047E-03 -1.929477E-04
200432  1.476618E-04  1.405574E-03
200433  7.786391E-04  1.100021E-03
200434  1.127584E-03 -7.174951E-04
200435 -3.658746E-04 -1.284365E-03
200436 -1.291730E-03 -3.783161E-04
200437 -1.223843E-03  5.735717E-04
200438 -8.652430E-04  1.036492E-03
200439 -7.027898E-04  1.149444E-03
200440 -8.628595E-04  1.033107E-03
200441 -1.220941E-03  5.686417E-04
200442 -1.290659E-03 -3.832042E-04
200443 -3.677383E-04 -1.289885E-03
200444  1.123710E-03 -7.262785E-04
200445  7.750231E-04  1.086010E-03
200446 -1.202941E-03  5.449033E-04
200447 -2.260580E-06 -1.310784E-03
200448  1.076474E-03  7.579066E-04
200449 -1.262630E-03  2.210024E-04
200450  9.319220E-04 -8.725940E-04
200451 -3.831135E-04  1.226627E-03
200452 -4.594375E-05 -1.235188E-03
200453  4.149866E-04  1.193999E-03
200454 -6.268035E-04 -1.037103E-03
200455  8.193756E-04  9.300187E-04
200456 -9.245205E-04 -7.452451E-04
200457  1.048104E-03  6.069973E-04
200458 -1.118943E-03 -3.570394E-04
200459  1.171397E-03  8.666412E-05
200460 -1.128788E-03  2.820688E-04
200461  9.044126E-04 -7.164213E-04
200462 -4.525958E-04  1.034453E-03
200463 -2.881091E-04 -1.122952E-03
200464  9.496438E-04  5.552973E-04
200465 -1.042095E-03  4.027017E-04
200466  6.904266E-05 -1.133950E-03
200467  1.034844E-03  3.555067E-04
200468 -4.656556E-04  9.742635E-04
200469 -1.029185E-03 -3.671838E-04
200470  1.463569E-05 -1.099267E-03
200471  9.441453E-04 -5.578729E-04
200472  1.052260E-03  2.917835E-04
200473  7.193684E-04  8.163070E-04
200474  3.967478E-04  1.008939E-03
200475  2.764595E-04  1.044140E-03
200476  3.958406E-04  1.001406E-03
200477  7.166427E-04  8.026455E-04
200478  1.046382E-03  2.744143E-04
200479  9.341013E-04 -5.762075E-04
200480  3.511124E-07 -1.116281E-03
200481 -1.046669E-03 -3.815501E-04
200482 -4.844846E-04  9.629322E-04
200483  1.016770E-03  3.471253E-04
200484  5.350171E-05 -1.139466E-03
200485 -1.054075E-03  4.000331E-04
200486  9.412805E-04  5.551666E-04
200487 -2.936979E-04 -1.121510E-03
200488 -4.567664E-04  1.035966E-03
200489  9.003507E-04 -7.161860E-04
200490 -1.133544E-03  2.806468E-04
200491  1.165833E-03  8.446398E-05
200492 -1.124809E-03 -3.584387E-04
200493  1.042811E-03  6.075828E-04
200494 -9.284159E-04 -7.428108E-04
200495  8.171251E-04  9.326714E-04
200496 -6.280770E-04 -1.036650E-03
200497  4.133395E-04  1.190364E-03
200498 -4.922988E-05 -1.242882E-03
200499 -3.884524E-04  1.217546E-03
200500  9.251968E-04 -8.784360E-04
200501 -1.269331E-03  2.227649E-04
200502  1.071412E-03  7.686949E-04
200503 -4.389966E-06 -1.293720E-03
200504 -1.201728E-03  5.628093E-04
200505 -9.582249E-04 -8.195019E-04
200506 -7.773771E-04  1.000105E-03
200507  8.068032E-04  9.796545E-04
200508  1.248913E-03 -2.373089E-04
200509  7.319403E-04 -1.051426E-03
200510  1.849739E-04 -1.281420E-03
200511 -1.187091E-05 -1.303391E-03
200512  1.896171E-04 -1.290582E-03
200513  7.375581E-04 -1.064203E-03
200514  1.250757E-03 -2.476234E-04
200515  8.024465E-04  9.730247E-04
200516 -7.864650E-04  9.928013E-04
200517 -9.682230E-04 -8.328370E-04
200518  1.050247E-03 -6.833894E-04
200519  2.121515E-05  1.224287E-03
200520 -9.260912E-04 -8.316835E-04
200521  1.213759E-03  1.160604E-04
200522 -1.133057E-03  4.329649E-04
200523  9.317226E-04 -7.526830E-04
200524 -7.527957E-04  9.209674E-04
200525  6.467554E-04 -9.824539E-04
200526 -5.900165E-04  1.007712E-03
200527  5.977647E-04 -9.763489E-04
200528 -5.890683E-04  9.948768E-04
200529  6.141528E-04 -9.282509E-04
200530 -5.637656E-04  9.879410E-04
200531  5.087890E-04 -9.668282E-04
200532 -3.326919E-04  1.064372E-03
200533  8.059143E-05 -1.069842E-03
200534  3.066444E-04  1.049218E-03
200535 -7.600428E-04 -7.513743E-04
200536  1.044747E-03  1.590833E-04
200537 -8.426934E-04  6.404430E-04
200538 -8.355916E-05 -1.062187E-03
200539  9.877520E-04  3.045125E-04
200540 -5.060136E-04  8.797107E-04
200541 -9.150250E-04 -5.116005E-04
200542  2.415424E-04 -1.035504E-03
200543  9.979380E-04 -2.809039E-04
200544  8.372999E-04  5.577257E-04
200545  3.407564E-04  9.341831E-04
200546 -3.346180E-05  9.942146E-04
200547 -1.613624E-04  9.827262E-04
200548 -3.763812E-05  9.923278E-04
200549  3.327916E-04  9.308759E-04
200550  8.262487E-04  5.539894E-04
200551  9.847806E-04 -2.837537E-04
200552  2.275122E-04 -1.036469E-03
200553 -9.285820E-04 -5.107261E-04
200554 -5.178437E-04  8.812157E-04
200555  9.787448E-04  3.050339E-04
200556 -8.877280E-05 -1.063570E-03
200557 -8.434708E-04  6.374650E-04
200558  1.048177E-03  1.556216E-04
200559 -7.539184E-04 -7.543806E-04
200560  3.130036E-04  1.046741E-03
200561  8.486192E-05 -1.072482E-03
200562 -3.315911E-04  1.060800E-03
200563  5.072617E-04 -9.715848E-04
200564 -5.661959E-04  9.823298E-04
200565  6.128840E-04 -9.341154E-04
200566 -5.876825E-04  9.893865E-04
200567  6.019540E-04 -9.809452E-04
200568 -5.844032E-04  1.004160E-03
200569  6.517191E-04 -9.853867E-04
200570 -7.498264E-04  9.181692E-04
200571  9.328649E-04 -7.545687E-04
200572 -1.132577E-03  4.348435E-04
200573  1.214732E-03  1.252733E-04
200574 -9.237447E-04 -8.140842E-04
200575  2.590283E-05  1.246581E-03
200576  1.058013E-03 -6.631484E-04
200577 -3.568824E-04  1.123918E-03
200578  1.176649E-03  2.229666E-04
200579  4.276494E-04 -1.128182E-03
200580 -8.217161E-04 -8.900817E-04
200581 -1.221204E-03 -3.574716E-05
200582 -1.103879E-03  5.272863E-04
200583 -1.002997E-03  6.895198E-04
200584 -1.097286E-03  5.158605E-04
200585 -1.212887E-03 -4.963317E-05
200586 -8.183889E-04 -8.963056E-04
200587  4.223218E-04 -1.124145E-03
200588  1.164894E-03  2.305950E-04
200589 -3.694845E-04  1.125789E-03
200590 -9.274874E-04 -7.623555E-04
200591  1.121914E-03 -3.325914E-04
200592 -6.408552E-04  9.616901E-04
200593  3.847233E-05 -1.165655E-03
200594  3.420185E-04  1.080304E-03
200595 -5.746115E-04 -9.948387E-04
200596  6.270135E-04  9.104054E-04
200597 -6.292013E-04 -9.396760E-04
200598  5.294152E-04  9.504920E-04
200599 -4.103176E-04 -1.015449E-03
200600  2.523244E-04  1.055169E-03
200601 -1.053423E-04 -1.054004E-03
200602 -2.097563E-06  1.069734E-03
200603  6.645175E-05 -1.038109E-03
200604 -2.440863E-05  1.051360E-03
200605 -9.278896E-05 -1.008952E-03
200606  3.429121E-04  9.877576E-04
200607 -6.697368E-04 -7.364810E-04
200608  9.590945E-04  3.299784E-04
200609 -9.217807E-04  4.001100E-04
200610  2.733334E-04 -9.529327E-04
200611  7.225894E-04  6.709992E-04
200612 -8.348200E-04  5.070047E-04
200613 -4.804458E-04 -8.700486E-04
200614  7.449674E-04 -6.563855E-04
200615  8.864387E-04  3.826246E-04
200616  2.379694E-04  9.178486E-04
200617 -3.737870E-04  8.745125E-04
200618 -6.851549E-04  6.718486E-04
200619 -7.706356E-04  5.818372E-04
200620 -6.909604E-04  6.771955E-04
200621 -3.833859E-04  8.840103E-04
200622  2.276083E-04  9.300707E-04
200623  8.781635E-04  3.968532E-04
200624  7.405880E-04 -6.403101E-04
200625 -4.806096E-04 -8.528821E-04
200626 -8.317994E-04  5.231040E-04
200627  7.274005E-04  6.831372E-04
200628  2.794547E-04 -9.466959E-04
200629 -9.136233E-04  4.006829E-04
200630  9.700211E-04  3.271030E-04
200631 -6.568729E-04 -7.399570E-04
200632  3.550534E-04  9.856877E-04
200633 -8.432979E-05 -1.009137E-03
200634 -2.082181E-05  1.052275E-03
200635  6.659338E-05 -1.037532E-03
200636 -2.293805E-06  1.068380E-03
200637 -1.029048E-04 -1.058375E-03
200638  2.586598E-04  1.048292E-03
200639 -4.012467E-04 -1.022196E-03
200640  5.382855E-04  9.472733E-04
200641 -6.231025E-04 -9.379105E-04
200642  6.303163E-04  9.154013E-04
200643 -5.716461E-04 -9.895136E-04
200644  3.470005E-04  1.085412E-03
200645  4.544829E-05 -1.158262E-03
200646 -6.334076E-04  9.732514E-04
200647  1.129679E-03 -3.197112E-04
200648 -9.175891E-04 -7.547923E-04
200649  6.383249E-04  9.210764E-04
200650  8.438548E-04 -7.726658E-04
200651 -6.369462E-04 -9.356622E-04
200652 -1.121092E-03  1.929161E-04
200653 -6.387649E-04  9.610930E-04
200654 -1.173754E-04  1.150772E-03
200655  7.190104E-05  1.148944E-03
200656 -1.118709E-04  1.140086E-03
200657 -6.313905E-04  9.503051E-04
200658 -1.118370E-03  1.939673E-04
200659 -6.433416E-04 -9.198039E-04
200660  8.311260E-04 -7.501820E-04
200661  6.265759E-04  9.386571E-04
200662 -1.100061E-03  1.898141E-04
200663  5.283565E-04 -9.816456E-04
200664  1.891027E-04  1.077455E-03
200665 -6.602270E-04 -8.766368E-04
200666  8.616872E-04  6.413812E-04
200667 -9.482570E-04 -5.259178E-04
200668  9.255442E-04  4.894901E-04
200669 -8.868578E-04 -6.012591E-04
200670  7.534182E-04  6.925347E-04
200671 -6.014283E-04 -8.598501E-04
200672  3.717556E-04  9.388953E-04
200673 -1.671892E-04 -1.011056E-03
200674 -3.686258E-05  9.892772E-04
200675  1.669644E-04 -9.959454E-04
200676 -2.199186E-04  9.499771E-04
200677  1.779162E-04 -9.619251E-04
200678 -1.650569E-05  9.806833E-04
200679 -2.723154E-04 -9.052260E-04
200680  6.583044E-04  7.139330E-04
200681 -9.296925E-04 -1.527746E-04
200682  7.509190E-04 -5.675816E-04
200683  1.167925E-04  9.374928E-04
200684 -9.188395E-04 -1.730612E-04
200685  2.526293E-04 -8.935797E-04
200686  9.198761E-04  1.126714E-04
200687  2.523245E-04  8.855251E-04
200688 -5.515815E-04  7.349939E-04
200689 -8.863009E-04  2.441594E-04
200690 -9.107152E-04 -1.137729E-04
200691 -8.885850E-04 -2.283373E-04
200692 -9.161882E-04 -1.044021E-04
200693 -8.942299E-04  2.601213E-04
200694 -5.577216E-04  7.539210E-04
200695  2.514535E-04  9.052910E-04
200696  9.257354E-04  1.331994E-04
200697  2.640134E-04 -8.721492E-04
200698 -9.054867E-04 -1.523968E-04
200699  1.281648E-04  9.541419E-04
200700  7.586075E-04 -5.575988E-04
200701 -9.242340E-04 -1.496533E-04
200702  6.643069E-04  7.125742E-04
200703 -2.645568E-04 -9.074616E-04
200704 -8.657405E-06  9.805794E-04
200705  1.827249E-04 -9.586308E-04
200706 -2.197775E-04  9.562181E-04
200707  1.641346E-04 -9.884590E-04
200708 -3.866091E-05  9.952594E-04
200709 -1.645241E-04 -1.009543E-03
200710  3.792624E-04  9.351440E-04
200711 -5.923412E-04 -8.654794E-04
200712  7.591935E-04  6.909287E-04
200713 -8.869246E-04 -5.955478E-04
200714  9.223014E-04  4.996760E-04
200715 -9.486464E-04 -5.177514E-04
200716  8.678694E-04  6.437575E-04
200717 -6.497983E-04 -8.779694E-04
200718  1.983665E-04  1.076342E-03
200719  5.347202E-04 -9.831870E-04
200720 -1.092691E-03  1.821183E-04
200721  7.088376E-04  7.937050E-04
200722  6.923776E-04 -8.317098E-04
200723 -7.246850E-04 -7.790280E-04
200724 -1.007469E-03  3.557022E-04
200725 -4.304083E-04  1.000607E-03
200726  8.909582E-05  1.093486E-03
200727  2.641398E-04  1.061052E-03
200728  8.997381E-05  1.084311E-03
200729 -4.275566E-04  9.927142E-04
200730 -1.006254E-03  3.605280E-04
200731 -7.306567E-04 -7.590757E-04
200732  6.812086E-04 -8.047407E-04
200733  7.010334E-04  8.169408E-04
200734 -1.008498E-03  2.951590E-04
200735  4.354896E-04 -9.514339E-04
200736  2.376769E-04  1.021542E-03
200737 -6.318421E-04 -8.059275E-04
200738  8.145753E-04  6.303047E-04
200739 -8.621562E-04 -5.335426E-04
200740  8.375646E-04  5.534351E-04
200741 -7.515668E-04 -6.660914E-04
200742  5.886010E-04  7.819476E-04
200743 -3.738856E-04 -9.167028E-04
200744  9.759424E-05  9.536271E-04
200745  1.490860E-04 -9.642524E-04
200746 -3.796804E-04  8.536250E-04
200747  5.235121E-04 -8.106816E-04
200748 -6.042729E-04  6.945080E-04
200749  5.971422E-04 -7.227814E-04
200750 -5.118608E-04  7.643612E-04
200751  2.957058E-04 -8.639432E-04
200752  9.080789E-05  9.081547E-04
200753 -5.704383E-04 -6.928446E-04
200754  8.970590E-04  7.889552E-05
200755 -5.474350E-04  7.141227E-04
200756 -4.874071E-04 -7.407957E-04
200757  7.865964E-04 -3.788602E-04
200758  4.772971E-04  7.455134E-04
200759 -5.100142E-04  7.276150E-04
200760 -8.811693E-04  2.958786E-05
200761 -6.998588E-04 -5.186226E-04
200762 -4.309025E-04 -7.479245E-04
200763 -3.235311E-04 -7.950569E-04
200764 -4.339424E-04 -7.386152E-04
200765 -7.031031E-04 -5.038020E-04
200766 -8.810382E-04  4.481947E-05
200767 -5.040593E-04  7.405222E-04
200768  4.895612E-04  7.571803E-04
200769  8.030116E-04 -3.661759E-04
200770 -4.716432E-04 -7.272588E-04
200771 -5.375361E-04  7.256704E-04
200772  8.989024E-04  8.562892E-05
200773 -5.744766E-04 -6.915546E-04
200774  8.543735E-05  9.057806E-04
200775  2.925797E-04 -8.668457E-04
200776 -5.124495E-04  7.637559E-04
200777  5.963344E-04 -7.198470E-04
200778 -6.080667E-04  7.008749E-04
200779  5.172864E-04 -8.016839E-04
200780 -3.844594E-04  8.630560E-04
200781  1.494738E-04 -9.583763E-04
200782  1.030121E-04  9.530470E-04
200783 -3.683227E-04 -9.214603E-04
200784  5.879366E-04  7.798611E-04
200785 -7.604193E-04 -6.606436E-04
200786  8.261681E-04  5.635242E-04
200787 -8.668512E-04 -5.272994E-04
200788  8.208718E-04  6.270094E-04
200789 -6.198199E-04 -8.165255E-04
200790  2.459232E-04  1.009696E-03
200791  4.369208E-04 -9.627935E-04
200792 -1.007226E-03  2.797844E-04
200793  3.159093E-04  9.491392E-04
200794  9.045406E-04 -4.762642E-04
200795 -3.456211E-04 -9.551108E-04
200796 -1.003893E-03 -7.032067E-05
200797 -7.329248E-04  7.070300E-04
200798 -3.142058E-04  9.829488E-04
200799 -1.550862E-04  1.020487E-03
200800 -3.197853E-04  9.742158E-04
200801 -7.353937E-04  6.997542E-04
200802 -1.002194E-03 -6.627806E-05
200803 -3.475876E-04 -9.388904E-04
200804  8.980672E-04 -4.549403E-04
200805  3.140103E-04  9.679839E-04
200806 -9.828717E-04 -1.187132E-04
200807  7.396319E-04 -6.637883E-04
200808 -1.726366E-04  9.810244E-04
200809 -2.333095E-04 -9.353149E-04
200810  4.693161E-04  8.670302E-04
200811 -5.257863E-04 -7.920945E-04
200812  5.024262E-04  8.238299E-04
200813 -3.639718E-04 -8.667980E-04
200814  1.706468E-04  9.275416E-04
200815  8.593859E-05 -9.241248E-04
200816 -3.493876E-04  8.537707E-04
200817  5.685525E-04 -7.199856E-04
200818 -7.308546E-04  5.248639E-04
200819  8.156881E-04 -3.926960E-04
200820 -8.558262E-04  2.463794E-04
200821  8.454964E-04 -2.547552E-04
200822 -8.208441E-04  3.104966E-04
200823  7.182271E-04 -5.042523E-04
200824 -4.545983E-04  7.267261E-04
200825 -8.914557E-06 -8.684635E-04
200826  6.095999E-04  5.969191E-04
200827 -8.418705E-04  1.730879E-04
200828  1.210997E-04 -8.323985E-04
200829  7.948978E-04  2.482417E-04
200830 -1.584623E-04  8.360783E-04
200831 -8.344623E-04  1.675384E-04
200832 -6.222340E-04 -5.647769E-04
200833 -1.232828E-04 -8.218132E-04
200834  2.234377E-04 -8.000186E-04
200835  3.352037E-04 -7.599001E-04
200836  2.241204E-04 -7.927377E-04
200837 -1.201710E-04 -8.114678E-04
200838 -6.151340E-04 -5.574610E-04
200839 -8.230339E-04  1.686513E-04
200840 -1.433767E-04  8.334793E-04
200841  8.114377E-04  2.466466E-04
200842  1.347230E-04 -8.314252E-04
200843 -8.359521E-04  1.745115E-04
200844  6.059073E-04  5.963390E-04
200845 -1.998542E-05 -8.718553E-04
200846 -4.682061E-04  7.212681E-04
200847  7.072006E-04 -5.097771E-04
200848 -8.265287E-04  3.070734E-04
200849  8.434758E-04 -2.553771E-04
200850 -8.585905E-04  2.482857E-04
200851  8.100788E-04 -3.878491E-04
200852 -7.367316E-04  5.323741E-04
200853  5.664894E-04 -7.135124E-04
200854 -3.471101E-04  8.542477E-04
200855  8.752030E-05 -9.296827E-04
200856  1.647105E-04  9.224282E-04
200857 -3.786325E-04 -8.652481E-04
200858  4.866911E-04  8.302119E-04
200859 -5.319785E-04 -7.896946E-04
200860  4.762437E-04  8.590253E-04
200861 -2.210312E-04 -9.513053E-04
200862 -1.671781E-04  9.642861E-04
200863  7.347424E-04 -6.779078E-04
200864 -9.889792E-04 -1.332780E-04
200865 -3.726591E-04  8.704128E-04
200866  9.304238E-04  2.189108E-04
200867  3.569700E-04 -9.049860E-04
200868 -6.538589E-04 -7.080553E-04
200869 -9.546827E-04  4.128310E-06
200870 -8.425829E-04  4.674540E-04
200871 -7.648180E-04  5.983267E-04
200872 -8.541343E-04  4.574341E-04
200873 -9.607793E-04 -4.249942E-06
200874 -6.487242E-04 -7.061779E-04
200875  3.621123E-04 -8.949554E-04
200876  9.305426E-04  2.306279E-04
200877 -3.686137E-04  8.805167E-04
200878 -6.386907E-04 -6.937495E-04
200879  9.467824E-04 -5.572803E-05
200880 -6.968432E-04  6.271099E-04
200881  3.666994E-04 -8.461111E-04
200882 -1.165968E-04  9.256308E-04
200883  3.358609E-05 -9.041448E-04
200884 -3.943745E-05  9.191631E-04
200885  1.713466E-04 -8.733267E-04
200886 -3.348171E-04  8.389039E-04
200887  5.395918E-04 -6.935086E-04
200888 -7.053192E-04  5.329916E-04
200889  8.166630E-04 -2.982742E-04
200890 -8.588150E-04  9.279684E-05
200891  8.518677E-04  7.852436E-05
200892 -8.379216E-04 -1.901150E-04
200893  8.122475E-04  1.954864E-04
200894 -8.322964E-04 -1.231856E-04
200895  8.337391E-04 -8.454425E-05
200896 -7.208925E-04  3.857093E-04
200897  3.965686E-04 -7.347993E-04
200898  2.232545E-04  7.793777E-04
200899 -7.842165E-04 -2.526146E-04
200900  4.936140E-04 -6.313160E-04
200901  5.429400E-04  5.870722E-04
200902 -5.283662E-04  6.207294E-04
200903 -7.718497E-04 -2.583686E-04
200904 -2.467455E-04 -7.663456E-04
200905  2.915912E-04 -7.442418E-04
200906  5.728756E-04 -5.650697E-04
200907  6.508819E-04 -4.809245E-04
200908  5.770442E-04 -5.595644E-04
200909  3.004307E-04 -7.373591E-04
200910 -2.337737E-04 -7.650283E-04
200911 -7.564579E-04 -2.666434E-04
200912 -5.122508E-04  6.063096E-04
200913  5.579608E-04  5.733445E-04
200914  5.045707E-04 -6.413700E-04
200915 -7.805383E-04 -2.603600E-04
200916  2.185249E-04  7.723439E-04
200917  3.850051E-04 -7.418516E-04
200918 -7.357344E-04  3.779836E-04
200919  8.210243E-04 -9.230234E-05
200920 -8.376972E-04 -1.290045E-04
200921  8.142262E-04  1.919898E-04
200922 -8.344660E-04 -1.925205E-04
200923  8.512961E-04  7.794303E-05
200924 -8.630059E-04  9.590872E-05
200925  8.132961E-04 -2.937614E-04
200926 -7.055382E-04  5.327534E-04
200927  5.388548E-04 -7.008944E-04
200928 -3.424629E-04  8.299770E-04
200929  1.560557E-04 -8.763170E-04
200930 -5.422472E-05  9.218225E-04
200931  2.923053E-05 -9.043532E-04
200932 -1.085860E-04  9.158449E-04
200933  3.781079E-04 -8.630153E-04
200934 -6.946500E-04  6.104955E-04
200935  9.365361E-04 -6.807306E-05
200936 -6.509283E-04 -7.033426E-04
200937 -8.664553E-04  2.884778E-04
200938  4.024060E-04  7.996711E-04
200939  8.656861E-04 -2.946322E-04
200940  1.345901E-04 -9.181066E-04
200941 -5.524102E-04 -7.272666E-04
200942 -8.287150E-04 -3.750198E-04
200943 -8.904390E-04 -2.390693E-04
200944 -8.440462E-04 -3.878368E-04
200945 -5.596716E-04 -7.370958E-04
200946  1.444992E-04 -9.165465E-04
200947  8.783558E-04 -2.884398E-04
200948  4.089107E-04  8.032216E-04
200949 -8.578189E-04  2.904662E-04
200950  5.746224E-05 -9.050542E-04
200951  6.798864E-04  5.845041E-04
200952 -8.894411E-04 -1.819340E-05
200953  7.937573E-04 -3.915071E-04
200954 -6.307143E-04  6.131269E-04
200955  5.430145E-04 -6.805199E-04
200956 -5.186779E-04  6.994393E-04
200957  5.875366E-04 -6.188910E-04
200958 -6.720010E-04  5.340968E-04
200959  7.713674E-04 -3.381987E-04
200960 -8.245805E-04  1.670072E-04
200961  8.313888E-04  7.010096E-05
200962 -7.922841E-04 -2.203887E-04
200963  7.309133E-04  3.729512E-04
200964 -7.026343E-04 -4.250499E-04
200965  6.776019E-04  4.265485E-04
200966 -7.310596E-04 -3.337010E-04
200967  7.912567E-04  1.373723E-04
200968 -7.628820E-04  1.869415E-04
200969  5.290191E-04 -5.980211E-04
200970  4.435082E-05  7.762841E-04
200971 -6.868956E-04 -3.890027E-04
200972  5.828227E-04 -5.012996E-04
200973  4.109770E-04  6.495669E-04
200974 -6.008905E-04  4.966043E-04
200975 -6.863667E-04 -3.712178E-04
200976 -1.132708E-04 -7.669516E-04
200977  3.895042E-04 -6.641473E-04
200978  6.283737E-04 -4.544578E-04
200979  6.910607E-04 -3.648214E-04
200980  6.346067E-04 -4.496990E-04
200981  4.015916E-04 -6.581877E-04
200982 -9.702021E-05 -7.674349E-04
200983 -6.687142E-04 -3.834897E-04
200984 -5.842881E-04  4.762501E-04
200985  4.248480E-04  6.293953E-04
200986  5.923945E-04 -5.174435E-04
200987 -6.829880E-04 -4.018045E-04
200988  4.229155E-05  7.664797E-04
200989  5.215690E-04 -6.053242E-04
200990 -7.741152E-04  1.796676E-04
200991  7.810551E-04  1.293356E-04
200992 -7.332442E-04 -3.397513E-04
200993  6.854143E-04  4.234424E-04
200994 -6.914547E-04 -4.280258E-04
200995  7.370346E-04  3.695859E-04
200996 -7.932165E-04 -2.209422E-04
200997  8.279111E-04  7.207275E-05
200998 -8.260563E-04  1.654194E-04
200999  7.704403E-04 -3.472620E-04
201000 -6.780665E-04  5.224277E-04
201001  5.754069E-04 -6.245332E-04
201002 -5.293862E-04  7.008460E-04
201003  5.419473E-04 -6.807165E-04
201004 -6.219406E-04  6.041849E-04
201005  8.035027E-04 -4.065506E-04
201006 -8.900076E-04 -3.216533E-05
201007  6.664905E-04  5.753425E-04
201008  4.159614E-05 -9.095276E-04
201009 -7.847364E-04 -4.023248E-04
201010 -3.285202E-04  7.928414E-04
201011  7.285546E-04  4.441985E-04
201012  7.504227E-04 -4.573068E-04
201013  2.251038E-04 -8.502399E-04
201014 -1.880749E-04 -8.500910E-04
201015 -3.325298E-04 -8.153704E-04
201016 -2.041863E-04 -8.665714E-04
201017  2.186712E-04 -8.610238E-04
201018  7.640004E-04 -4.532062E-04
201019  7.464480E-04  4.504845E-04
201020 -3.172390E-04  7.918117E-04
201021 -7.729775E-04 -4.056665E-04
201022  6.322520E-04 -5.911293E-04
201023  1.141959E-04  8.395428E-04
201024 -6.540415E-04 -5.501014E-04
201025  8.325822E-04  1.323213E-04
201026 -8.225750E-04  1.601344E-04
201027  7.732646E-04 -3.165567E-04
201028 -7.388725E-04  3.734730E-04
201029  7.516594E-04 -3.271588E-04
201030 -7.758990E-04  2.587043E-04
201031  8.028706E-04 -9.790256E-05
201032 -8.027583E-04 -3.022136E-05
201033  7.714945E-04  2.164692E-04
201034 -7.245786E-04 -3.059206E-04
201035  6.646949E-04  4.225255E-04
201036 -6.601031E-04 -4.304802E-04
201037  6.497852E-04  4.103977E-04
201038 -7.154452E-04 -2.842713E-04
201039  7.680911E-04  7.402936E-05
201040 -7.067913E-04  2.670071E-04
201041  4.172892E-04 -6.419607E-04
201042  1.745721E-04  7.283493E-04
201043 -7.212972E-04 -2.322630E-04
201044  4.395341E-04 -5.979208E-04
201045  5.381082E-04  5.067087E-04
201046 -4.315162E-04  6.096810E-04
201047 -7.310318E-04 -1.664244E-04
201048 -3.127145E-04 -6.824817E-04
201049  1.736020E-04 -7.253385E-04
201050  4.503644E-04 -5.975151E-04
201051  5.332618E-04 -5.312565E-04
201052  4.570409E-04 -5.928022E-04
201053  1.860362E-04 -7.185096E-04
201054 -2.961808E-04 -6.815197E-04
201055 -7.128519E-04 -1.780473E-04
201056 -4.145887E-04  5.888692E-04
201057  5.516542E-04  4.855679E-04
201058  4.489961E-04 -6.153010E-04
201059 -7.158108E-04 -2.460067E-04
201060  1.762031E-04  7.193653E-04
201061  4.146670E-04 -6.463754E-04
201062 -7.135086E-04  2.626018E-04
201063  7.613904E-04  6.740389E-05
201064 -7.144642E-04 -2.887083E-04
201065  6.617035E-04  4.107267E-04
201066 -6.435810E-04 -4.299432E-04
201067  6.760492E-04  4.201103E-04
201068 -7.223432E-04 -3.079957E-04
201069  7.686162E-04  2.164930E-04
201070 -8.043702E-04 -3.296771E-05
201071  8.033246E-04 -1.077623E-04
201072 -7.786719E-04  2.461402E-04
201073  7.437167E-04 -3.329153E-04
201074 -7.455806E-04  3.763060E-04
201075  7.747511E-04 -3.146298E-04
201076 -8.137705E-04  1.533205E-04
201077  8.404506E-04  1.199674E-04
201078 -6.565009E-04 -5.609546E-04
201079  9.964508E-05  8.331304E-04
201080  6.148717E-04 -5.922036E-04
201081 -3.832449E-04 -7.500489E-04
201082 -7.346791E-04  3.926592E-04
201083  2.281926E-04  7.769723E-04
201084  8.102801E-04  1.627605E-04
201085  7.166345E-04 -4.396615E-04
201086  4.458942E-04 -7.051206E-04
201087  3.207732E-04 -7.741317E-04
201088  4.321204E-04 -7.252950E-04
201089  7.122863E-04 -4.507282E-04
201090  8.247801E-04  1.713201E-04
201091  2.476166E-04  7.863547E-04
201092 -7.205437E-04  3.904950E-04
201093 -3.691779E-04 -7.556048E-04
201094  8.099220E-04 -1.366320E-04
201095 -3.206103E-04  7.424263E-04
201096 -3.194527E-04 -7.579070E-04
201097  6.771385E-04  4.300164E-04
201098 -7.949548E-04 -1.255891E-04
201099  7.936484E-04 -9.663718E-05
201100 -7.661614E-04  2.042642E-04
201101  7.540247E-04 -2.223447E-04
201102 -7.579945E-04  2.027247E-04
201103  7.671207E-04 -1.096524E-04
201104 -7.724463E-04  3.729507E-05
201105  7.602119E-04  8.694123E-05
201106 -7.509924E-04 -1.292909E-04
201107  7.226852E-04  2.015648E-04
201108 -7.433799E-04 -1.719978E-04
201109  7.285032E-04  1.026949E-04
201110 -7.410803E-04  7.310508E-05
201111  6.724753E-04 -3.047722E-04
201112 -4.277330E-04  5.900480E-04
201113 -3.008048E-05 -7.366057E-04
201114  5.666225E-04  4.479548E-04
201115 -6.765457E-04  2.748164E-04
201116 -7.358746E-05 -7.175300E-04
201117  7.114230E-04 -1.060156E-05
201118  1.220846E-04  7.074678E-04
201119 -6.040057E-04  3.934873E-04
201120 -6.876060E-04 -2.372187E-04
201121 -4.035726E-04 -6.037582E-04
201122 -1.338001E-04 -7.093177E-04
201123 -3.244636E-05 -7.194876E-04
201124 -1.277583E-04 -7.044322E-04
201125 -3.929077E-04 -5.955657E-04
201126 -6.731162E-04 -2.335679E-04
201127 -5.867049E-04  3.850011E-04
201128  1.391330E-04  6.896685E-04
201129  7.251553E-04 -2.908127E-05
201130 -6.354487E-05 -7.329195E-04
201131 -6.692387E-04  2.627925E-04
201132  5.710217E-04  4.418004E-04
201133 -2.979981E-05 -7.367819E-04
201134 -4.315995E-04  5.893530E-04
201135  6.684231E-04 -3.094475E-04
201136 -7.383364E-04  7.087850E-05
201137  7.412127E-04  1.077076E-04
201138 -7.258485E-04 -1.657357E-04
201139  7.360634E-04  2.027168E-04
201140 -7.467297E-04 -1.309258E-04
201141  7.582075E-04  8.591274E-05
201142 -7.734342E-04  3.392420E-05
201143  7.697150E-04 -1.192568E-04
201144 -7.572662E-04  1.908759E-04
201145  7.491646E-04 -2.265984E-04
201146 -7.711126E-04  2.097441E-04
201147  7.957717E-04 -9.190309E-05
201148 -7.866819E-04 -1.301403E-04
201149  6.835279E-04  4.200689E-04
201150 -3.230220E-04 -7.662726E-04
201151 -3.352427E-04  7.375202E-04
201152  7.920238E-04 -1.365179E-04
201153 -9.964324E-05 -7.972104E-04
201154 -8.023675E-04  7.073728E-05
201155 -1.349874E-04  7.663076E-04
201156  6.070321E-04  4.964050E-04
201157  8.006465E-04 -3.724504E-05
201158  7.048580E-04 -3.730224E-04
201159  6.326232E-04 -4.854363E-04
201160  6.962016E-04 -3.959639E-04
201161  7.991338E-04 -4.798249E-05
201162  6.193227E-04  5.096645E-04
201163 -1.178306E-04  7.799760E-04
201164 -7.871304E-04  7.002255E-05
201165 -8.360788E-05 -8.020482E-04
201166  7.770439E-04  1.023518E-04
201167 -4.661137E-04  6.203407E-04
201168 -1.860178E-04 -7.686106E-04
201169  6.107065E-04  4.653141E-04
201170 -7.623772E-04 -1.280503E-04
201171  7.523004E-04 -1.525832E-04
201172 -6.957094E-04  3.095727E-04
201173  6.476582E-04 -3.884573E-04
201174 -6.265127E-04  4.227063E-04
201175  6.242631E-04 -4.021945E-04
201176 -6.362284E-04  3.941590E-04
201177  6.420117E-04 -3.448322E-04
201178 -6.526373E-04  3.581558E-04
201179  6.260891E-04 -3.482767E-04
201180 -6.058815E-04  4.120928E-04
201181  4.998320E-04 -5.079192E-04
201182 -3.421764E-04  6.386880E-04
201183  5.779736E-05 -7.011975E-04
201184  3.371651E-04  6.221642E-04
201185 -6.606662E-04 -2.498422E-04
201186  5.904370E-04 -3.759882E-04
201187  5.885360E-05  6.964264E-04
201188 -6.969969E-04 -1.110991E-04
201189  1.280727E-04 -6.795572E-04
201190  6.859726E-04  5.833651E-06
201191  2.779165E-04  6.283073E-04
201192 -3.222321E-04  6.095609E-04
201193 -6.271252E-04  2.984547E-04
201194 -6.880743E-04  4.448358E-05
201195 -6.815959E-04 -4.225925E-05
201196 -6.831218E-04  4.961733E-05
201197 -6.192147E-04  3.077198E-04
201198 -3.109559E-04  6.156131E-04
201199  2.935324E-04  6.235724E-04
201200  7.028690E-04 -7.387380E-06
201201  1.420977E-04 -6.935541E-04
201202 -6.861464E-04 -1.228402E-04
201203  6.773179E-05  6.873982E-04
201204  5.961017E-04 -3.788760E-04
201205 -6.600829E-04 -2.462831E-04
201206  3.338752E-04  6.244467E-04
201207  5.526339E-05 -7.043095E-04
201208 -3.389621E-04  6.383276E-04
201209  5.102337E-04 -4.987747E-04
201210 -5.916826E-04  4.239321E-04
201211  6.380065E-04 -3.427994E-04
201212 -6.478136E-04  3.580946E-04
201213  6.409045E-04 -3.461193E-04
201214 -6.361970E-04  3.907686E-04
201215  6.290789E-04 -4.106264E-04
201216 -6.229236E-04  4.125176E-04
201217  6.440517E-04 -3.910760E-04
201218 -7.015735E-04  3.169667E-04
201219  7.531361E-04 -1.457802E-04
201220 -7.548005E-04 -1.306931E-04
201221  6.164139E-04  4.572877E-04
201222 -1.900299E-04 -7.755429E-04
201223 -4.804139E-04  6.153029E-04
201224  7.588751E-04  1.013310E-04
