2446
200000 200037 200038 200000 2 0 1
200001 200034 200035 200000 2 0 1
200002 200034 200033 200000 2 0 1
200003 200036 200035 200000 2 0 1
200004 200036 200037 200000 2 0 1
200005 200039 200038 200000 2 0 1
200006 200027 200028 200000 2 0 1
200007 200012 200013 200000 2 0 1
200008 200012 200011 200000 2 0 1
200009 200019 200020 200000 2 0 1
200010 200054 200053 200000 2 0 1
200011 200054 200055 200000 2 0 1
200012 200056 200057 200000 2 0 1
200013 200056 200055 200000 2 0 1
200014 200005 200006 200000 2 0 1
200015 200070 200071 200000 2 0 1
200016 200030 200031 200000 2 0 1
200017 200032 200031 200000 2 0 1
200018 200032 200033 200000 2 0 1
200019 200024 200025 200000 2 0 1
200020 200024 200023 200000 2 0 1
200021 200021 200020 200000 2 0 1
200022 200010 200011 200000 2 0 1
200023 200010 200009 200000 2 0 1
200024 200008 200009 200000 2 0 1
200025 200014 200013 200000 2 0 1
200026 200014 200015 200000 2 0 1
200027 200018 200017 200000 2 0 1
200028 200018 200019 200000 2 0 1
200029 200058 200057 200000 2 0 1
200030 200061 200060 200000 2 0 1
200031 200067 200068 200000 2 0 1
200032 200067 200066 200000 2 0 1
200033 200004 200003 200000 2 0 1
200034 200004 200005 200000 2 0 1
200035 200002 200003 200000 2 0 1
200036 200002 200001 200000 2 0 1
200037 200069 200068 200000 2 0 1
200038 200069 200070 200000 2 0 1
200039 200029 200028 200000 2 0 1
200040 200029 200030 200000 2 0 1
200041 200026 200025 200000 2 0 1
200042 200026 200027 200000 2 0 1
200043 200007 200006 200000 2 0 1
200044 200007 200008 200000 2 0 1
200045 200040 200039 200000 2 0 1
200046 200059 200060 200000 2 0 1
200047 200059 200058 200000 2 0 1
200048 200065 200066 200000 2 0 1
200049 200072 200071 200000 2 0 1
200050 200072 200001 200000 2 0 1
200051 200022 200023 200000 2 0 1
200052 200022 200021 200000 2 0 1
200053 200016 200017 200000 2 0 1
200054 200016 200015 200000 2 0 1
200055 200043 200042 200000 2 0 1
200056 200041 200042 200000 2 0 1
200057 200041 200040 200000 2 0 1
200058 200062 200063 200000 2 0 1
200059 200062 200061 200000 2 0 1
200060 200064 200063 200000 2 0 1
200061 200064 200065 200000 2 0 1
200062 200044 200045 200000 2 0 1
200063 200044 200043 200000 2 0 1
200064 200050 200049 200000 2 0 1
200065 200050 200051 200000 2 0 1
200066 200052 200053 200000 2 0 1
200067 200052 200051 200000 2 0 1
200068 200048 200049 200000 2 0 1
200069 200048 200047 200000 2 0 1
200070 200046 200045 200000 2 0 1
200071 200046 200047 200000 2 0 1
200072 200748 200677 200749 2 0 1
200073 200748 200677 200676 2 0 1
200074 201000 201073 201072 2 0 1
200075 201000 201073 201001 2 0 1
200076 201094 201165 201166 2 0 1
200077 201094 201165 201093 2 0 1
200078 201021 201094 201093 2 0 1
200079 201021 201094 201022 2 0 1
200080 200597 200526 200598 2 0 1
200081 200597 200526 200525 2 0 1
200082 200553 200552 200624 2 0 1
200083 200553 200625 200624 2 0 1
200084 200988 200915 200916 2 0 1
200085 200988 200915 200987 2 0 1
200086 200988 200989 200917 2 0 1
200087 200988 200916 200917 2 0 1
200088 201056 200985 201057 2 0 1
200089 201056 200985 200984 2 0 1
200090 200983 201056 200984 2 0 1
200091 200983 201056 201055 2 0 1
200092 201197 201126 201198 2 0 1
200093 201197 201126 201125 2 0 1
200094 201197 201125 201124 2 0 1
200095 201197 201196 201124 2 0 1
200096 201060 200988 200989 2 0 1
200097 201060 201061 200989 2 0 1
200098 201131 201204 201203 2 0 1
200099 201131 201204 201132 2 0 1
200100 200986 200915 200987 2 0 1
200101 200986 200915 200914 2 0 1
200102 200986 200985 201057 2 0 1
200103 200986 201058 201057 2 0 1
200104 201139 201211 201210 2 0 1
200105 201139 201210 201138 2 0 1
200106 201139 201211 201212 2 0 1
200107 201139 201140 201212 2 0 1
200108 200784 200711 200712 2 0 1
200109 200784 200711 200783 2 0 1
200110 201141 201213 201214 2 0 1
200111 201141 201214 201142 2 0 1
200112 201141 201213 201212 2 0 1
200113 201141 201140 201212 2 0 1
200114 200999 200928 201000 2 0 1
200115 200999 200928 200927 2 0 1
200116 200599 200526 200598 2 0 1
200117 200599 200526 200527 2 0 1
200118 201105 201177 201178 2 0 1
200119 201105 201178 201106 2 0 1
200120 201105 201177 201176 2 0 1
200121 201105 201104 201176 2 0 1
200122 201105 201034 201106 2 0 1
200123 201105 201034 201033 2 0 1
200124 201105 201032 201033 2 0 1
200125 201105 201032 201104 2 0 1
200126 201181 201108 201180 2 0 1
200127 201181 201108 201109 2 0 1
200128 201181 201182 201110 2 0 1
200129 201181 201109 201110 2 0 1
200130 201038 201039 201111 2 0 1
200131 201038 201111 201110 2 0 1
200132 200747 200748 200676 2 0 1
200133 200747 200675 200676 2 0 1
200134 200893 200964 200892 2 0 1
200135 200893 200964 200965 2 0 1
200136 200820 200891 200892 2 0 1
200137 200820 200891 200819 2 0 1
200138 200820 200893 200892 2 0 1
200139 200820 200893 200821 2 0 1
200140 200820 200747 200748 2 0 1
200141 200820 200747 200819 2 0 1
200142 200820 200748 200749 2 0 1
200143 200820 200821 200749 2 0 1
200144 200400 200329 200401 2 0 1
200145 200400 200329 200328 2 0 1
200146 200472 200400 200401 2 0 1
200147 200472 200401 200473 2 0 1
200148 201041 200969 200968 2 0 1
200149 201041 201040 200968 2 0 1
200150 201117 201190 201189 2 0 1
200151 201117 201190 201118 2 0 1
200152 201183 201182 201110 2 0 1
200153 201183 201111 201110 2 0 1
200154 200967 201040 200968 2 0 1
200155 200967 201039 201040 2 0 1
200156 201122 201193 201194 2 0 1
200157 201122 201193 201121 2 0 1
200158 201195 201122 201194 2 0 1
200159 201195 201122 201123 2 0 1
200160 201195 201196 201124 2 0 1
200161 201195 201123 201124 2 0 1
200162 201049 200976 200977 2 0 1
200163 201049 200976 201048 2 0 1
200164 201047 200974 201046 2 0 1
200165 201047 200974 200975 2 0 1
200166 201047 200976 200975 2 0 1
200167 201047 200976 201048 2 0 1
200168 201159 201160 201088 2 0 1
200169 201159 201087 201088 2 0 1
200170 201092 201165 201164 2 0 1
200171 201092 201165 201093 2 0 1
200172 201092 201163 201164 2 0 1
200173 201092 201163 201091 2 0 1
200174 200949 201021 201022 2 0 1
200175 200949 201022 200950 2 0 1
200176 200802 200875 200803 2 0 1
200177 200802 200875 200874 2 0 1
200178 200947 200875 200874 2 0 1
200179 200947 200946 200874 2 0 1
200180 201097 201168 201169 2 0 1
200181 201097 201168 201096 2 0 1
200182 201097 201170 201169 2 0 1
200183 201097 201170 201098 2 0 1
200184 201023 201094 201022 2 0 1
200185 201023 201095 201094 2 0 1
200186 200509 200581 200580 2 0 1
200187 200509 200508 200580 2 0 1
200188 200728 200657 200656 2 0 1
200189 200728 200657 200729 2 0 1
200190 200728 200656 200655 2 0 1
200191 200728 200727 200655 2 0 1
200192 201083 201154 201155 2 0 1
200193 201083 201154 201082 2 0 1
200194 200579 200652 200651 2 0 1
200195 200579 200652 200580 2 0 1
200196 200579 200508 200580 2 0 1
200197 200579 200507 200508 2 0 1
200198 200650 200579 200651 2 0 1
200199 200650 200579 200578 2 0 1
200200 200796 200867 200868 2 0 1
200201 200796 200867 200795 2 0 1
200202 201224 201223 201151 2 0 1
200203 201224 201152 201151 2 0 1
200204 201081 201154 201153 2 0 1
200205 201081 201154 201082 2 0 1
200206 201081 201224 201153 2 0 1
200207 201081 201224 201152 2 0 1
200208 201081 201010 201082 2 0 1
200209 201081 201010 201009 2 0 1
200210 201080 201081 201152 2 0 1
200211 201080 201081 201009 2 0 1
200212 201080 201152 201151 2 0 1
200213 201080 201079 201151 2 0 1
200214 201080 201079 201007 2 0 1
200215 201080 201008 201007 2 0 1
200216 200577 200650 200578 2 0 1
200217 200577 200650 200649 2 0 1
200218 200577 200720 200649 2 0 1
200219 200577 200648 200720 2 0 1
200220 200647 200719 200718 2 0 1
200221 200647 200718 200646 2 0 1
200222 200647 200648 200720 2 0 1
200223 200647 200719 200720 2 0 1
200224 200937 201010 201009 2 0 1
200225 200937 201010 200938 2 0 1
200226 200937 201080 201009 2 0 1
200227 200937 201080 201008 2 0 1
200228 200792 200719 200720 2 0 1
200229 200792 200719 200791 2 0 1
200230 200794 200867 200795 2 0 1
200231 200794 200867 200866 2 0 1
200232 200790 200719 200718 2 0 1
200233 200790 200719 200791 2 0 1
200234 200863 200790 200791 2 0 1
200235 200863 200790 200862 2 0 1
200236 200626 200698 200697 2 0 1
200237 200626 200697 200625 2 0 1
200238 200626 200627 200699 2 0 1
200239 200626 200698 200699 2 0 1
200240 200772 200700 200699 2 0 1
200241 200772 200771 200699 2 0 1
200242 200630 200702 200701 2 0 1
200243 200630 200701 200629 2 0 1
200244 200630 200631 200703 2 0 1
200245 200630 200702 200703 2 0 1
200246 200562 200491 200490 2 0 1
200247 200562 200491 200563 2 0 1
200248 200635 200562 200563 2 0 1
200249 200635 200562 200634 2 0 1
200250 200632 200559 200631 2 0 1
200251 200632 200559 200560 2 0 1
200252 200628 200701 200629 2 0 1
200253 200628 200700 200701 2 0 1
200254 200628 200627 200699 2 0 1
200255 200628 200700 200699 2 0 1
200256 200554 200553 200625 2 0 1
200257 200554 200626 200625 2 0 1
200258 200554 200626 200627 2 0 1
200259 200554 200555 200627 2 0 1
200260 201134 201206 201207 2 0 1
200261 201134 201135 201207 2 0 1
200262 200494 200423 200422 2 0 1
200263 200494 200423 200495 2 0 1
200264 200564 200491 200563 2 0 1
200265 200564 200491 200492 2 0 1
200266 200567 200494 200566 2 0 1
200267 200567 200494 200495 2 0 1
200268 201067 201139 201138 2 0 1
200269 201067 201066 201138 2 0 1
200270 201067 201139 201140 2 0 1
200271 201067 201068 201140 2 0 1
200272 201069 201070 200998 2 0 1
200273 201069 200997 200998 2 0 1
200274 201069 200997 200996 2 0 1
200275 201069 201068 200996 2 0 1
200276 201069 201070 201142 2 0 1
200277 201069 201141 201142 2 0 1
200278 201069 201141 201140 2 0 1
200279 201069 201068 201140 2 0 1
200280 200851 200780 200852 2 0 1
200281 200851 200780 200779 2 0 1
200282 200924 200851 200852 2 0 1
200283 200924 200851 200923 2 0 1
200284 200924 200852 200853 2 0 1
200285 200924 200925 200853 2 0 1
200286 200924 200997 200996 2 0 1
200287 200924 200925 200997 2 0 1
200288 200926 200999 200927 2 0 1
200289 200926 200999 200998 2 0 1
200290 200926 200997 200998 2 0 1
200291 200926 200925 200997 2 0 1
200292 200926 200855 200927 2 0 1
200293 200926 200855 200854 2 0 1
200294 200926 200925 200853 2 0 1
200295 200926 200854 200853 2 0 1
200296 200274 200201 200202 2 0 1
200297 200274 200201 200273 2 0 1
200298 200274 200275 200347 2 0 1
200299 200274 200346 200347 2 0 1
200300 201053 201126 201125 2 0 1
200301 201053 201126 201054 2 0 1
200302 200982 201053 201054 2 0 1
200303 200982 201053 200981 2 0 1
200304 200982 200983 201055 2 0 1
200305 200982 201055 201054 2 0 1
200306 201127 201056 201055 2 0 1
200307 201127 201056 201128 2 0 1
200308 201127 201126 201054 2 0 1
200309 201127 201055 201054 2 0 1
200310 201127 201200 201199 2 0 1
200311 201127 201200 201128 2 0 1
200312 201127 201199 201198 2 0 1
200313 201127 201126 201198 2 0 1
200314 200834 200905 200906 2 0 1
200315 200834 200905 200833 2 0 1
200316 201059 201131 201132 2 0 1
200317 201059 201060 201132 2 0 1
200318 201059 200986 200987 2 0 1
200319 201059 200986 201058 2 0 1
200320 201059 200988 200987 2 0 1
200321 201059 201060 200988 2 0 1
200322 201136 201208 201207 2 0 1
200323 201136 201135 201207 2 0 1
200324 200990 201061 200989 2 0 1
200325 200990 201061 201062 2 0 1
200326 201002 200930 200931 2 0 1
200327 201002 201003 200931 2 0 1
200328 201002 201073 201001 2 0 1
200329 201002 201074 201073 2 0 1
200330 201143 201215 201214 2 0 1
200331 201143 201214 201142 2 0 1
200332 201143 201215 201216 2 0 1
200333 201143 201144 201216 2 0 1
200334 201145 201074 201073 2 0 1
200335 201145 201074 201146 2 0 1
200336 201145 201073 201072 2 0 1
200337 201145 201144 201072 2 0 1
200338 201145 201217 201218 2 0 1
200339 201145 201218 201146 2 0 1
200340 201145 201217 201216 2 0 1
200341 201145 201144 201216 2 0 1
200342 201075 201002 201003 2 0 1
200343 201075 201002 201074 2 0 1
200344 200856 200928 200927 2 0 1
200345 200856 200855 200927 2 0 1
200346 200856 200784 200783 2 0 1
200347 200856 200855 200783 2 0 1
200348 200929 201002 200930 2 0 1
200349 200929 201002 201001 2 0 1
200350 200929 201000 201001 2 0 1
200351 200929 200928 201000 2 0 1
200352 200929 200856 200928 2 0 1
200353 200929 200856 200857 2 0 1
200354 201103 201175 201174 2 0 1
200355 201103 201174 201102 2 0 1
200356 201103 201175 201176 2 0 1
200357 201103 201104 201176 2 0 1
200358 201103 201032 201104 2 0 1
200359 201103 201032 201031 2 0 1
200360 200960 201032 201031 2 0 1
200361 200960 201031 200959 2 0 1
200362 200887 200960 200959 2 0 1
200363 200887 200960 200888 2 0 1
200364 200817 200889 200888 2 0 1
200365 200817 200888 200816 2 0 1
200366 200817 200745 200744 2 0 1
200367 200817 200744 200816 2 0 1
200368 200672 200599 200600 2 0 1
200369 200672 200599 200671 2 0 1
200370 200963 200890 200891 2 0 1
200371 200963 200890 200962 2 0 1
200372 200963 200964 200892 2 0 1
200373 200963 200891 200892 2 0 1
200374 201107 201179 201178 2 0 1
200375 201107 201178 201106 2 0 1
200376 201107 201179 201180 2 0 1
200377 201107 201108 201180 2 0 1
200378 201037 200964 200965 2 0 1
200379 201037 200964 201036 2 0 1
200380 201037 201108 201109 2 0 1
200381 201037 201108 201036 2 0 1
200382 201037 201109 201110 2 0 1
200383 201037 201038 201110 2 0 1
200384 200173 200246 200245 2 0 1
200385 200173 200246 200174 2 0 1
200386 200528 200599 200527 2 0 1
200387 200528 200599 200600 2 0 1
200388 200602 200603 200675 2 0 1
200389 200602 200675 200674 2 0 1
200390 200604 200675 200676 2 0 1
200391 200604 200603 200675 2 0 1
200392 200678 200677 200749 2 0 1
200393 200678 200750 200749 2 0 1
200394 200822 200893 200821 2 0 1
200395 200822 200893 200894 2 0 1
200396 200822 200821 200749 2 0 1
200397 200822 200750 200749 2 0 1
200398 200607 200534 200535 2 0 1
200399 200607 200534 200606 2 0 1
200400 200468 200395 200467 2 0 1
200401 200468 200395 200396 2 0 1
200402 200397 200468 200396 2 0 1
200403 200397 200468 200469 2 0 1
200404 200397 200398 200470 2 0 1
200405 200397 200469 200470 2 0 1
200406 200397 200324 200396 2 0 1
200407 200397 200325 200324 2 0 1
200408 200612 200684 200685 2 0 1
200409 200612 200613 200685 2 0 1
200410 200612 200683 200684 2 0 1
200411 200612 200611 200683 2 0 1
200412 200175 200246 200174 2 0 1
200413 200175 200246 200247 2 0 1
200414 200175 200248 200247 2 0 1
200415 200175 200248 200176 2 0 1
200416 200259 200331 200330 2 0 1
200417 200259 200330 200258 2 0 1
200418 200259 200260 200332 2 0 1
200419 200259 200331 200332 2 0 1
200420 200757 200684 200685 2 0 1
200421 200757 200756 200684 2 0 1
200422 200755 200683 200684 2 0 1
200423 200755 200756 200684 2 0 1
200424 200686 200757 200685 2 0 1
200425 200686 200757 200758 2 0 1
200426 200973 200902 200974 2 0 1
200427 200973 200902 200901 2 0 1
200428 200973 200900 200901 2 0 1
200429 200973 200900 200972 2 0 1
200430 200752 200824 200825 2 0 1
200431 200752 200825 200753 2 0 1
200432 200752 200681 200680 2 0 1
200433 200752 200681 200753 2 0 1
200434 201113 201185 201186 2 0 1
200435 201113 201186 201114 2 0 1
200436 201043 201115 201116 2 0 1
200437 201043 201116 201044 2 0 1
200438 201188 201117 201189 2 0 1
200439 201188 201117 201116 2 0 1
200440 201045 201117 201118 2 0 1
200441 201045 201118 201046 2 0 1
200442 201045 201116 201044 2 0 1
200443 201045 201117 201116 2 0 1
200444 201045 200974 201046 2 0 1
200445 201045 200973 200974 2 0 1
200446 201045 200973 200972 2 0 1
200447 201045 200972 201044 2 0 1
200448 200966 200893 200965 2 0 1
200449 200966 200893 200894 2 0 1
200450 200966 201037 200965 2 0 1
200451 200966 201037 201038 2 0 1
200452 200966 201038 201039 2 0 1
200453 200966 200967 201039 2 0 1
200454 201050 201122 201121 2 0 1
200455 201050 201049 201121 2 0 1
200456 201119 201190 201118 2 0 1
200457 201119 201191 201190 2 0 1
200458 201119 201047 201046 2 0 1
200459 201119 201118 201046 2 0 1
200460 201167 201094 201166 2 0 1
200461 201167 201095 201094 2 0 1
200462 201167 201168 201096 2 0 1
200463 201167 201095 201096 2 0 1
200464 201090 201163 201091 2 0 1
200465 201090 201163 201162 2 0 1
200466 201020 201092 201091 2 0 1
200467 201020 201091 201019 2 0 1
200468 201020 201021 201093 2 0 1
200469 201020 201092 201093 2 0 1
200470 200730 200802 200803 2 0 1
200471 200730 200803 200731 2 0 1
200472 200730 200659 200658 2 0 1
200473 200730 200659 200731 2 0 1
200474 200730 200657 200729 2 0 1
200475 200730 200657 200658 2 0 1
200476 200873 200946 200874 2 0 1
200477 200873 200946 200945 2 0 1
200478 200873 200944 200945 2 0 1
200479 200873 200944 200872 2 0 1
200480 200948 200947 200875 2 0 1
200481 200948 200875 200876 2 0 1
200482 200948 200949 201021 2 0 1
200483 200948 201020 201021 2 0 1
200484 200948 201020 201019 2 0 1
200485 200948 200947 201019 2 0 1
200486 201025 200954 200953 2 0 1
200487 201025 200954 201026 2 0 1
200488 201025 201097 201098 2 0 1
200489 201025 201098 201026 2 0 1
200490 201099 201170 201171 2 0 1
200491 201099 201170 201098 2 0 1
200492 201099 201172 201171 2 0 1
200493 201099 201172 201100 2 0 1
200494 201101 201174 201173 2 0 1
200495 201101 201174 201102 2 0 1
200496 201101 201172 201173 2 0 1
200497 201101 201172 201100 2 0 1
200498 200958 200887 200959 2 0 1
200499 200958 200887 200886 2 0 1
200500 200958 200957 200885 2 0 1
200501 200958 200886 200885 2 0 1
200502 200438 200511 200439 2 0 1
200503 200438 200511 200510 2 0 1
200504 200653 200581 200580 2 0 1
200505 200653 200652 200580 2 0 1
200506 200582 200509 200581 2 0 1
200507 200582 200509 200510 2 0 1
200508 200582 200511 200510 2 0 1
200509 200582 200511 200583 2 0 1
200510 200582 200653 200581 2 0 1
200511 200582 200653 200654 2 0 1
200512 200582 200654 200655 2 0 1
200513 200582 200583 200655 2 0 1
200514 200584 200583 200655 2 0 1
200515 200584 200656 200655 2 0 1
200516 200943 200872 200871 2 0 1
200517 200943 200944 200872 2 0 1
200518 200367 200438 200439 2 0 1
200519 200367 200438 200366 2 0 1
200520 200440 200367 200439 2 0 1
200521 200440 200367 200368 2 0 1
200522 200517 200446 200518 2 0 1
200523 200517 200446 200445 2 0 1
200524 200587 200659 200658 2 0 1
200525 200587 200586 200658 2 0 1
200526 200304 200375 200376 2 0 1
200527 200304 200375 200303 2 0 1
200528 200150 200078 200079 2 0 1
200529 200150 200151 200079 2 0 1
200530 200150 200151 200223 2 0 1
200531 200150 200222 200223 2 0 1
200532 200351 200423 200422 2 0 1
200533 200351 200350 200422 2 0 1
200534 200424 200423 200495 2 0 1
200535 200424 200496 200495 2 0 1
200536 200424 200351 200423 2 0 1
200537 200424 200351 200352 2 0 1
200538 200642 200570 200569 2 0 1
200539 200642 200641 200569 2 0 1
200540 200571 200642 200570 2 0 1
200541 200571 200642 200643 2 0 1
200542 200498 200570 200569 2 0 1
200543 200498 200497 200569 2 0 1
200544 200498 200571 200570 2 0 1
200545 200498 200571 200499 2 0 1
200546 200500 200571 200499 2 0 1
200547 200500 200571 200572 2 0 1
200548 200500 200427 200428 2 0 1
200549 200500 200499 200427 2 0 1
200550 200576 200433 200504 2 0 1
200551 200576 200433 200505 2 0 1
200552 200576 200577 200648 2 0 1
200553 200576 200577 200505 2 0 1
200554 201156 201083 201155 2 0 1
200555 201156 201083 201084 2 0 1
200556 200726 200798 200797 2 0 1
200557 200726 200797 200725 2 0 1
200558 200726 200653 200654 2 0 1
200559 200726 200653 200725 2 0 1
200560 200726 200727 200655 2 0 1
200561 200726 200654 200655 2 0 1
200562 200870 200943 200871 2 0 1
200563 200870 200943 200942 2 0 1
200564 200724 200653 200652 2 0 1
200565 200724 200653 200725 2 0 1
200566 200724 200797 200725 2 0 1
200567 200724 200796 200797 2 0 1
200568 201006 201079 201007 2 0 1
200569 201006 201078 201079 2 0 1
200570 201006 201078 201077 2 0 1
200571 201006 201005 201077 2 0 1
200572 201220 201149 201221 2 0 1
200573 201220 201149 201148 2 0 1
200574 201147 201219 201218 2 0 1
200575 201147 201218 201146 2 0 1
200576 201147 201220 201219 2 0 1
200577 201147 201220 201148 2 0 1
200578 201147 201074 201146 2 0 1
200579 201147 201075 201074 2 0 1
200580 200865 200937 200938 2 0 1
200581 200865 200938 200866 2 0 1
200582 200865 200937 201008 2 0 1
200583 200865 201008 200936 2 0 1
200584 200865 200794 200866 2 0 1
200585 200865 200794 200793 2 0 1
200586 200721 200650 200649 2 0 1
200587 200721 200650 200722 2 0 1
200588 200721 200720 200649 2 0 1
200589 200721 200792 200720 2 0 1
200590 200721 200794 200793 2 0 1
200591 200721 200794 200722 2 0 1
200592 200789 200716 200717 2 0 1
200593 200789 200716 200788 2 0 1
200594 200789 200790 200718 2 0 1
200595 200789 200717 200718 2 0 1
200596 200859 200860 200788 2 0 1
200597 200859 200787 200788 2 0 1
200598 200933 201006 201005 2 0 1
200599 200933 201006 200934 2 0 1
200600 200935 200863 200862 2 0 1
200601 200935 200862 200934 2 0 1
200602 200935 201008 201007 2 0 1
200603 200935 201008 200936 2 0 1
200604 200935 201006 201007 2 0 1
200605 200935 201006 200934 2 0 1
200606 200864 200865 200936 2 0 1
200607 200864 200865 200793 2 0 1
200608 200864 200935 200863 2 0 1
200609 200864 200935 200936 2 0 1
200610 200864 200721 200792 2 0 1
200611 200864 200721 200793 2 0 1
200612 200864 200792 200791 2 0 1
200613 200864 200863 200791 2 0 1
200614 200480 200553 200552 2 0 1
200615 200480 200553 200481 2 0 1
200616 200480 200551 200552 2 0 1
200617 200480 200551 200479 2 0 1
200618 200623 200622 200694 2 0 1
200619 200623 200695 200694 2 0 1
200620 200623 200552 200624 2 0 1
200621 200623 200551 200552 2 0 1
200622 200770 200698 200699 2 0 1
200623 200770 200771 200699 2 0 1
200624 200913 200986 200914 2 0 1
200625 200913 200986 200985 2 0 1
200626 200911 200982 200983 2 0 1
200627 200911 200982 200910 2 0 1
200628 200696 200625 200624 2 0 1
200629 200696 200697 200625 2 0 1
200630 200696 200623 200695 2 0 1
200631 200696 200623 200624 2 0 1
200632 200767 200695 200694 2 0 1
200633 200767 200766 200694 2 0 1
200634 200767 200696 200695 2 0 1
200635 200767 200696 200768 2 0 1
200636 200767 200839 200840 2 0 1
200637 200767 200768 200840 2 0 1
200638 200760 200832 200831 2 0 1
200639 200760 200759 200831 2 0 1
200640 200760 200832 200833 2 0 1
200641 200760 200761 200833 2 0 1
200642 200760 200689 200688 2 0 1
200643 200760 200761 200689 2 0 1
200644 200835 200834 200906 2 0 1
200645 200835 200906 200907 2 0 1
200646 200909 200982 200981 2 0 1
200647 200909 200982 200910 2 0 1
200648 200838 200767 200766 2 0 1
200649 200838 200767 200839 2 0 1
200650 200838 200911 200910 2 0 1
200651 200838 200911 200839 2 0 1
200652 200838 200909 200837 2 0 1
200653 200838 200909 200910 2 0 1
200654 200765 200838 200766 2 0 1
200655 200765 200838 200837 2 0 1
200656 200844 200772 200771 2 0 1
200657 200844 200771 200843 2 0 1
200658 200844 200915 200916 2 0 1
200659 200844 200915 200843 2 0 1
200660 200844 200916 200917 2 0 1
200661 200844 200845 200917 2 0 1
200662 200773 200772 200700 2 0 1
200663 200773 200700 200701 2 0 1
200664 200773 200702 200701 2 0 1
200665 200773 200774 200702 2 0 1
200666 200773 200844 200772 2 0 1
200667 200773 200844 200845 2 0 1
200668 200775 200702 200703 2 0 1
200669 200775 200774 200702 2 0 1
200670 200846 200773 200774 2 0 1
200671 200846 200773 200845 2 0 1
200672 200558 200630 200631 2 0 1
200673 200558 200559 200631 2 0 1
200674 200707 200778 200706 2 0 1
200675 200707 200778 200779 2 0 1
200676 200707 200635 200634 2 0 1
200677 200707 200634 200706 2 0 1
200678 200705 200778 200706 2 0 1
200679 200705 200778 200777 2 0 1
200680 200633 200634 200706 2 0 1
200681 200633 200705 200706 2 0 1
200682 200345 200274 200273 2 0 1
200683 200345 200274 200346 2 0 1
200684 200272 200345 200273 2 0 1
200685 200272 200345 200344 2 0 1
200686 200341 200268 200340 2 0 1
200687 200341 200268 200269 2 0 1
200688 200270 200341 200269 2 0 1
200689 200270 200341 200342 2 0 1
200690 201133 201204 201205 2 0 1
200691 201133 201204 201132 2 0 1
200692 201133 201206 201205 2 0 1
200693 201133 201134 201206 2 0 1
200694 201133 201060 201061 2 0 1
200695 201133 201060 201132 2 0 1
200696 201133 201061 201062 2 0 1
200697 201133 201134 201062 2 0 1
200698 200565 200637 200638 2 0 1
200699 200565 200566 200638 2 0 1
200700 200568 200497 200569 2 0 1
200701 200568 200496 200497 2 0 1
200702 200568 200567 200495 2 0 1
200703 200568 200496 200495 2 0 1
200704 200781 200780 200852 2 0 1
200705 200781 200852 200853 2 0 1
200706 200995 200924 200923 2 0 1
200707 200995 200924 200996 2 0 1
200708 200995 201067 201068 2 0 1
200709 200995 201068 200996 2 0 1
200710 200850 200851 200779 2 0 1
200711 200850 200778 200779 2 0 1
200712 200349 200350 200422 2 0 1
200713 200349 200421 200422 2 0 1
200714 200339 200268 200340 2 0 1
200715 200339 200268 200267 2 0 1
200716 201052 201053 200981 2 0 1
200717 201052 200981 200980 2 0 1
200718 201052 201125 201124 2 0 1
200719 201052 201053 201125 2 0 1
200720 200904 200905 200833 2 0 1
200721 200904 200832 200833 2 0 1
200722 200904 200976 200977 2 0 1
200723 200904 200905 200977 2 0 1
200724 200762 200835 200834 2 0 1
200725 200762 200835 200763 2 0 1
200726 200762 200834 200833 2 0 1
200727 200762 200761 200833 2 0 1
200728 200762 200691 200690 2 0 1
200729 200762 200763 200691 2 0 1
200730 200762 200761 200689 2 0 1
200731 200762 200689 200690 2 0 1
200732 201130 201059 201131 2 0 1
200733 201130 201059 201058 2 0 1
200734 201130 201131 201203 2 0 1
200735 201130 201202 201203 2 0 1
200736 201137 201209 201210 2 0 1
200737 201137 201210 201138 2 0 1
200738 201137 201208 201209 2 0 1
200739 201137 201136 201208 2 0 1
200740 201137 201066 201138 2 0 1
200741 201137 201065 201066 2 0 1
200742 201063 201134 201135 2 0 1
200743 201063 201134 201062 2 0 1
200744 200918 200989 200917 2 0 1
200745 200918 200990 200989 2 0 1
200746 200918 200845 200917 2 0 1
200747 200918 200846 200845 2 0 1
200748 200785 200784 200712 2 0 1
200749 200785 200713 200712 2 0 1
200750 200785 200856 200784 2 0 1
200751 200785 200856 200857 2 0 1
200752 201071 201143 201144 2 0 1
200753 201071 201144 201072 2 0 1
200754 201071 201070 201142 2 0 1
200755 201071 201143 201142 2 0 1
200756 201071 201000 201072 2 0 1
200757 201071 200999 201000 2 0 1
200758 201071 201070 200998 2 0 1
200759 201071 200999 200998 2 0 1
200760 201076 201005 201077 2 0 1
200761 201076 201005 201004 2 0 1
200762 201076 201075 201003 2 0 1
200763 201076 201003 201004 2 0 1
200764 201076 201149 201148 2 0 1
200765 201076 201149 201077 2 0 1
200766 201076 201147 201148 2 0 1
200767 201076 201147 201075 2 0 1
200768 200961 201034 201033 2 0 1
200769 200961 201034 200962 2 0 1
200770 200961 201032 201033 2 0 1
200771 200961 200960 201032 2 0 1
200772 200961 200890 200962 2 0 1
200773 200961 200890 200889 2 0 1
200774 200961 200960 200888 2 0 1
200775 200961 200889 200888 2 0 1
200776 200743 200672 200671 2 0 1
200777 200743 200672 200744 2 0 1
200778 200813 200886 200885 2 0 1
200779 200813 200814 200886 2 0 1
200780 200818 200891 200819 2 0 1
200781 200818 200890 200891 2 0 1
200782 200818 200817 200889 2 0 1
200783 200818 200890 200889 2 0 1
200784 200673 200602 200674 2 0 1
200785 200673 200602 200601 2 0 1
200786 200673 200672 200600 2 0 1
200787 200673 200601 200600 2 0 1
200788 200673 200745 200744 2 0 1
200789 200673 200672 200744 2 0 1
200790 201035 201107 201108 2 0 1
200791 201035 201108 201036 2 0 1
200792 201035 201034 201106 2 0 1
200793 201035 201107 201106 2 0 1
200794 201035 200963 200964 2 0 1
200795 201035 200964 201036 2 0 1
200796 201035 200963 200962 2 0 1
200797 201035 201034 200962 2 0 1
200798 200101 200172 200173 2 0 1
200799 200101 200172 200100 2 0 1
200800 200456 200528 200527 2 0 1
200801 200456 200455 200527 2 0 1
200802 200454 200526 200525 2 0 1
200803 200454 200453 200525 2 0 1
200804 200454 200526 200527 2 0 1
200805 200454 200455 200527 2 0 1
200806 200383 200456 200455 2 0 1
200807 200383 200456 200384 2 0 1
200808 200383 200454 200455 2 0 1
200809 200383 200454 200382 2 0 1
200810 200307 200379 200378 2 0 1
200811 200307 200378 200306 2 0 1
200812 200380 200379 200451 2 0 1
200813 200380 200452 200451 2 0 1
200814 200466 200395 200394 2 0 1
200815 200466 200395 200467 2 0 1
200816 200466 200465 200393 2 0 1
200817 200466 200394 200393 2 0 1
200818 200537 200466 200465 2 0 1
200819 200537 200466 200538 2 0 1
200820 200530 200602 200603 2 0 1
200821 200530 200531 200603 2 0 1
200822 200605 200678 200677 2 0 1
200823 200605 200678 200606 2 0 1
200824 200605 200677 200676 2 0 1
200825 200605 200604 200676 2 0 1
200826 200605 200534 200606 2 0 1
200827 200605 200534 200533 2 0 1
200828 200532 200605 200604 2 0 1
200829 200532 200605 200533 2 0 1
200830 200532 200604 200603 2 0 1
200831 200532 200531 200603 2 0 1
200832 200464 200537 200536 2 0 1
200833 200464 200537 200465 2 0 1
200834 200464 200535 200536 2 0 1
200835 200464 200463 200535 2 0 1
200836 200895 200966 200894 2 0 1
200837 200895 200966 200967 2 0 1
200838 200679 200607 200606 2 0 1
200839 200679 200678 200606 2 0 1
200840 200679 200752 200680 2 0 1
200841 200679 200752 200751 2 0 1
200842 200679 200678 200750 2 0 1
200843 200679 200750 200751 2 0 1
200844 200322 200394 200393 2 0 1
200845 200322 200321 200393 2 0 1
200846 200539 200466 200467 2 0 1
200847 200539 200466 200538 2 0 1
200848 200539 200611 200610 2 0 1
200849 200539 200538 200610 2 0 1
200850 200327 200400 200328 2 0 1
200851 200327 200399 200400 2 0 1
200852 200105 200034 200033 2 0 1
200853 200105 200034 200106 2 0 1
200854 200107 200034 200106 2 0 1
200855 200107 200034 200035 2 0 1
200856 200249 200248 200320 2 0 1
200857 200249 200320 200321 2 0 1
200858 200036 200107 200035 2 0 1
200859 200036 200107 200108 2 0 1
200860 200265 200264 200336 2 0 1
200861 200265 200337 200336 2 0 1
200862 200196 200268 200267 2 0 1
200863 200196 200195 200267 2 0 1
200864 200196 200268 200269 2 0 1
200865 200196 200197 200269 2 0 1
200866 200196 200125 200124 2 0 1
200867 200196 200197 200125 2 0 1
200868 200132 200205 200204 2 0 1
200869 200132 200205 200133 2 0 1
200870 200294 200367 200366 2 0 1
200871 200294 200367 200295 2 0 1
200872 200294 200222 200223 2 0 1
200873 200294 200295 200223 2 0 1
200874 200826 200897 200898 2 0 1
200875 200826 200897 200825 2 0 1
200876 200754 200825 200753 2 0 1
200877 200754 200826 200825 2 0 1
200878 200614 200613 200685 2 0 1
200879 200614 200686 200685 2 0 1
200880 200543 200614 200542 2 0 1
200881 200543 200614 200615 2 0 1
200882 200687 200616 200615 2 0 1
200883 200687 200616 200688 2 0 1
200884 200687 200614 200686 2 0 1
200885 200687 200614 200615 2 0 1
200886 200687 200760 200759 2 0 1
200887 200687 200760 200688 2 0 1
200888 200687 200686 200758 2 0 1
200889 200687 200758 200759 2 0 1
200890 200617 200689 200690 2 0 1
200891 200617 200618 200690 2 0 1
200892 200617 200689 200688 2 0 1
200893 200617 200616 200688 2 0 1
200894 200617 200546 200618 2 0 1
200895 200617 200546 200545 2 0 1
200896 200830 200902 200901 2 0 1
200897 200830 200829 200901 2 0 1
200898 200830 200759 200831 2 0 1
200899 200830 200758 200759 2 0 1
200900 200830 200757 200758 2 0 1
200901 200830 200757 200829 2 0 1
200902 200828 200757 200756 2 0 1
200903 200828 200757 200829 2 0 1
200904 200828 200900 200901 2 0 1
200905 200828 200829 200901 2 0 1
200906 201112 201183 201184 2 0 1
200907 201112 201183 201111 2 0 1
200908 201112 201185 201184 2 0 1
200909 201112 201113 201185 2 0 1
200910 201112 201039 201111 2 0 1
200911 201112 201039 201040 2 0 1
200912 201112 201041 201040 2 0 1
200913 201112 201113 201041 2 0 1
200914 201042 201113 201114 2 0 1
200915 201042 201113 201041 2 0 1
200916 201042 201043 201115 2 0 1
200917 201042 201115 201114 2 0 1
200918 200971 200900 200972 2 0 1
200919 200971 200900 200899 2 0 1
200920 200971 201043 201044 2 0 1
200921 200971 200972 201044 2 0 1
200922 201187 201208 201207 2 0 1
200923 201187 201185 201184 2 0 1
200924 201187 201199 201198 2 0 1
200925 201187 201195 201194 2 0 1
200926 201187 201188 201189 2 0 1
200927 201187 201222 201221 2 0 1
200928 201187 201175 201176 2 0 1
200929 201187 201163 201162 2 0 1
200930 201187 201206 201207 2 0 1
200931 201187 201167 201166 2 0 1
200932 201187 201157 201158 2 0 1
200933 201187 201217 201216 2 0 1
200934 201187 201202 201203 2 0 1
200935 201187 201204 201203 2 0 1
200936 201187 201165 201166 2 0 1
200937 201187 201211 201212 2 0 1
200938 201187 201190 201189 2 0 1
200939 201187 201159 201158 2 0 1
200940 201187 201156 201155 2 0 1
200941 201187 201200 201201 2 0 1
200942 201187 201215 201216 2 0 1
200943 201187 201213 201212 2 0 1
200944 201187 201179 201180 2 0 1
200945 201187 201177 201176 2 0 1
200946 201187 201193 201194 2 0 1
200947 201187 201168 201169 2 0 1
200948 201187 201170 201171 2 0 1
200949 201187 201154 201153 2 0 1
200950 201187 201191 201192 2 0 1
200951 201187 201197 201198 2 0 1
200952 201187 201206 201205 2 0 1
200953 201187 201209 201210 2 0 1
200954 201187 201211 201210 2 0 1
200955 201187 201204 201205 2 0 1
200956 201187 201224 201153 2 0 1
200957 201187 201215 201214 2 0 1
200958 201187 201213 201214 2 0 1
200959 201187 201174 201173 2 0 1
200960 201187 201181 201180 2 0 1
200961 201187 201179 201178 2 0 1
200962 201187 201177 201178 2 0 1
200963 201187 201185 201186 2 0 1
200964 201187 201183 201184 2 0 1
200965 201187 201193 201192 2 0 1
200966 201187 201165 201164 2 0 1
200967 201187 201161 201162 2 0 1
200968 201187 201154 201155 2 0 1
200969 201187 201222 201223 2 0 1
200970 201187 201197 201196 2 0 1
200971 201187 201200 201199 2 0 1
200972 201187 201208 201209 2 0 1
200973 201187 201217 201218 2 0 1
200974 201187 201175 201174 2 0 1
200975 201187 201181 201182 2 0 1
200976 201187 201183 201182 2 0 1
200977 201187 201191 201190 2 0 1
200978 201187 201195 201196 2 0 1
200979 201187 201161 201160 2 0 1
200980 201187 201159 201160 2 0 1
200981 201187 201163 201164 2 0 1
200982 201187 201170 201169 2 0 1
200983 201187 201172 201171 2 0 1
200984 201187 201224 201223 2 0 1
200985 201187 201219 201218 2 0 1
200986 201187 201202 201201 2 0 1
200987 201187 201220 201221 2 0 1
200988 201187 201167 201168 2 0 1
200989 201187 201172 201173 2 0 1
200990 201187 201156 201157 2 0 1
200991 201187 201220 201219 2 0 1
200992 201187 201186 201114 2 0 1
200993 201187 201115 201114 2 0 1
200994 201187 201115 201116 2 0 1
200995 201187 201188 201116 2 0 1
200996 200978 200905 200906 2 0 1
200997 200978 200905 200977 2 0 1
200998 200978 201049 200977 2 0 1
200999 200978 201050 201049 2 0 1
201000 201120 201193 201192 2 0 1
201001 201120 201193 201121 2 0 1
201002 201120 201191 201192 2 0 1
201003 201120 201119 201191 2 0 1
201004 201120 201049 201048 2 0 1
201005 201120 201049 201121 2 0 1
201006 201120 201047 201048 2 0 1
201007 201120 201119 201047 2 0 1
201008 201089 201161 201160 2 0 1
201009 201089 201160 201088 2 0 1
201010 201089 201161 201162 2 0 1
201011 201089 201090 201162 2 0 1
201012 201085 201156 201157 2 0 1
201013 201085 201156 201084 2 0 1
201014 201024 201023 201095 2 0 1
201015 201024 201095 201096 2 0 1
201016 201024 201097 201096 2 0 1
201017 201024 201025 201097 2 0 1
201018 201027 201098 201026 2 0 1
201019 201027 201099 201098 2 0 1
201020 201027 201099 201100 2 0 1
201021 201027 201100 201028 2 0 1
201022 201027 200954 201026 2 0 1
201023 201027 200955 200954 2 0 1
201024 201027 200956 201028 2 0 1
201025 201027 200956 200955 2 0 1
201026 201030 201103 201102 2 0 1
201027 201030 201103 201031 2 0 1
201028 201030 201031 200959 2 0 1
201029 201030 200958 200959 2 0 1
201030 200506 200577 200578 2 0 1
201031 200506 200577 200505 2 0 1
201032 200506 200579 200507 2 0 1
201033 200506 200579 200578 2 0 1
201034 200434 200433 200505 2 0 1
201035 200434 200506 200505 2 0 1
201036 200365 200294 200366 2 0 1
201037 200365 200294 200293 2 0 1
201038 200365 200364 200292 2 0 1
201039 200365 200293 200292 2 0 1
201040 200585 200657 200658 2 0 1
201041 200585 200586 200658 2 0 1
201042 200585 200657 200656 2 0 1
201043 200585 200584 200656 2 0 1
201044 201015 200943 200944 2 0 1
201045 201015 200944 201016 2 0 1
201046 201015 200943 200942 2 0 1
201047 201015 201014 200942 2 0 1
201048 201015 201087 201088 2 0 1
201049 201015 201016 201088 2 0 1
201050 200799 200726 200798 2 0 1
201051 200799 200726 200727 2 0 1
201052 200799 200728 200727 2 0 1
201053 200799 200800 200728 2 0 1
201054 200799 200870 200871 2 0 1
201055 200799 200870 200798 2 0 1
201056 200799 200872 200871 2 0 1
201057 200799 200800 200872 2 0 1
201058 200801 200802 200874 2 0 1
201059 200801 200873 200874 2 0 1
201060 200801 200873 200872 2 0 1
201061 200801 200800 200872 2 0 1
201062 200801 200730 200802 2 0 1
201063 200801 200730 200729 2 0 1
201064 200801 200728 200729 2 0 1
201065 200801 200800 200728 2 0 1
201066 200589 200517 200516 2 0 1
201067 200589 200516 200588 2 0 1
201068 200589 200517 200518 2 0 1
201069 200589 200590 200518 2 0 1
201070 200882 200955 200954 2 0 1
201071 200882 200955 200883 2 0 1
201072 200882 200811 200883 2 0 1
201073 200882 200811 200810 2 0 1
201074 200951 201022 200950 2 0 1
201075 200951 201023 201022 2 0 1
201076 200877 200948 200876 2 0 1
201077 200877 200948 200949 2 0 1
201078 200441 200440 200368 2 0 1
201079 200441 200368 200369 2 0 1
201080 200512 200441 200440 2 0 1
201081 200512 200441 200513 2 0 1
201082 200512 200511 200439 2 0 1
201083 200512 200440 200439 2 0 1
201084 200512 200585 200584 2 0 1
201085 200512 200585 200513 2 0 1
201086 200512 200511 200583 2 0 1
201087 200512 200584 200583 2 0 1
201088 200514 200585 200513 2 0 1
201089 200514 200585 200586 2 0 1
201090 200514 200441 200513 2 0 1
201091 200514 200441 200442 2 0 1
201092 200450 200379 200378 2 0 1
201093 200450 200379 200451 2 0 1
201094 200450 200377 200378 2 0 1
201095 200450 200449 200377 2 0 1
201096 200519 200590 200518 2 0 1
201097 200519 200591 200590 2 0 1
201098 200444 200517 200445 2 0 1
201099 200444 200517 200516 2 0 1
201100 200373 200446 200445 2 0 1
201101 200373 200446 200374 2 0 1
201102 200373 200444 200445 2 0 1
201103 200373 200444 200372 2 0 1
201104 200300 200373 200372 2 0 1
201105 200300 200373 200301 2 0 1
201106 200371 200444 200372 2 0 1
201107 200371 200444 200443 2 0 1
201108 200371 200300 200372 2 0 1
201109 200371 200300 200299 2 0 1
201110 200296 200367 200368 2 0 1
201111 200296 200367 200295 2 0 1
201112 200448 200449 200377 2 0 1
201113 200448 200377 200376 2 0 1
201114 200305 200378 200306 2 0 1
201115 200305 200377 200378 2 0 1
201116 200305 200304 200376 2 0 1
201117 200305 200377 200376 2 0 1
201118 200083 200155 200156 2 0 1
201119 200083 200156 200084 2 0 1
201120 200302 200373 200374 2 0 1
201121 200302 200373 200301 2 0 1
201122 200302 200375 200303 2 0 1
201123 200302 200375 200374 2 0 1
201124 200279 200351 200350 2 0 1
201125 200279 200350 200278 2 0 1
201126 200279 200351 200352 2 0 1
201127 200279 200280 200352 2 0 1
201128 200355 200427 200428 2 0 1
201129 200355 200356 200428 2 0 1
201130 200426 200355 200427 2 0 1
201131 200426 200355 200354 2 0 1
201132 200426 200499 200427 2 0 1
201133 200426 200498 200499 2 0 1
201134 200714 200785 200713 2 0 1
201135 200714 200785 200786 2 0 1
201136 200714 200642 200641 2 0 1
201137 200714 200641 200713 2 0 1
201138 200501 200500 200428 2 0 1
201139 200501 200429 200428 2 0 1
201140 200501 200574 200502 2 0 1
201141 200501 200573 200574 2 0 1
201142 200501 200500 200572 2 0 1
201143 200501 200573 200572 2 0 1
201144 200644 200571 200572 2 0 1
201145 200644 200571 200643 2 0 1
201146 200575 200647 200646 2 0 1
201147 200575 200574 200646 2 0 1
201148 200575 200647 200648 2 0 1
201149 200575 200576 200648 2 0 1
201150 200869 200870 200942 2 0 1
201151 200869 200942 200941 2 0 1
201152 200869 200796 200868 2 0 1
201153 200869 200796 200797 2 0 1
201154 200869 200798 200797 2 0 1
201155 200869 200870 200798 2 0 1
201156 200723 200650 200651 2 0 1
201157 200723 200650 200722 2 0 1
201158 200723 200652 200651 2 0 1
201159 200723 200724 200652 2 0 1
201160 200723 200794 200795 2 0 1
201161 200723 200794 200722 2 0 1
201162 200723 200796 200795 2 0 1
201163 200723 200724 200796 2 0 1
201164 201011 201083 201082 2 0 1
201165 201011 201010 201082 2 0 1
201166 201011 201083 201084 2 0 1
201167 201011 201012 201084 2 0 1
201168 200940 200869 200941 2 0 1
201169 200940 200869 200868 2 0 1
201170 201150 201222 201223 2 0 1
201171 201150 201223 201151 2 0 1
201172 201150 201222 201221 2 0 1
201173 201150 201149 201221 2 0 1
201174 201150 201079 201151 2 0 1
201175 201150 201078 201079 2 0 1
201176 201150 201078 201077 2 0 1
201177 201150 201149 201077 2 0 1
201178 200861 200790 200862 2 0 1
201179 200861 200789 200790 2 0 1
201180 200861 200789 200788 2 0 1
201181 200861 200860 200788 2 0 1
201182 200861 200933 200934 2 0 1
201183 200861 200862 200934 2 0 1
201184 200858 200785 200857 2 0 1
201185 200858 200785 200786 2 0 1
201186 200858 200859 200787 2 0 1
201187 200858 200786 200787 2 0 1
201188 200858 200929 200930 2 0 1
201189 200858 200929 200857 2 0 1
201190 200858 200930 200931 2 0 1
201191 200858 200859 200931 2 0 1
201192 200932 200859 200860 2 0 1
201193 200932 200859 200931 2 0 1
201194 200932 200861 200860 2 0 1
201195 200932 200861 200933 2 0 1
201196 200932 201003 200931 2 0 1
201197 200932 201003 201004 2 0 1
201198 200932 200933 201005 2 0 1
201199 200932 201005 201004 2 0 1
201200 200474 200546 200545 2 0 1
201201 200474 200545 200473 2 0 1
201202 200474 200546 200547 2 0 1
201203 200474 200475 200547 2 0 1
201204 200621 200548 200620 2 0 1
201205 200621 200548 200549 2 0 1
201206 200619 200691 200690 2 0 1
201207 200619 200618 200690 2 0 1
201208 200619 200691 200692 2 0 1
201209 200619 200620 200692 2 0 1
201210 200619 200546 200618 2 0 1
201211 200619 200546 200547 2 0 1
201212 200619 200548 200620 2 0 1
201213 200619 200548 200547 2 0 1
201214 200842 200770 200771 2 0 1
201215 200842 200771 200843 2 0 1
201216 200842 200915 200914 2 0 1
201217 200842 200915 200843 2 0 1
201218 200842 200913 200914 2 0 1
201219 200842 200913 200841 2 0 1
201220 200769 200696 200697 2 0 1
201221 200769 200696 200768 2 0 1
201222 200769 200698 200697 2 0 1
201223 200769 200770 200698 2 0 1
201224 200769 200768 200840 2 0 1
201225 200769 200841 200840 2 0 1
201226 200769 200842 200770 2 0 1
201227 200769 200842 200841 2 0 1
201228 200912 200985 200984 2 0 1
201229 200912 200913 200985 2 0 1
201230 200912 200983 200984 2 0 1
201231 200912 200911 200983 2 0 1
201232 200912 200913 200841 2 0 1
201233 200912 200841 200840 2 0 1
201234 200912 200839 200840 2 0 1
201235 200912 200911 200839 2 0 1
201236 200908 200909 200981 2 0 1
201237 200908 200981 200980 2 0 1
201238 200836 200909 200837 2 0 1
201239 200836 200908 200909 2 0 1
201240 200836 200835 200907 2 0 1
201241 200836 200908 200907 2 0 1
201242 200847 200920 200919 2 0 1
201243 200847 200920 200848 2 0 1
201244 200847 200918 200846 2 0 1
201245 200847 200918 200919 2 0 1
201246 200847 200776 200848 2 0 1
201247 200847 200775 200776 2 0 1
201248 200847 200775 200774 2 0 1
201249 200847 200846 200774 2 0 1
201250 200556 200628 200627 2 0 1
201251 200556 200555 200627 2 0 1
201252 200487 200559 200560 2 0 1
201253 200487 200488 200560 2 0 1
201254 200487 200416 200488 2 0 1
201255 200487 200415 200416 2 0 1
201256 200704 200631 200703 2 0 1
201257 200704 200632 200631 2 0 1
201258 200704 200633 200705 2 0 1
201259 200704 200633 200632 2 0 1
201260 200704 200775 200703 2 0 1
201261 200704 200775 200776 2 0 1
201262 200704 200705 200777 2 0 1
201263 200704 200776 200777 2 0 1
201264 200561 200632 200560 2 0 1
201265 200561 200633 200632 2 0 1
201266 200561 200562 200634 2 0 1
201267 200561 200633 200634 2 0 1
201268 200561 200488 200560 2 0 1
201269 200561 200489 200488 2 0 1
201270 200561 200562 200490 2 0 1
201271 200561 200489 200490 2 0 1
201272 200420 200349 200421 2 0 1
201273 200420 200349 200348 2 0 1
201274 200420 200348 200347 2 0 1
201275 200420 200419 200347 2 0 1
201276 200420 200491 200492 2 0 1
201277 200420 200419 200491 2 0 1
201278 200417 200489 200488 2 0 1
201279 200417 200416 200488 2 0 1
201280 200417 200345 200344 2 0 1
201281 200417 200416 200344 2 0 1
201282 200636 200635 200563 2 0 1
201283 200636 200564 200563 2 0 1
201284 200636 200565 200637 2 0 1
201285 200636 200565 200564 2 0 1
201286 200493 200564 200492 2 0 1
201287 200493 200565 200564 2 0 1
201288 200493 200494 200566 2 0 1
201289 200493 200565 200566 2 0 1
201290 200493 200420 200421 2 0 1
201291 200493 200420 200492 2 0 1
201292 200493 200494 200422 2 0 1
201293 200493 200421 200422 2 0 1
201294 200640 200641 200713 2 0 1
201295 200640 200713 200712 2 0 1
201296 200640 200641 200569 2 0 1
201297 200640 200568 200569 2 0 1
201298 200782 200855 200854 2 0 1
201299 200782 200855 200783 2 0 1
201300 200782 200854 200853 2 0 1
201301 200782 200781 200853 2 0 1
201302 200782 200711 200783 2 0 1
201303 200782 200710 200711 2 0 1
201304 200994 201065 201066 2 0 1
201305 200994 201065 200993 2 0 1
201306 200994 201067 201066 2 0 1
201307 200994 200995 201067 2 0 1
201308 200849 200776 200848 2 0 1
201309 200849 200776 200777 2 0 1
201310 200849 200778 200777 2 0 1
201311 200849 200850 200778 2 0 1
201312 200849 200920 200848 2 0 1
201313 200849 200920 200921 2 0 1
201314 200343 200415 200416 2 0 1
201315 200343 200416 200344 2 0 1
201316 200343 200342 200414 2 0 1
201317 200343 200415 200414 2 0 1
201318 200343 200272 200344 2 0 1
201319 200343 200272 200271 2 0 1
201320 200343 200270 200342 2 0 1
201321 200343 200270 200271 2 0 1
201322 200276 200275 200347 2 0 1
201323 200276 200348 200347 2 0 1
201324 200338 200265 200337 2 0 1
201325 200338 200265 200266 2 0 1
201326 200338 200339 200267 2 0 1
201327 200338 200267 200266 2 0 1
201328 200338 200409 200337 2 0 1
201329 200338 200410 200409 2 0 1
201330 200413 200341 200342 2 0 1
201331 200413 200342 200414 2 0 1
201332 200413 200341 200340 2 0 1
201333 200413 200412 200340 2 0 1
201334 200411 200338 200339 2 0 1
201335 200411 200338 200410 2 0 1
201336 200411 200339 200340 2 0 1
201337 200411 200412 200340 2 0 1
201338 200482 200410 200409 2 0 1
201339 200482 200409 200481 2 0 1
201340 200482 200411 200410 2 0 1
201341 200482 200411 200483 2 0 1
201342 200482 200554 200553 2 0 1
201343 200482 200553 200481 2 0 1
201344 200482 200554 200555 2 0 1
201345 200482 200483 200555 2 0 1
201346 200903 200974 200975 2 0 1
201347 200903 200902 200974 2 0 1
201348 200903 200976 200975 2 0 1
201349 200903 200904 200976 2 0 1
201350 200903 200830 200902 2 0 1
201351 200903 200830 200831 2 0 1
201352 200903 200832 200831 2 0 1
201353 200903 200904 200832 2 0 1
201354 201129 201200 201201 2 0 1
201355 201129 201200 201128 2 0 1
201356 201129 201202 201201 2 0 1
201357 201129 201130 201202 2 0 1
201358 201129 201056 201057 2 0 1
201359 201129 201056 201128 2 0 1
201360 201129 201058 201057 2 0 1
201361 201129 201130 201058 2 0 1
201362 201064 201137 201065 2 0 1
201363 201064 201137 201136 2 0 1
201364 201064 201136 201135 2 0 1
201365 201064 201063 201135 2 0 1
201366 200815 200744 200816 2 0 1
201367 200815 200743 200744 2 0 1
201368 200815 200887 200888 2 0 1
201369 200815 200888 200816 2 0 1
201370 200815 200887 200886 2 0 1
201371 200815 200814 200886 2 0 1
201372 200742 200815 200743 2 0 1
201373 200742 200815 200814 2 0 1
201374 200746 200817 200745 2 0 1
201375 200746 200818 200817 2 0 1
201376 200746 200747 200819 2 0 1
201377 200746 200818 200819 2 0 1
201378 200746 200673 200674 2 0 1
201379 200746 200673 200745 2 0 1
201380 200746 200747 200675 2 0 1
201381 200746 200675 200674 2 0 1
201382 200102 200175 200174 2 0 1
201383 200102 200175 200103 2 0 1
201384 200102 200173 200174 2 0 1
201385 200102 200101 200173 2 0 1
201386 200385 200456 200384 2 0 1
201387 200385 200456 200457 2 0 1
201388 200458 200386 200387 2 0 1
201389 200458 200387 200459 2 0 1
201390 200458 200385 200457 2 0 1
201391 200458 200385 200386 2 0 1
201392 200458 200530 200531 2 0 1
201393 200458 200531 200459 2 0 1
201394 200609 200538 200610 2 0 1
201395 200609 200537 200538 2 0 1
201396 200529 200456 200528 2 0 1
201397 200529 200456 200457 2 0 1
201398 200529 200458 200457 2 0 1
201399 200529 200458 200530 2 0 1
201400 200529 200528 200600 2 0 1
201401 200529 200601 200600 2 0 1
201402 200529 200602 200601 2 0 1
201403 200529 200530 200602 2 0 1
201404 200319 200248 200320 2 0 1
201405 200319 200248 200247 2 0 1
201406 200460 200532 200531 2 0 1
201407 200460 200531 200459 2 0 1
201408 200392 200465 200393 2 0 1
201409 200392 200464 200465 2 0 1
201410 200392 200321 200393 2 0 1
201411 200392 200320 200321 2 0 1
201412 200823 200822 200894 2 0 1
201413 200823 200895 200894 2 0 1
201414 200823 200752 200824 2 0 1
201415 200823 200752 200751 2 0 1
201416 200823 200822 200750 2 0 1
201417 200823 200750 200751 2 0 1
201418 200896 200969 200968 2 0 1
201419 200896 200897 200969 2 0 1
201420 200896 200967 200968 2 0 1
201421 200896 200895 200967 2 0 1
201422 200896 200824 200825 2 0 1
201423 200896 200897 200825 2 0 1
201424 200896 200823 200895 2 0 1
201425 200896 200823 200824 2 0 1
201426 200541 200469 200470 2 0 1
201427 200541 200542 200470 2 0 1
201428 200541 200614 200542 2 0 1
201429 200541 200614 200613 2 0 1
201430 200326 200397 200398 2 0 1
201431 200326 200397 200325 2 0 1
201432 200326 200327 200399 2 0 1
201433 200326 200399 200398 2 0 1
201434 200104 200175 200176 2 0 1
201435 200104 200175 200103 2 0 1
201436 200178 200107 200106 2 0 1
201437 200178 200107 200179 2 0 1
201438 200109 200036 200108 2 0 1
201439 200109 200036 200037 2 0 1
201440 200109 200037 200038 2 0 1
201441 200109 200110 200038 2 0 1
201442 200123 200196 200195 2 0 1
201443 200123 200196 200124 2 0 1
201444 200099 200172 200100 2 0 1
201445 200099 200172 200171 2 0 1
201446 200027 200099 200100 2 0 1
201447 200027 200028 200100 2 0 1
201448 200012 200085 200013 2 0 1
201449 200012 200085 200084 2 0 1
201450 200012 200083 200084 2 0 1
201451 200012 200083 200011 2 0 1
201452 200157 200156 200084 2 0 1
201453 200157 200085 200084 2 0 1
201454 200231 200304 200303 2 0 1
201455 200231 200304 200232 2 0 1
201456 200408 200480 200481 2 0 1
201457 200408 200409 200481 2 0 1
201458 200408 200480 200479 2 0 1
201459 200408 200407 200479 2 0 1
201460 200408 200337 200336 2 0 1
201461 200408 200409 200337 2 0 1
201462 200408 200335 200336 2 0 1
201463 200408 200407 200335 2 0 1
201464 200257 200330 200258 2 0 1
201465 200257 200329 200330 2 0 1
201466 200198 200197 200125 2 0 1
201467 200198 200125 200126 2 0 1
201468 200198 200270 200269 2 0 1
201469 200198 200197 200269 2 0 1
201470 200198 200270 200271 2 0 1
201471 200198 200199 200271 2 0 1
201472 200054 200125 200126 2 0 1
201473 200054 200053 200125 2 0 1
201474 200111 200110 200038 2 0 1
201475 200111 200039 200038 2 0 1
201476 200005 200078 200077 2 0 1
201477 200005 200078 200006 2 0 1
201478 200146 200074 200075 2 0 1
201479 200146 200075 200147 2 0 1
201480 200146 200145 200073 2 0 1
201481 200146 200074 200073 2 0 1
201482 200291 200220 200292 2 0 1
201483 200291 200220 200219 2 0 1
201484 200291 200364 200292 2 0 1
201485 200291 200363 200364 2 0 1
201486 200291 200363 200362 2 0 1
201487 200291 200290 200362 2 0 1
201488 200218 200291 200219 2 0 1
201489 200218 200291 200290 2 0 1
201490 200218 200217 200289 2 0 1
201491 200218 200290 200289 2 0 1
201492 200218 200146 200147 2 0 1
201493 200218 200147 200219 2 0 1
201494 200218 200146 200145 2 0 1
201495 200218 200217 200145 2 0 1
201496 200357 200284 200285 2 0 1
201497 200357 200284 200356 2 0 1
201498 200357 200356 200428 2 0 1
201499 200357 200429 200428 2 0 1
201500 200286 200358 200359 2 0 1
201501 200286 200359 200287 2 0 1
201502 200286 200357 200285 2 0 1
201503 200286 200357 200358 2 0 1
201504 200430 200357 200429 2 0 1
201505 200430 200357 200358 2 0 1
201506 200430 200358 200359 2 0 1
201507 200430 200431 200359 2 0 1
201508 200430 200501 200429 2 0 1
201509 200430 200501 200502 2 0 1
201510 200503 200430 200431 2 0 1
201511 200503 200430 200502 2 0 1
201512 200503 200574 200502 2 0 1
201513 200503 200575 200574 2 0 1
201514 200503 200576 200504 2 0 1
201515 200503 200575 200576 2 0 1
201516 200281 200354 200353 2 0 1
201517 200281 200354 200282 2 0 1
201518 200281 200280 200352 2 0 1
201519 200281 200353 200352 2 0 1
201520 200221 200294 200222 2 0 1
201521 200221 200294 200293 2 0 1
201522 200221 200293 200292 2 0 1
201523 200221 200220 200292 2 0 1
201524 200682 200755 200683 2 0 1
201525 200682 200754 200755 2 0 1
201526 200682 200681 200753 2 0 1
201527 200682 200754 200753 2 0 1
201528 200682 200611 200683 2 0 1
201529 200682 200611 200610 2 0 1
201530 200682 200609 200610 2 0 1
201531 200682 200609 200681 2 0 1
201532 200471 200543 200542 2 0 1
201533 200471 200542 200470 2 0 1
201534 200471 200398 200470 2 0 1
201535 200471 200399 200398 2 0 1
201536 200471 200472 200400 2 0 1
201537 200471 200399 200400 2 0 1
201538 200544 200617 200616 2 0 1
201539 200544 200617 200545 2 0 1
201540 200544 200543 200615 2 0 1
201541 200544 200616 200615 2 0 1
201542 200544 200472 200473 2 0 1
201543 200544 200545 200473 2 0 1
201544 200544 200471 200543 2 0 1
201545 200544 200471 200472 2 0 1
201546 200827 200826 200898 2 0 1
201547 200827 200898 200899 2 0 1
201548 200827 200828 200900 2 0 1
201549 200827 200900 200899 2 0 1
201550 200827 200754 200826 2 0 1
201551 200827 200754 200755 2 0 1
201552 200827 200755 200756 2 0 1
201553 200827 200828 200756 2 0 1
201554 200970 201041 200969 2 0 1
201555 200970 201042 201041 2 0 1
201556 200970 201042 201043 2 0 1
201557 200970 200971 201043 2 0 1
201558 200970 200897 200898 2 0 1
201559 200970 200897 200969 2 0 1
201560 200970 200971 200899 2 0 1
201561 200970 200898 200899 2 0 1
201562 201051 201122 201123 2 0 1
201563 201051 201050 201122 2 0 1
201564 201051 201123 201124 2 0 1
201565 201051 201052 201124 2 0 1
201566 201017 200944 200945 2 0 1
201567 201017 200944 201016 2 0 1
201568 201017 201089 201088 2 0 1
201569 201017 201016 201088 2 0 1
201570 201086 201159 201158 2 0 1
201571 201086 201159 201087 2 0 1
201572 201086 201157 201158 2 0 1
201573 201086 201085 201157 2 0 1
201574 201086 201015 201014 2 0 1
201575 201086 201015 201087 2 0 1
201576 201013 201086 201085 2 0 1
201577 201013 201086 201014 2 0 1
201578 201013 201085 201084 2 0 1
201579 201013 201012 201084 2 0 1
201580 201013 201014 200942 2 0 1
201581 201013 200942 200941 2 0 1
201582 201013 200940 200941 2 0 1
201583 201013 200940 201012 2 0 1
201584 200884 200956 200955 2 0 1
201585 200884 200955 200883 2 0 1
201586 200884 200957 200885 2 0 1
201587 200884 200956 200957 2 0 1
201588 200884 200811 200883 2 0 1
201589 200884 200811 200812 2 0 1
201590 200884 200813 200812 2 0 1
201591 200884 200813 200885 2 0 1
201592 201029 200956 201028 2 0 1
201593 201029 200956 200957 2 0 1
201594 201029 200958 200957 2 0 1
201595 201029 201030 200958 2 0 1
201596 201029 201101 201100 2 0 1
201597 201029 201100 201028 2 0 1
201598 201029 201101 201102 2 0 1
201599 201029 201030 201102 2 0 1
201600 200437 200438 200510 2 0 1
201601 200437 200509 200510 2 0 1
201602 200437 200509 200508 2 0 1
201603 200437 200436 200508 2 0 1
201604 200437 200438 200366 2 0 1
201605 200437 200365 200366 2 0 1
201606 200437 200365 200364 2 0 1
201607 200437 200436 200364 2 0 1
201608 200435 200506 200507 2 0 1
201609 200435 200434 200506 2 0 1
201610 200435 200507 200508 2 0 1
201611 200435 200436 200508 2 0 1
201612 200435 200363 200362 2 0 1
201613 200435 200434 200362 2 0 1
201614 200435 200363 200364 2 0 1
201615 200435 200436 200364 2 0 1
201616 200596 200669 200668 2 0 1
201617 200596 200669 200597 2 0 1
201618 200667 200596 200668 2 0 1
201619 200667 200596 200595 2 0 1
201620 200667 200666 200594 2 0 1
201621 200667 200595 200594 2 0 1
201622 200952 201025 200953 2 0 1
201623 200952 201024 201025 2 0 1
201624 200952 201024 201023 2 0 1
201625 200952 200951 201023 2 0 1
201626 200809 200738 200810 2 0 1
201627 200809 200738 200737 2 0 1
201628 200660 200587 200659 2 0 1
201629 200660 200587 200588 2 0 1
201630 200660 200659 200731 2 0 1
201631 200660 200732 200731 2 0 1
201632 200515 200444 200516 2 0 1
201633 200515 200444 200443 2 0 1
201634 200515 200514 200442 2 0 1
201635 200515 200442 200443 2 0 1
201636 200515 200516 200588 2 0 1
201637 200515 200587 200588 2 0 1
201638 200515 200587 200586 2 0 1
201639 200515 200514 200586 2 0 1
201640 200370 200441 200442 2 0 1
201641 200370 200441 200369 2 0 1
201642 200370 200371 200443 2 0 1
201643 200370 200442 200443 2 0 1
201644 200370 200371 200299 2 0 1
201645 200370 200298 200299 2 0 1
201646 200447 200446 200518 2 0 1
201647 200447 200519 200518 2 0 1
201648 200447 200446 200374 2 0 1
201649 200447 200375 200374 2 0 1
201650 200447 200375 200376 2 0 1
201651 200447 200448 200376 2 0 1
201652 200520 200448 200449 2 0 1
201653 200520 200449 200521 2 0 1
201654 200520 200447 200519 2 0 1
201655 200520 200447 200448 2 0 1
201656 200520 200593 200592 2 0 1
201657 200520 200593 200521 2 0 1
201658 200520 200519 200591 2 0 1
201659 200520 200591 200592 2 0 1
201660 200154 200083 200155 2 0 1
201661 200154 200083 200082 2 0 1
201662 200152 200151 200079 2 0 1
201663 200152 200080 200079 2 0 1
201664 200297 200370 200369 2 0 1
201665 200297 200370 200298 2 0 1
201666 200297 200368 200369 2 0 1
201667 200297 200296 200368 2 0 1
201668 200228 200300 200301 2 0 1
201669 200228 200229 200301 2 0 1
201670 200228 200157 200229 2 0 1
201671 200228 200157 200156 2 0 1
201672 200425 200424 200352 2 0 1
201673 200425 200353 200352 2 0 1
201674 200425 200426 200354 2 0 1
201675 200425 200354 200353 2 0 1
201676 200425 200424 200496 2 0 1
201677 200425 200496 200497 2 0 1
201678 200425 200498 200497 2 0 1
201679 200425 200426 200498 2 0 1
201680 200715 200644 200643 2 0 1
201681 200715 200644 200716 2 0 1
201682 200715 200642 200643 2 0 1
201683 200715 200714 200642 2 0 1
201684 200715 200716 200788 2 0 1
201685 200715 200787 200788 2 0 1
201686 200715 200714 200786 2 0 1
201687 200715 200786 200787 2 0 1
201688 200645 200573 200574 2 0 1
201689 200645 200574 200646 2 0 1
201690 200645 200573 200572 2 0 1
201691 200645 200644 200572 2 0 1
201692 200645 200717 200718 2 0 1
201693 200645 200718 200646 2 0 1
201694 200645 200716 200717 2 0 1
201695 200645 200644 200716 2 0 1
201696 200939 201010 200938 2 0 1
201697 200939 201011 201010 2 0 1
201698 200939 201011 201012 2 0 1
201699 200939 200940 201012 2 0 1
201700 200939 200867 200866 2 0 1
201701 200939 200938 200866 2 0 1
201702 200939 200867 200868 2 0 1
201703 200939 200940 200868 2 0 1
201704 200402 200401 200473 2 0 1
201705 200402 200474 200473 2 0 1
201706 200402 200474 200475 2 0 1
201707 200402 200403 200475 2 0 1
201708 200402 200329 200401 2 0 1
201709 200402 200329 200330 2 0 1
201710 200402 200331 200330 2 0 1
201711 200402 200403 200331 2 0 1
201712 200476 200475 200547 2 0 1
201713 200476 200548 200547 2 0 1
201714 200476 200477 200549 2 0 1
201715 200476 200548 200549 2 0 1
201716 200550 200621 200549 2 0 1
201717 200550 200621 200622 2 0 1
201718 200550 200623 200622 2 0 1
201719 200550 200623 200551 2 0 1
201720 200693 200622 200694 2 0 1
201721 200693 200621 200622 2 0 1
201722 200693 200621 200620 2 0 1
201723 200693 200620 200692 2 0 1
201724 200693 200766 200694 2 0 1
201725 200693 200765 200766 2 0 1
201726 200764 200835 200763 2 0 1
201727 200764 200836 200835 2 0 1
201728 200764 200765 200837 2 0 1
201729 200764 200836 200837 2 0 1
201730 200764 200763 200691 2 0 1
201731 200764 200691 200692 2 0 1
201732 200764 200693 200692 2 0 1
201733 200764 200693 200765 2 0 1
201734 200557 200630 200629 2 0 1
201735 200557 200558 200630 2 0 1
201736 200557 200628 200629 2 0 1
201737 200557 200556 200628 2 0 1
201738 200484 200557 200556 2 0 1
201739 200484 200557 200485 2 0 1
201740 200484 200556 200555 2 0 1
201741 200484 200483 200555 2 0 1
201742 200484 200413 200412 2 0 1
201743 200484 200413 200485 2 0 1
201744 200484 200411 200412 2 0 1
201745 200484 200411 200483 2 0 1
201746 200486 200557 200558 2 0 1
201747 200486 200557 200485 2 0 1
201748 200486 200558 200559 2 0 1
201749 200486 200487 200559 2 0 1
201750 200486 200413 200414 2 0 1
201751 200486 200413 200485 2 0 1
201752 200486 200487 200415 2 0 1
201753 200486 200415 200414 2 0 1
201754 200418 200491 200490 2 0 1
201755 200418 200419 200491 2 0 1
201756 200418 200489 200490 2 0 1
201757 200418 200417 200489 2 0 1
201758 200418 200346 200347 2 0 1
201759 200418 200419 200347 2 0 1
201760 200418 200345 200346 2 0 1
201761 200418 200417 200345 2 0 1
201762 200709 200637 200638 2 0 1
201763 200709 200710 200638 2 0 1
201764 200709 200782 200781 2 0 1
201765 200709 200782 200710 2 0 1
201766 200639 200710 200711 2 0 1
201767 200639 200710 200638 2 0 1
201768 200639 200711 200712 2 0 1
201769 200639 200640 200712 2 0 1
201770 200639 200567 200566 2 0 1
201771 200639 200566 200638 2 0 1
201772 200639 200568 200567 2 0 1
201773 200639 200640 200568 2 0 1
201774 200922 200995 200923 2 0 1
201775 200922 200994 200995 2 0 1
201776 200922 200994 200993 2 0 1
201777 200922 200921 200993 2 0 1
201778 200922 200851 200923 2 0 1
201779 200922 200850 200851 2 0 1
201780 200922 200849 200850 2 0 1
201781 200922 200849 200921 2 0 1
201782 200277 200349 200350 2 0 1
201783 200277 200350 200278 2 0 1
201784 200277 200349 200348 2 0 1
201785 200277 200276 200348 2 0 1
201786 200277 200278 200206 2 0 1
201787 200277 200205 200206 2 0 1
201788 200277 200205 200204 2 0 1
201789 200277 200276 200204 2 0 1
201790 200992 200920 200921 2 0 1
201791 200992 200921 200993 2 0 1
201792 200992 201065 200993 2 0 1
201793 200992 201064 201065 2 0 1
201794 200670 200743 200671 2 0 1
201795 200670 200742 200743 2 0 1
201796 200670 200599 200598 2 0 1
201797 200670 200599 200671 2 0 1
201798 200670 200597 200598 2 0 1
201799 200670 200669 200597 2 0 1
201800 200741 200670 200742 2 0 1
201801 200741 200670 200669 2 0 1
201802 200741 200813 200814 2 0 1
201803 200741 200742 200814 2 0 1
201804 200030 200102 200103 2 0 1
201805 200030 200103 200031 2 0 1
201806 200244 200316 200317 2 0 1
201807 200244 200317 200245 2 0 1
201808 200244 200243 200315 2 0 1
201809 200244 200316 200315 2 0 1
201810 200244 200173 200245 2 0 1
201811 200244 200172 200173 2 0 1
201812 200244 200172 200171 2 0 1
201813 200244 200243 200171 2 0 1
201814 200314 200385 200386 2 0 1
201815 200314 200385 200313 2 0 1
201816 200314 200386 200387 2 0 1
201817 200314 200315 200387 2 0 1
201818 200381 200454 200382 2 0 1
201819 200381 200454 200453 2 0 1
201820 200381 200380 200452 2 0 1
201821 200381 200452 200453 2 0 1
201822 200308 200307 200379 2 0 1
201823 200308 200380 200379 2 0 1
201824 200308 200381 200380 2 0 1
201825 200308 200381 200309 2 0 1
201826 200608 200607 200535 2 0 1
201827 200608 200535 200536 2 0 1
201828 200608 200537 200536 2 0 1
201829 200608 200609 200537 2 0 1
201830 200608 200679 200680 2 0 1
201831 200608 200679 200607 2 0 1
201832 200608 200681 200680 2 0 1
201833 200608 200609 200681 2 0 1
201834 200318 200246 200245 2 0 1
201835 200318 200317 200245 2 0 1
201836 200318 200246 200247 2 0 1
201837 200318 200319 200247 2 0 1
201838 200389 200318 200317 2 0 1
201839 200389 200318 200390 2 0 1
201840 200391 200464 200463 2 0 1
201841 200391 200392 200464 2 0 1
201842 200391 200318 200319 2 0 1
201843 200391 200318 200390 2 0 1
201844 200391 200319 200320 2 0 1
201845 200391 200392 200320 2 0 1
201846 200323 200324 200396 2 0 1
201847 200323 200395 200396 2 0 1
201848 200323 200395 200394 2 0 1
201849 200323 200322 200394 2 0 1
201850 200540 200468 200467 2 0 1
201851 200540 200539 200467 2 0 1
201852 200540 200468 200469 2 0 1
201853 200540 200541 200469 2 0 1
201854 200540 200612 200611 2 0 1
201855 200540 200539 200611 2 0 1
201856 200540 200612 200613 2 0 1
201857 200540 200541 200613 2 0 1
201858 200254 200326 200327 2 0 1
201859 200254 200327 200255 2 0 1
201860 200032 200104 200103 2 0 1
201861 200032 200103 200031 2 0 1
201862 200032 200105 200033 2 0 1
201863 200032 200104 200105 2 0 1
201864 200177 200248 200176 2 0 1
201865 200177 200249 200248 2 0 1
201866 200177 200104 200176 2 0 1
201867 200177 200104 200105 2 0 1
201868 200177 200105 200106 2 0 1
201869 200177 200178 200106 2 0 1
201870 200098 200097 200169 2 0 1
201871 200098 200170 200169 2 0 1
201872 200098 200099 200171 2 0 1
201873 200098 200170 200171 2 0 1
201874 200081 200154 200082 2 0 1
201875 200081 200154 200153 2 0 1
201876 200081 200152 200153 2 0 1
201877 200081 200152 200080 2 0 1
201878 200010 200083 200011 2 0 1
201879 200010 200083 200082 2 0 1
201880 200010 200081 200082 2 0 1
201881 200010 200081 200009 2 0 1
201882 200008 200081 200009 2 0 1
201883 200008 200081 200080 2 0 1
201884 200233 200234 200162 2 0 1
201885 200233 200161 200162 2 0 1
201886 200233 200305 200304 2 0 1
201887 200233 200304 200232 2 0 1
201888 200233 200305 200306 2 0 1
201889 200233 200234 200306 2 0 1
201890 200256 200327 200328 2 0 1
201891 200256 200327 200255 2 0 1
201892 200256 200329 200328 2 0 1
201893 200256 200257 200329 2 0 1
201894 200189 200188 200260 2 0 1
201895 200189 200261 200260 2 0 1
201896 200189 200261 200262 2 0 1
201897 200189 200190 200262 2 0 1
201898 200263 200335 200334 2 0 1
201899 200263 200334 200262 2 0 1
201900 200263 200264 200336 2 0 1
201901 200263 200335 200336 2 0 1
201902 200200 200201 200273 2 0 1
201903 200200 200272 200273 2 0 1
201904 200200 200272 200271 2 0 1
201905 200200 200199 200271 2 0 1
201906 200127 200198 200199 2 0 1
201907 200127 200198 200126 2 0 1
201908 200127 200200 200199 2 0 1
201909 200127 200200 200128 2 0 1
201910 200127 200054 200126 2 0 1
201911 200127 200054 200055 2 0 1
201912 200127 200056 200055 2 0 1
201913 200127 200056 200128 2 0 1
201914 200129 200056 200128 2 0 1
201915 200129 200056 200057 2 0 1
201916 200129 200201 200202 2 0 1
201917 200129 200130 200202 2 0 1
201918 200129 200200 200201 2 0 1
201919 200129 200200 200128 2 0 1
201920 200203 200131 200130 2 0 1
201921 200203 200130 200202 2 0 1
201922 200203 200132 200204 2 0 1
201923 200203 200131 200132 2 0 1
201924 200203 200274 200202 2 0 1
201925 200203 200274 200275 2 0 1
201926 200203 200276 200275 2 0 1
201927 200203 200276 200204 2 0 1
201928 200058 200129 200130 2 0 1
201929 200058 200129 200057 2 0 1
201930 200061 200132 200133 2 0 1
201931 200061 200060 200132 2 0 1
201932 200004 200076 200075 2 0 1
201933 200004 200075 200003 2 0 1
201934 200004 200005 200077 2 0 1
201935 200004 200076 200077 2 0 1
201936 200142 200143 200071 2 0 1
201937 200142 200070 200071 2 0 1
201938 200002 200074 200075 2 0 1
201939 200002 200075 200003 2 0 1
201940 200002 200001 200073 2 0 1
201941 200002 200074 200073 2 0 1
201942 200144 200145 200073 2 0 1
201943 200144 200216 200145 2 0 1
201944 200069 200142 200141 2 0 1
201945 200069 200142 200070 2 0 1
201946 200288 200359 200287 2 0 1
201947 200288 200360 200359 2 0 1
201948 200288 200360 200289 2 0 1
201949 200288 200217 200289 2 0 1
201950 200288 200217 200145 2 0 1
201951 200288 200216 200145 2 0 1
201952 200432 200360 200359 2 0 1
201953 200432 200431 200359 2 0 1
201954 200432 200503 200504 2 0 1
201955 200432 200503 200431 2 0 1
201956 200140 200069 200141 2 0 1
201957 200140 200069 200068 2 0 1
201958 200210 200137 200209 2 0 1
201959 200210 200137 200138 2 0 1
201960 200210 200281 200282 2 0 1
201961 200210 200281 200209 2 0 1
201962 200283 200210 200282 2 0 1
201963 200283 200210 200211 2 0 1
201964 200283 200355 200354 2 0 1
201965 200283 200354 200282 2 0 1
201966 200283 200355 200356 2 0 1
201967 200283 200284 200356 2 0 1
201968 200148 200220 200219 2 0 1
201969 200148 200147 200219 2 0 1
201970 200148 200076 200075 2 0 1
201971 200148 200075 200147 2 0 1
201972 200979 201052 200980 2 0 1
201973 200979 201051 201052 2 0 1
201974 200979 200978 201050 2 0 1
201975 200979 201051 201050 2 0 1
201976 200979 200908 200980 2 0 1
201977 200979 200908 200907 2 0 1
201978 200979 200906 200907 2 0 1
201979 200979 200978 200906 2 0 1
201980 201018 200947 200946 2 0 1
201981 201018 200947 201019 2 0 1
201982 201018 200946 200945 2 0 1
201983 201018 201017 200945 2 0 1
201984 201018 201090 201091 2 0 1
201985 201018 201091 201019 2 0 1
201986 201018 201089 201090 2 0 1
201987 201018 201017 201089 2 0 1
201988 200665 200666 200594 2 0 1
201989 200665 200593 200594 2 0 1
201990 200665 200593 200592 2 0 1
201991 200665 200664 200592 2 0 1
201992 200665 200738 200737 2 0 1
201993 200665 200738 200666 2 0 1
201994 200736 200809 200737 2 0 1
201995 200736 200809 200808 2 0 1
201996 200736 200665 200664 2 0 1
201997 200736 200665 200737 2 0 1
201998 200739 200811 200810 2 0 1
201999 200739 200738 200810 2 0 1
202000 200739 200667 200666 2 0 1
202001 200739 200738 200666 2 0 1
202002 200524 200597 200525 2 0 1
202003 200524 200596 200597 2 0 1
202004 200524 200596 200595 2 0 1
202005 200524 200523 200595 2 0 1
202006 200524 200453 200525 2 0 1
202007 200524 200452 200453 2 0 1
202008 200524 200452 200451 2 0 1
202009 200524 200523 200451 2 0 1
202010 200522 200450 200449 2 0 1
202011 200522 200449 200521 2 0 1
202012 200522 200450 200451 2 0 1
202013 200522 200523 200451 2 0 1
202014 200522 200593 200521 2 0 1
202015 200522 200593 200594 2 0 1
202016 200522 200595 200594 2 0 1
202017 200522 200523 200595 2 0 1
202018 200880 200952 200951 2 0 1
202019 200880 200951 200879 2 0 1
202020 200804 200875 200803 2 0 1
202021 200804 200875 200876 2 0 1
202022 200804 200877 200876 2 0 1
202023 200804 200805 200877 2 0 1
202024 200804 200803 200731 2 0 1
202025 200804 200732 200731 2 0 1
202026 200878 200951 200950 2 0 1
202027 200878 200951 200879 2 0 1
202028 200878 200949 200950 2 0 1
202029 200878 200877 200949 2 0 1
202030 200224 200151 200223 2 0 1
202031 200224 200152 200151 2 0 1
202032 200224 200295 200223 2 0 1
202033 200224 200296 200295 2 0 1
202034 200227 200298 200299 2 0 1
202035 200227 200226 200298 2 0 1
202036 200227 200300 200299 2 0 1
202037 200227 200228 200300 2 0 1
202038 200227 200154 200155 2 0 1
202039 200227 200154 200226 2 0 1
202040 200227 200155 200156 2 0 1
202041 200227 200228 200156 2 0 1
202042 200406 200407 200335 2 0 1
202043 200406 200335 200334 2 0 1
202044 200333 200406 200334 2 0 1
202045 200333 200406 200405 2 0 1
202046 200333 200260 200332 2 0 1
202047 200333 200261 200260 2 0 1
202048 200333 200261 200262 2 0 1
202049 200333 200334 200262 2 0 1
202050 200404 200331 200332 2 0 1
202051 200404 200403 200331 2 0 1
202052 200404 200333 200405 2 0 1
202053 200404 200333 200332 2 0 1
202054 200404 200403 200475 2 0 1
202055 200404 200476 200475 2 0 1
202056 200404 200476 200477 2 0 1
202057 200404 200405 200477 2 0 1
202058 200478 200551 200479 2 0 1
202059 200478 200550 200551 2 0 1
202060 200478 200477 200549 2 0 1
202061 200478 200550 200549 2 0 1
202062 200478 200407 200479 2 0 1
202063 200478 200406 200407 2 0 1
202064 200478 200406 200405 2 0 1
202065 200478 200405 200477 2 0 1
202066 200708 200780 200779 2 0 1
202067 200708 200707 200779 2 0 1
202068 200708 200781 200780 2 0 1
202069 200708 200709 200781 2 0 1
202070 200708 200707 200635 2 0 1
202071 200708 200636 200635 2 0 1
202072 200708 200636 200637 2 0 1
202073 200708 200709 200637 2 0 1
202074 200991 200918 200990 2 0 1
202075 200991 200918 200919 2 0 1
202076 200991 200920 200919 2 0 1
202077 200991 200992 200920 2 0 1
202078 200991 200990 201062 2 0 1
202079 200991 201063 201062 2 0 1
202080 200991 201064 201063 2 0 1
202081 200991 200992 201064 2 0 1
202082 200029 200101 200100 2 0 1
202083 200029 200028 200100 2 0 1
202084 200029 200102 200101 2 0 1
202085 200029 200030 200102 2 0 1
202086 200168 200240 200241 2 0 1
202087 200168 200241 200169 2 0 1
202088 200242 200314 200313 2 0 1
202089 200242 200241 200313 2 0 1
202090 200242 200243 200315 2 0 1
202091 200242 200314 200315 2 0 1
202092 200242 200170 200169 2 0 1
202093 200242 200241 200169 2 0 1
202094 200242 200243 200171 2 0 1
202095 200242 200170 200171 2 0 1
202096 200312 200240 200241 2 0 1
202097 200312 200241 200313 2 0 1
202098 200312 200385 200384 2 0 1
202099 200312 200385 200313 2 0 1
202100 200312 200383 200384 2 0 1
202101 200312 200311 200383 2 0 1
202102 200310 200381 200382 2 0 1
202103 200310 200381 200309 2 0 1
202104 200310 200383 200382 2 0 1
202105 200310 200311 200383 2 0 1
202106 200388 200387 200459 2 0 1
202107 200388 200460 200459 2 0 1
202108 200388 200315 200387 2 0 1
202109 200388 200316 200315 2 0 1
202110 200388 200316 200317 2 0 1
202111 200388 200389 200317 2 0 1
202112 200461 200388 200389 2 0 1
202113 200461 200388 200460 2 0 1
202114 200461 200532 200533 2 0 1
202115 200461 200460 200532 2 0 1
202116 200251 200323 200324 2 0 1
202117 200251 200252 200324 2 0 1
202118 200180 200251 200252 2 0 1
202119 200180 200251 200179 2 0 1
202120 200180 200107 200108 2 0 1
202121 200180 200107 200179 2 0 1
202122 200180 200109 200108 2 0 1
202123 200180 200181 200109 2 0 1
202124 200253 200325 200324 2 0 1
202125 200253 200252 200324 2 0 1
202126 200253 200326 200325 2 0 1
202127 200253 200254 200326 2 0 1
202128 200253 200180 200252 2 0 1
202129 200253 200180 200181 2 0 1
202130 200182 200254 200255 2 0 1
202131 200182 200183 200255 2 0 1
202132 200182 200253 200254 2 0 1
202133 200182 200253 200181 2 0 1
202134 200182 200111 200110 2 0 1
202135 200182 200111 200183 2 0 1
202136 200182 200109 200110 2 0 1
202137 200182 200181 200109 2 0 1
202138 200235 200307 200306 2 0 1
202139 200235 200234 200306 2 0 1
202140 200235 200308 200307 2 0 1
202141 200235 200308 200236 2 0 1
202142 200026 200098 200097 2 0 1
202143 200026 200097 200025 2 0 1
202144 200026 200027 200099 2 0 1
202145 200026 200098 200099 2 0 1
202146 200007 200078 200079 2 0 1
202147 200007 200078 200006 2 0 1
202148 200007 200080 200079 2 0 1
202149 200007 200008 200080 2 0 1
202150 200086 200158 200159 2 0 1
202151 200086 200159 200087 2 0 1
202152 200086 200157 200085 2 0 1
202153 200086 200158 200157 2 0 1
202154 200086 200015 200087 2 0 1
202155 200086 200014 200015 2 0 1
202156 200086 200085 200013 2 0 1
202157 200086 200014 200013 2 0 1
202158 200230 200157 200229 2 0 1
202159 200230 200158 200157 2 0 1
202160 200230 200158 200159 2 0 1
202161 200230 200231 200159 2 0 1
202162 200230 200302 200301 2 0 1
202163 200230 200229 200301 2 0 1
202164 200230 200302 200303 2 0 1
202165 200230 200231 200303 2 0 1
202166 200091 200019 200020 2 0 1
202167 200091 200092 200020 2 0 1
202168 200040 200111 200039 2 0 1
202169 200040 200111 200112 2 0 1
202170 200186 200257 200258 2 0 1
202171 200186 200185 200257 2 0 1
202172 200113 200186 200185 2 0 1
202173 200113 200186 200114 2 0 1
202174 200184 200256 200255 2 0 1
202175 200184 200183 200255 2 0 1
202176 200184 200256 200257 2 0 1
202177 200184 200185 200257 2 0 1
202178 200184 200111 200183 2 0 1
202179 200184 200111 200112 2 0 1
202180 200184 200113 200185 2 0 1
202181 200184 200113 200112 2 0 1
202182 200118 200189 200190 2 0 1
202183 200118 200189 200117 2 0 1
202184 200194 200195 200267 2 0 1
202185 200194 200267 200266 2 0 1
202186 200194 200265 200266 2 0 1
202187 200194 200193 200265 2 0 1
202188 200194 200123 200195 2 0 1
202189 200194 200123 200122 2 0 1
202190 200191 200190 200262 2 0 1
202191 200191 200263 200262 2 0 1
202192 200191 200118 200190 2 0 1
202193 200191 200118 200119 2 0 1
202194 200059 200131 200132 2 0 1
202195 200059 200060 200132 2 0 1
202196 200059 200131 200130 2 0 1
202197 200059 200058 200130 2 0 1
202198 200134 200205 200133 2 0 1
202199 200134 200205 200206 2 0 1
202200 200207 200134 200206 2 0 1
202201 200207 200134 200135 2 0 1
202202 200207 200279 200278 2 0 1
202203 200207 200278 200206 2 0 1
202204 200065 200137 200138 2 0 1
202205 200065 200066 200138 2 0 1
202206 200072 200143 200071 2 0 1
202207 200072 200144 200143 2 0 1
202208 200072 200001 200073 2 0 1
202209 200072 200144 200073 2 0 1
202210 200361 200434 200362 2 0 1
202211 200361 200434 200433 2 0 1
202212 200361 200433 200504 2 0 1
202213 200361 200432 200504 2 0 1
202214 200361 200290 200289 2 0 1
202215 200361 200290 200362 2 0 1
202216 200361 200360 200289 2 0 1
202217 200361 200432 200360 2 0 1
202218 200139 200210 200138 2 0 1
202219 200139 200210 200211 2 0 1
202220 200139 200066 200138 2 0 1
202221 200139 200067 200066 2 0 1
202222 200139 200140 200068 2 0 1
202223 200139 200067 200068 2 0 1
202224 200215 200288 200287 2 0 1
202225 200215 200288 200216 2 0 1
202226 200215 200286 200287 2 0 1
202227 200215 200214 200286 2 0 1
202228 200215 200144 200216 2 0 1
202229 200215 200144 200143 2 0 1
202230 200215 200142 200143 2 0 1
202231 200215 200214 200142 2 0 1
202232 200212 200283 200211 2 0 1
202233 200212 200283 200284 2 0 1
202234 200212 200139 200140 2 0 1
202235 200212 200139 200211 2 0 1
202236 200149 200150 200222 2 0 1
202237 200149 200221 200222 2 0 1
202238 200149 200221 200220 2 0 1
202239 200149 200148 200220 2 0 1
202240 200149 200150 200078 2 0 1
202241 200149 200078 200077 2 0 1
202242 200149 200076 200077 2 0 1
202243 200149 200148 200076 2 0 1
202244 200663 200591 200592 2 0 1
202245 200663 200664 200592 2 0 1
202246 200663 200591 200590 2 0 1
202247 200663 200662 200590 2 0 1
202248 200740 200669 200668 2 0 1
202249 200740 200741 200669 2 0 1
202250 200740 200667 200668 2 0 1
202251 200740 200739 200667 2 0 1
202252 200740 200813 200812 2 0 1
202253 200740 200741 200813 2 0 1
202254 200740 200811 200812 2 0 1
202255 200740 200739 200811 2 0 1
202256 200881 200882 200810 2 0 1
202257 200881 200809 200810 2 0 1
202258 200881 200809 200808 2 0 1
202259 200881 200880 200808 2 0 1
202260 200881 200954 200953 2 0 1
202261 200881 200882 200954 2 0 1
202262 200881 200952 200953 2 0 1
202263 200881 200880 200952 2 0 1
202264 200225 200154 200153 2 0 1
202265 200225 200154 200226 2 0 1
202266 200225 200152 200153 2 0 1
202267 200225 200224 200152 2 0 1
202268 200225 200297 200298 2 0 1
202269 200225 200226 200298 2 0 1
202270 200225 200297 200296 2 0 1
202271 200225 200224 200296 2 0 1
202272 200093 200092 200020 2 0 1
202273 200093 200021 200020 2 0 1
202274 200093 200022 200021 2 0 1
202275 200093 200022 200094 2 0 1
202276 200096 200097 200169 2 0 1
202277 200096 200168 200169 2 0 1
202278 200096 200097 200025 2 0 1
202279 200096 200024 200025 2 0 1
202280 200239 200168 200240 2 0 1
202281 200239 200168 200167 2 0 1
202282 200239 200238 200166 2 0 1
202283 200239 200167 200166 2 0 1
202284 200239 200312 200240 2 0 1
202285 200239 200312 200311 2 0 1
202286 200239 200310 200311 2 0 1
202287 200239 200310 200238 2 0 1
202288 200237 200308 200309 2 0 1
202289 200237 200308 200236 2 0 1
202290 200237 200310 200309 2 0 1
202291 200237 200310 200238 2 0 1
202292 200462 200534 200535 2 0 1
202293 200462 200463 200535 2 0 1
202294 200462 200534 200533 2 0 1
202295 200462 200461 200533 2 0 1
202296 200462 200391 200390 2 0 1
202297 200462 200391 200463 2 0 1
202298 200462 200389 200390 2 0 1
202299 200462 200461 200389 2 0 1
202300 200250 200177 200178 2 0 1
202301 200250 200177 200249 2 0 1
202302 200250 200178 200179 2 0 1
202303 200250 200251 200179 2 0 1
202304 200250 200322 200321 2 0 1
202305 200250 200249 200321 2 0 1
202306 200250 200323 200322 2 0 1
202307 200250 200251 200323 2 0 1
202308 200163 200234 200162 2 0 1
202309 200163 200235 200234 2 0 1
202310 200163 200235 200236 2 0 1
202311 200163 200164 200236 2 0 1
202312 200163 200091 200092 2 0 1
202313 200163 200164 200092 2 0 1
202314 200016 200088 200089 2 0 1
202315 200016 200089 200017 2 0 1
202316 200016 200015 200087 2 0 1
202317 200016 200088 200087 2 0 1
202318 200160 200159 200087 2 0 1
202319 200160 200088 200087 2 0 1
202320 200160 200088 200089 2 0 1
202321 200160 200089 200161 2 0 1
202322 200160 200231 200232 2 0 1
202323 200160 200231 200159 2 0 1
202324 200160 200233 200161 2 0 1
202325 200160 200233 200232 2 0 1
202326 200090 200161 200162 2 0 1
202327 200090 200089 200161 2 0 1
202328 200090 200163 200162 2 0 1
202329 200090 200163 200091 2 0 1
202330 200090 200089 200017 2 0 1
202331 200090 200018 200017 2 0 1
202332 200090 200091 200019 2 0 1
202333 200090 200018 200019 2 0 1
202334 200187 200259 200260 2 0 1
202335 200187 200188 200260 2 0 1
202336 200187 200259 200258 2 0 1
202337 200187 200186 200258 2 0 1
202338 200041 200113 200114 2 0 1
202339 200041 200114 200042 2 0 1
202340 200041 200040 200112 2 0 1
202341 200041 200113 200112 2 0 1
202342 200192 200265 200264 2 0 1
202343 200192 200193 200265 2 0 1
202344 200192 200263 200264 2 0 1
202345 200192 200191 200263 2 0 1
202346 200062 200134 200135 2 0 1
202347 200062 200135 200063 2 0 1
202348 200062 200061 200133 2 0 1
202349 200062 200134 200133 2 0 1
202350 200208 200137 200209 2 0 1
202351 200208 200137 200136 2 0 1
202352 200208 200207 200135 2 0 1
202353 200208 200135 200136 2 0 1
202354 200208 200281 200209 2 0 1
202355 200208 200281 200280 2 0 1
202356 200208 200279 200280 2 0 1
202357 200208 200207 200279 2 0 1
202358 200064 200135 200063 2 0 1
202359 200064 200135 200136 2 0 1
202360 200064 200065 200137 2 0 1
202361 200064 200137 200136 2 0 1
202362 200213 200286 200285 2 0 1
202363 200213 200214 200286 2 0 1
202364 200213 200284 200285 2 0 1
202365 200213 200212 200284 2 0 1
202366 200213 200142 200141 2 0 1
202367 200213 200214 200142 2 0 1
202368 200213 200140 200141 2 0 1
202369 200213 200212 200140 2 0 1
202370 200733 200804 200805 2 0 1
202371 200733 200804 200732 2 0 1
202372 200735 200736 200664 2 0 1
202373 200735 200663 200664 2 0 1
202374 200735 200663 200662 2 0 1
202375 200735 200734 200662 2 0 1
202376 200165 200093 200094 2 0 1
202377 200165 200094 200166 2 0 1
202378 200165 200093 200092 2 0 1
202379 200165 200164 200092 2 0 1
202380 200165 200238 200166 2 0 1
202381 200165 200237 200238 2 0 1
202382 200165 200237 200236 2 0 1
202383 200165 200164 200236 2 0 1
202384 200095 200167 200166 2 0 1
202385 200095 200094 200166 2 0 1
202386 200095 200096 200168 2 0 1
202387 200095 200168 200167 2 0 1
202388 200095 200022 200094 2 0 1
202389 200095 200022 200023 2 0 1
202390 200095 200096 200024 2 0 1
202391 200095 200024 200023 2 0 1
202392 200121 200194 200193 2 0 1
202393 200121 200194 200122 2 0 1
202394 200661 200660 200732 2 0 1
202395 200661 200733 200732 2 0 1
202396 200661 200734 200662 2 0 1
202397 200661 200733 200734 2 0 1
202398 200661 200589 200588 2 0 1
202399 200661 200660 200588 2 0 1
202400 200661 200589 200590 2 0 1
202401 200661 200662 200590 2 0 1
202402 200806 200805 200877 2 0 1
202403 200806 200878 200877 2 0 1
202404 200806 200733 200805 2 0 1
202405 200806 200733 200734 2 0 1
202406 200050 200121 200049 2 0 1
202407 200050 200121 200122 2 0 1
202408 200050 200123 200122 2 0 1
202409 200050 200051 200123 2 0 1
202410 200052 200125 200124 2 0 1
202411 200052 200053 200125 2 0 1
202412 200052 200123 200124 2 0 1
202413 200052 200051 200123 2 0 1
202414 200046 200118 200117 2 0 1
202415 200046 200045 200117 2 0 1
202416 200046 200118 200119 2 0 1
202417 200046 200047 200119 2 0 1
202418 200115 200114 200042 2 0 1
202419 200115 200043 200042 2 0 1
202420 200115 200186 200114 2 0 1
202421 200115 200187 200186 2 0 1
202422 200807 200880 200879 2 0 1
202423 200807 200880 200808 2 0 1
202424 200807 200878 200879 2 0 1
202425 200807 200806 200878 2 0 1
202426 200807 200736 200808 2 0 1
202427 200807 200735 200736 2 0 1
202428 200807 200735 200734 2 0 1
202429 200807 200806 200734 2 0 1
202430 200120 200047 200119 2 0 1
202431 200120 200048 200047 2 0 1
202432 200120 200121 200049 2 0 1
202433 200120 200048 200049 2 0 1
202434 200120 200191 200119 2 0 1
202435 200120 200192 200191 2 0 1
202436 200120 200192 200193 2 0 1
202437 200120 200121 200193 2 0 1
202438 200116 200045 200117 2 0 1
202439 200116 200044 200045 2 0 1
202440 200116 200115 200043 2 0 1
202441 200116 200044 200043 2 0 1
202442 200116 200189 200188 2 0 1
202443 200116 200189 200117 2 0 1
202444 200116 200187 200188 2 0 1
202445 200116 200115 200187 2 0 1
