Mesh2HRTF 1.0.0-dev
    1
    1  1225
200000 -7.040069E-04  4.442243E-04
200001 -7.661344E-04  3.311431E-04
200002 -2.468033E-04  7.864927E-04
200003  4.383860E-04  6.978159E-04
200004  8.253257E-04  1.317085E-04
200005  6.709074E-04 -5.257634E-04
200006  1.009564E-04 -8.588320E-04
200007 -5.181531E-04 -6.965135E-04
200008 -8.456734E-04 -1.762350E-04
200009 -7.573122E-04  4.011189E-04
200010 -3.563422E-04  7.743825E-04
200011  1.455827E-04  8.399488E-04
200012  5.622926E-04  6.461447E-04
200013  8.027428E-04  3.160127E-04
200014  8.684613E-04 -3.099268E-05
200015  8.135768E-04 -3.201426E-04
200016  7.039390E-04 -5.249907E-04
200017  5.930561E-04 -6.509936E-04
200018  5.150880E-04 -7.159400E-04
200019  4.873930E-04 -7.355837E-04
200020  5.150901E-04 -7.159433E-04
200021  5.930603E-04 -6.510002E-04
200022  7.039452E-04 -5.250005E-04
200023  8.135849E-04 -3.201554E-04
200024  8.684712E-04 -3.100835E-05
200025  8.027542E-04  3.159943E-04
200026  5.623055E-04  6.461238E-04
200027  1.455969E-04  8.399258E-04
200028 -3.563269E-04  7.743575E-04
200029 -7.572961E-04  4.010922E-04
200030 -8.456565E-04 -1.762630E-04
200031 -5.181357E-04 -6.965426E-04
200032  1.009741E-04 -8.588621E-04
200033  6.709253E-04 -5.257940E-04
200034  8.253437E-04  1.316776E-04
200035  4.384039E-04  6.977849E-04
200036 -2.467856E-04  7.864618E-04
200037 -7.661169E-04  3.311126E-04
200038 -7.676794E-04 -3.540382E-04
200039 -2.650302E-04 -8.041938E-04
200040  3.916773E-04 -7.383415E-04
200041  7.845505E-04 -2.316995E-04
200042  7.066608E-04  3.814331E-04
200043  2.508552E-04  7.571956E-04
200044 -3.081194E-04  7.406670E-04
200045 -7.061555E-04  4.000663E-04
200046 -8.168438E-04 -7.223497E-05
200047 -6.637762E-04 -4.882189E-04
200048 -3.562910E-04 -7.418355E-04
200049 -1.341012E-05 -8.182391E-04
200050  2.827622E-04 -7.613258E-04
200051  4.976422E-04 -6.340139E-04
200052  6.323745E-04 -4.914647E-04
200053  7.057247E-04 -3.709091E-04
200054  7.392793E-04 -2.927305E-04
200055  7.486140E-04 -2.658804E-04
200056  7.392779E-04 -2.927282E-04
200057  7.057218E-04 -3.709045E-04
200058  6.323703E-04 -4.914577E-04
200059  4.976367E-04 -6.340047E-04
200060  2.827553E-04 -7.613144E-04
200061 -1.341819E-05 -8.182255E-04
200062 -3.563002E-04 -7.418198E-04
200063 -6.637865E-04 -4.882013E-04
200064 -8.168552E-04 -7.221548E-05
200065 -7.061678E-04  4.000875E-04
200066 -3.081327E-04  7.406900E-04
200067  2.508411E-04  7.572201E-04
200068  7.066460E-04  3.814590E-04
200069  7.845350E-04 -2.316723E-04
200070  3.916612E-04 -7.383133E-04
200071 -2.650469E-04 -8.041646E-04
200072 -7.676964E-04 -3.540082E-04
200073 -8.393163E-04 -4.360330E-05
200074  7.019253E-05  8.206253E-04
200075  8.212803E-04 -1.949914E-04
200076 -2.782669E-04 -8.202229E-04
200077 -7.901462E-04  3.337425E-04
200078  3.823828E-04  7.661461E-04
200079  7.832087E-04 -3.911370E-04
200080 -3.278270E-04 -8.227074E-04
200081 -8.608144E-04  1.971645E-04
200082 -8.202313E-06  8.864086E-04
200083  8.422231E-04  3.095876E-04
200084  6.601044E-04 -6.191740E-04
200085 -1.480570E-04 -8.945158E-04
200086 -7.705407E-04 -4.779717E-04
200087 -8.976212E-04  1.411207E-04
200088 -6.877332E-04  5.992533E-04
200089 -3.983685E-04  8.245591E-04
200090 -1.882452E-04  8.986669E-04
200091 -1.146744E-04  9.118224E-04
200092 -1.882403E-04  8.986598E-04
200093 -3.983587E-04  8.245451E-04
200094 -6.877189E-04  5.992327E-04
200095 -8.976030E-04  1.410940E-04
200096 -7.705190E-04 -4.780040E-04
200097 -1.480324E-04 -8.945530E-04
200098  6.601312E-04 -6.192154E-04
200099  8.422514E-04  3.095427E-04
200100 -8.173085E-06  8.863610E-04
200101 -8.607848E-04  1.971148E-04
200102 -3.277976E-04 -8.227584E-04
200103  7.832376E-04 -3.911888E-04
200104  3.824109E-04  7.660940E-04
200105 -7.901192E-04  3.336906E-04
200106 -2.782410E-04 -8.202743E-04
200107  8.213051E-04 -1.950420E-04
200108  7.021617E-05  8.205758E-04
200109 -8.392937E-04 -4.365154E-05
200110  1.107089E-04 -8.345646E-04
200111  7.901041E-04  1.693767E-04
200112 -2.320571E-04  7.659648E-04
200113 -7.872129E-04 -2.374566E-04
200114  1.625421E-04 -8.001903E-04
200115  7.849897E-04  5.385200E-05
200116  8.756260E-05  7.735624E-04
200117 -7.295859E-04  3.101419E-04
200118 -5.801423E-04 -5.486494E-04
200119  1.907850E-04 -7.634623E-04
200120  7.222790E-04 -2.728607E-04
200121  6.731436E-04  3.646568E-04
200122  2.564457E-04  7.227415E-04
200123 -1.980392E-04  7.446111E-04
200124 -5.138668E-04  5.772881E-04
200125 -6.754238E-04  3.770184E-04
200126 -7.369442E-04  2.344817E-04
200127 -7.508555E-04  1.844834E-04
200128 -7.369466E-04  2.344853E-04
200129 -6.754286E-04  3.770256E-04
200130 -5.138738E-04  5.772988E-04
200131 -1.980483E-04  7.446254E-04
200132  2.564347E-04  7.227592E-04
200133  6.731310E-04  3.646777E-04
200134  7.222650E-04 -2.728367E-04
200135  1.907698E-04 -7.634352E-04
200136 -5.801586E-04 -5.486195E-04
200137 -7.296030E-04  3.101745E-04
200138  8.754479E-05  7.735975E-04
200139  7.849713E-04  5.388941E-05
200140  1.625231E-04 -8.001507E-04
200141 -7.872324E-04 -2.374150E-04
200142 -2.320773E-04  7.660083E-04
200143  7.900832E-04  1.694220E-04
200144  1.106873E-04 -8.345178E-04
200145 -5.849860E-04 -6.091491E-04
200146  1.235168E-04  8.168215E-04
200147  3.713745E-04 -7.733235E-04
200148 -7.572843E-04  4.014376E-04
200149  8.604164E-04  1.244941E-04
200150 -5.822594E-04 -6.623465E-04
200151 -3.363900E-05  8.891649E-04
200152  7.080924E-04 -5.607935E-04
200153 -8.667977E-04 -2.612911E-04
200154  1.672167E-04  9.105443E-04
200155  8.239639E-04 -4.359120E-04
200156 -5.553200E-04 -7.435811E-04
200157 -7.716227E-04  5.425998E-04
200158  3.390044E-04  9.000694E-04
200159  9.592965E-04  1.138075E-04
200160  7.036740E-04 -6.555271E-04
200161  1.790174E-04 -9.410309E-04
200162 -1.870159E-04 -9.382633E-04
200163 -3.061327E-04 -9.063255E-04
200164 -1.870077E-04 -9.382738E-04
200165  1.790334E-04 -9.410515E-04
200166  7.036970E-04 -6.555571E-04
200167  9.593253E-04  1.137692E-04
200168  3.390376E-04  9.000239E-04
200169 -7.715866E-04  5.425486E-04
200170 -5.552825E-04 -7.436365E-04
200171  8.240013E-04 -4.359702E-04
200172  1.672528E-04  9.104847E-04
200173 -8.667639E-04 -2.613510E-04
200174  7.081232E-04 -5.608527E-04
200175 -3.361167E-05  8.891072E-04
200176 -5.822356E-04 -6.624023E-04
200177  8.604366E-04  1.244404E-04
200178 -7.572672E-04  4.013860E-04
200179  3.713890E-04 -7.733731E-04
200180  1.235291E-04  8.167738E-04
200181 -5.849752E-04 -6.091953E-04
200182  8.040974E-04  1.061288E-04
200183 -7.019948E-04  4.036118E-04
200184  2.028699E-04 -7.915627E-04
200185  4.195444E-04  6.522663E-04
200186 -7.949757E-04 -6.886872E-05
200187  4.302927E-04 -6.566598E-04
200188  4.024330E-04  6.447410E-04
200189 -7.448064E-04  2.085577E-04
200190 -1.213417E-04 -7.557739E-04
200191  7.397577E-04 -1.267698E-04
200192  2.542850E-04  7.112048E-04
200193 -5.744596E-04  4.921082E-04
200194 -7.044651E-04 -2.373882E-04
200195 -2.687935E-04 -6.785706E-04
200196  2.228385E-04 -6.903329E-04
200197  5.258737E-04 -5.029830E-04
200198  6.530565E-04 -3.288384E-04
200199  6.836160E-04 -2.634483E-04
200200  6.530534E-04 -3.288342E-04
200201  5.258676E-04 -5.029747E-04
200202  2.228296E-04 -6.903205E-04
200203 -2.688046E-04 -6.785543E-04
200204 -7.044781E-04 -2.373682E-04
200205 -5.744738E-04  4.921318E-04
200206  2.542701E-04  7.112316E-04
200207  7.397427E-04 -1.267400E-04
200208 -1.213565E-04 -7.557414E-04
200209 -7.448205E-04  2.085925E-04
200210  4.024197E-04  6.447779E-04
200211  4.302805E-04 -6.566212E-04
200212 -7.949869E-04 -6.882863E-05
200213  4.195341E-04  6.523077E-04
200214  2.028602E-04 -7.915202E-04
200215 -7.020043E-04  4.036554E-04
200216  8.040875E-04  1.061736E-04
200217  2.294071E-04 -8.046203E-04
200218 -8.992897E-05  8.247126E-04
200219 -8.685864E-05 -8.530406E-04
200220  2.663825E-04  8.218555E-04
200221 -4.142382E-04 -7.728905E-04
200222  5.289364E-04  7.279458E-04
200223 -5.645186E-04 -7.000931E-04
200224  5.444289E-04  7.579725E-04
200225 -3.814463E-04 -8.420517E-04
200226  7.031511E-05  9.591252E-04
200227  4.629135E-04 -8.374746E-04
200228 -9.254882E-04  2.960459E-04
200229  7.372372E-04  6.760989E-04
200230  4.670985E-04 -8.732294E-04
200231 -8.656229E-04 -4.876015E-04
200232 -7.711626E-04  6.574860E-04
200233  7.482461E-06  1.027318E-03
200234  5.243469E-04  8.892340E-04
200235  6.724673E-04  7.844654E-04
200236  5.243582E-04  8.892212E-04
200237  7.504285E-06  1.027293E-03
200238 -7.711319E-04  6.574500E-04
200239 -8.655856E-04 -4.876467E-04
200240  4.671399E-04 -8.732817E-04
200241  7.372799E-04  6.760420E-04
200242 -9.254468E-04  2.959869E-04
200243  4.629511E-04 -8.375334E-04
200244  7.034730E-05  9.590687E-04
200245 -3.814208E-04 -8.421042E-04
200246  5.444471E-04  7.579248E-04
200247 -5.645076E-04 -7.001355E-04
200248  5.289407E-04  7.279084E-04
200249 -4.142397E-04 -7.729235E-04
200250  2.663764E-04  8.218259E-04
200251 -8.686815E-05 -8.530680E-04
200252 -8.994061E-05  8.246861E-04
200253  2.293945E-04 -8.046467E-04
200254 -3.355265E-04  7.286025E-04
200255  3.611397E-04 -7.293829E-04
200256 -3.478207E-04  6.970888E-04
200257  2.202399E-04 -7.631992E-04
200258 -2.624428E-05  7.565251E-04
200259 -3.063622E-04 -7.131458E-04
200260  6.210683E-04  4.098442E-04
200261 -7.417052E-04  1.302877E-04
200262  3.129212E-04 -6.639441E-04
200263  4.749308E-04  5.682801E-04
200264 -6.401863E-04  3.643032E-04
200265 -3.506500E-04 -6.122402E-04
200266  5.334162E-04 -4.653794E-04
200267  6.796282E-04  2.746377E-04
200268  2.580225E-04  6.982620E-04
200269 -1.744278E-04  7.186628E-04
200270 -4.108478E-04  6.045843E-04
200271 -4.782382E-04  5.479871E-04
200272 -4.108511E-04  6.045887E-04
200273 -1.744343E-04  7.186716E-04
200274  2.580133E-04  6.982750E-04
200275  6.796170E-04  2.746546E-04
200276  5.334039E-04 -4.653588E-04
200277 -3.506627E-04 -6.122163E-04
200278 -6.401984E-04  3.643301E-04
200279  4.749201E-04  5.683095E-04
200280  3.129126E-04 -6.639128E-04
200281 -7.417111E-04  1.303203E-04
200282  6.210654E-04  4.098774E-04
200283 -3.063618E-04 -7.131126E-04
200284 -2.624063E-05  7.565577E-04
200285  2.202466E-04 -7.631678E-04
200286 -3.478114E-04  6.971189E-04
200287  3.611510E-04 -7.293544E-04
200288 -3.355141E-04  7.286297E-04
200289  8.184061E-04  3.690482E-05
200290 -5.250543E-04  6.459457E-04
200291 -2.594089E-04 -8.111701E-04
200292  8.476283E-04  2.174409E-04
200293 -6.446207E-04  6.109637E-04
200294 -1.067995E-04 -8.885809E-04
200295  7.805952E-04  5.175689E-04
200296 -9.223984E-04  1.694294E-04
200297  7.066913E-04 -6.469799E-04
200298 -3.939218E-04  9.072451E-04
200299  2.656674E-04 -9.515134E-04
200300 -3.699394E-04  9.541958E-04
200301  7.487320E-04 -7.032586E-04
200302 -1.040742E-03 -2.571774E-06
200303  4.192654E-04  9.792165E-04
200304  9.810030E-04 -4.194066E-04
200305  1.966837E-05 -1.068421E-03
200306 -6.740768E-04 -8.351784E-04
200307 -8.507096E-04 -6.578640E-04
200308 -6.740632E-04 -8.351923E-04
200309  1.969437E-05 -1.068448E-03
200310  9.810388E-04 -4.194448E-04
200311  4.193075E-04  9.791695E-04
200312 -1.040698E-03 -2.624392E-06
200313  7.487745E-04 -7.033132E-04
200314 -3.699024E-04  9.541430E-04
200315  2.656958E-04 -9.515610E-04
200316 -3.939040E-04  9.072056E-04
200317  7.066975E-04 -6.470095E-04
200318 -9.224034E-04  1.694103E-04
200319  7.805800E-04  5.175598E-04
200320 -1.068229E-04 -8.885818E-04
200321 -6.446504E-04  6.109687E-04
200322  8.475945E-04  2.174490E-04
200323 -2.594447E-04 -8.111617E-04
200324 -5.250905E-04  6.459519E-04
200325  8.183710E-04  3.690696E-05
200326 -4.870708E-04 -6.573020E-04
200327 -1.056467E-04  7.701334E-04
200328  5.379718E-04 -5.746102E-04
200329 -7.414614E-04  2.071942E-04
200330  7.473995E-04  1.302709E-05
200331 -7.408679E-04 -1.471113E-04
200332  7.236573E-04  9.085465E-05
200333 -7.250162E-04  1.071418E-04
200334  5.716773E-04 -4.247738E-04
200335 -1.212580E-04  7.203883E-04
200336 -5.200999E-04 -4.521164E-04
200337  6.111457E-04 -3.302754E-04
200338  3.492558E-04  6.392427E-04
200339 -4.899609E-04  5.104267E-04
200340 -6.540118E-04 -1.519183E-04
200341 -3.557188E-04 -5.532433E-04
200342 -6.883226E-05 -6.557132E-04
200343  3.328938E-05 -6.606296E-04
200344 -6.883485E-05 -6.557087E-04
200345 -3.557238E-04 -5.532344E-04
200346 -6.540185E-04 -1.519052E-04
200347 -4.899688E-04  5.104436E-04
200348  3.492477E-04  6.392631E-04
200349  6.111383E-04 -3.302518E-04
200350 -5.201057E-04 -4.520902E-04
200351 -1.212612E-04  7.204165E-04
200352  5.716774E-04 -4.247443E-04
200353 -7.250122E-04  1.071718E-04
200354  7.236656E-04  9.088399E-05
200355 -7.408550E-04 -1.470838E-04
200356  7.474170E-04  1.305154E-05
200357 -7.414394E-04  2.072144E-04
200358  5.379980E-04 -5.745952E-04
200359 -1.056168E-04  7.701425E-04
200360 -4.870378E-04 -6.572988E-04
200361 -7.232353E-05  8.077771E-04
200362 -8.294216E-04  5.829173E-06
200363 -1.415545E-04 -8.337348E-04
200364  8.168577E-04 -3.131578E-04
200365  5.005504E-04  7.559720E-04
200366 -6.594268E-04  6.402163E-04
200367 -6.967388E-04 -6.085794E-04
200368  6.644141E-04 -6.893746E-04
200369  5.766840E-04  8.143501E-04
200370 -9.846576E-04  2.130090E-04
200371  4.795795E-04 -9.076277E-04
200372  9.711731E-05  1.057213E-03
200373 -3.117539E-04 -1.025184E-03
200374  8.792748E-05  1.094356E-03
200375  6.195271E-04 -9.209330E-04
200376 -1.105942E-03 -2.225009E-04
200377 -3.814483E-04  1.068887E-03
200378  5.725594E-04  9.832742E-04
200379  8.328535E-04  7.775005E-04
200380  5.725741E-04  9.832603E-04
200381 -3.814206E-04  1.068860E-03
200382 -1.105905E-03 -2.225387E-04
200383  6.195694E-04 -9.209786E-04
200384  8.796944E-05  1.094307E-03
200385 -3.117175E-04 -1.025232E-03
200386  9.714334E-05  1.057171E-03
200387  4.795918E-04 -9.076576E-04
200388 -9.846607E-04  2.129944E-04
200389  5.766657E-04  8.143526E-04
200390  6.643823E-04 -6.893552E-04
200391 -6.967812E-04 -6.085454E-04
200392 -6.594763E-04  6.402610E-04
200393  5.004973E-04  7.560225E-04
200394  8.168040E-04 -3.131068E-04
200395 -1.416067E-04 -8.336879E-04
200396 -8.294707E-04  5.868117E-06
200397 -7.236873E-05  8.078055E-04
200398  7.944174E-04  5.882369E-05
200399 -4.315098E-05 -7.943077E-04
200400 -7.266743E-04  2.433528E-04
200401  5.449237E-04  4.973431E-04
200402  4.803464E-05 -7.544511E-04
200403 -5.010900E-04  5.263885E-04
200404  6.581729E-04 -2.813461E-04
200405 -6.955131E-04  1.639764E-04
200406  6.642361E-04 -2.104044E-04
200407 -5.229059E-04  4.754986E-04
200408  1.255532E-04 -6.504120E-04
200409  5.058113E-04  4.960591E-04
200410 -5.653694E-04  3.831355E-04
200411 -3.745857E-04 -5.276497E-04
200412  3.750132E-04 -5.474752E-04
200413  6.753416E-04 -9.127734E-05
200414  6.412017E-04  2.396620E-04
200415  5.927903E-04  3.406270E-04
200416  6.412014E-04  2.396666E-04
200417  6.753409E-04 -9.126848E-05
200418  3.750125E-04 -5.474624E-04
200419 -3.745861E-04 -5.276333E-04
200420 -5.653690E-04  3.831550E-04
200421  5.058132E-04  4.960814E-04
200422  1.255570E-04 -6.503873E-04
200423 -5.228995E-04  4.755253E-04
200424  6.642455E-04 -2.103762E-04
200425 -6.955003E-04  1.640052E-04
200426  6.581893E-04 -2.813181E-04
200427 -5.010699E-04  5.264141E-04
200428  4.805863E-05 -7.544300E-04
200429  5.449517E-04  4.973575E-04
200430 -7.266420E-04  2.433583E-04
200431 -4.311443E-05 -7.943128E-04
200432  7.944583E-04  5.880688E-05
200433 -7.486017E-04 -2.937783E-04
200434 -3.112214E-04 -7.592785E-04
200435  2.695588E-04 -7.984720E-04
200436  7.220115E-04 -4.889200E-04
200437  9.040191E-04  2.340461E-05
200438  7.372611E-04  5.750969E-04
200439  1.960665E-04  9.409720E-04
200440 -5.706388E-04  8.005501E-04
200441 -1.003913E-03 -5.213549E-05
200442 -2.879568E-04 -9.920869E-04
200443  1.007373E-03 -3.445451E-04
200444  2.730985E-05  1.094914E-03
200445 -8.663839E-04 -7.189085E-04
200446  1.081940E-03  3.628977E-04
200447 -1.034041E-03 -5.615149E-04
200448  3.526569E-04  1.125146E-03
200449  1.064113E-03 -5.506565E-04
200450  4.977235E-05 -1.216734E-03
200451 -3.735644E-04 -1.164682E-03
200452  4.978657E-05 -1.216747E-03
200453  1.064139E-03 -5.506823E-04
200454  3.526918E-04  1.125110E-03
200455 -1.034003E-03 -5.615586E-04
200456  1.081976E-03  3.628517E-04
200457 -8.663576E-04 -7.189503E-04
200458  2.732198E-05  1.094884E-03
200459  1.007368E-03 -3.445573E-04
200460 -2.879808E-04 -9.920762E-04
200461 -1.003954E-03 -5.209985E-05
200462 -5.706929E-04  8.006092E-04
200463  1.960044E-04  9.410500E-04
200464  7.371964E-04  5.751868E-04
200465  9.039564E-04  2.349820E-05
200466  7.219540E-04 -4.888306E-04
200467  2.695083E-04 -7.983935E-04
200468 -3.112649E-04 -7.592157E-04
200469 -7.486387E-04 -2.937336E-04
200470 -6.661699E-04  4.164368E-04
200471  6.797555E-05  7.589914E-04
200472  7.388801E-04  1.324805E-04
200473  1.900654E-04 -7.314337E-04
200474 -7.288623E-04 -8.627417E-05
200475  2.254582E-04  6.654590E-04
200476  3.564686E-04 -6.073025E-04
200477 -6.245192E-04  3.135606E-04
200478  6.717344E-04 -1.165249E-04
200479 -6.518532E-04  1.939761E-04
200480  5.399018E-04 -3.772307E-04
200481 -1.118507E-04  6.789113E-04
200482 -5.111327E-04 -3.838608E-04
200483  4.679041E-04 -4.599040E-04
200484  5.764618E-04  3.200165E-04
200485  7.981377E-05  6.310999E-04
200486 -2.783750E-04  5.580812E-04
200487 -3.825758E-04  4.902200E-04
200488 -2.783717E-04  5.580857E-04
200489  7.982004E-05  6.311085E-04
200490  5.764706E-04  3.200286E-04
200491  4.679151E-04 -4.598891E-04
200492 -5.111201E-04 -3.838435E-04
200493 -1.118365E-04  6.789306E-04
200494  5.399175E-04 -3.772093E-04
200495 -6.518363E-04  1.939998E-04
200496  6.717524E-04 -1.164988E-04
200497 -6.245003E-04  3.135887E-04
200498  3.564881E-04 -6.072734E-04
200499  2.254784E-04  6.654871E-04
200500 -7.288413E-04 -8.625011E-05
200501  1.900878E-04 -7.314171E-04
200502  7.389045E-04  1.324860E-04
200503  6.800300E-05  7.589824E-04
200504 -6.661383E-04  4.164106E-04
200505  6.244005E-04 -4.996404E-04
200506  7.300855E-04 -3.783274E-04
200507  7.765560E-04 -3.371715E-04
200508  7.924768E-04 -3.642720E-04
200509  7.898615E-04 -4.304559E-04
200510  7.837879E-04 -4.989308E-04
200511  8.020734E-04 -5.290133E-04
200512  8.762750E-04 -4.691251E-04
200513  1.000046E-03 -2.353405E-04
200514  1.022980E-03  2.779989E-04
200515  5.241678E-04  9.595661E-04
200516 -7.191764E-04  8.753864E-04
200517 -8.571435E-04 -8.038855E-04
200518  1.166286E-03 -2.531072E-04
200519 -1.052419E-03  6.362708E-04
200520  1.215710E-03 -2.693006E-04
200521 -8.136404E-04 -9.909858E-04
200522 -1.203811E-03  4.479202E-04
200523 -9.154535E-04  8.980331E-04
200524 -1.203799E-03  4.479078E-04
200525 -8.136181E-04 -9.910103E-04
200526  1.215739E-03 -2.693359E-04
200527 -1.052388E-03  6.362278E-04
200528  1.166312E-03 -2.531523E-04
200529 -8.571281E-04 -8.039247E-04
200530 -7.191772E-04  8.753626E-04
200531  5.241475E-04  9.595665E-04
200532  1.022940E-03  2.780300E-04
200533  9.999901E-04 -2.352766E-04
200534  8.762086E-04 -4.690314E-04
200535  8.020042E-04 -5.288972E-04
200536  7.837230E-04 -4.988029E-04
200537  7.898062E-04 -4.303278E-04
200538  7.924338E-04 -3.641544E-04
200539  7.765255E-04 -3.370728E-04
200540  7.300654E-04 -3.782527E-04
200541  6.243881E-04 -4.995914E-04
200542  3.995701E-04 -6.705858E-04
200543 -7.309388E-06 -7.662961E-04
200544 -5.216708E-04 -5.416714E-04
200545 -7.130009E-04  1.417410E-04
200546 -5.533451E-05  6.960116E-04
200547  6.945131E-04  3.799892E-05
200548 -1.676002E-04 -6.734328E-04
200549 -4.354023E-04  5.282975E-04
200550  6.409770E-04 -1.745679E-04
200551 -6.569472E-04  6.221809E-05
200552  6.462780E-04 -9.998696E-05
200553 -4.838465E-04  4.439468E-04
200554 -2.230545E-05 -6.320715E-04
200555  6.280512E-04  1.336804E-04
200556 -5.327385E-05  6.047409E-04
200557 -5.675125E-04  2.298027E-04
200558 -6.217220E-04 -1.643140E-04
200559 -5.868172E-04 -2.940739E-04
200560 -6.217141E-04 -1.643095E-04
200561 -5.674976E-04  2.298110E-04
200562 -5.325345E-05  6.047519E-04
200563  6.280754E-04  1.336929E-04
200564 -2.227898E-05 -6.320582E-04
200565 -4.838190E-04  4.439608E-04
200566  6.463055E-04 -9.997167E-05
200567 -6.569206E-04  6.223596E-05
200568  6.410018E-04 -1.745461E-04
200569 -4.353804E-04  5.283239E-04
200570 -1.675819E-04 -6.734022E-04
200571  6.945275E-04  3.803170E-05
200572 -5.532391E-05  6.960431E-04
200573 -7.129933E-04  1.417664E-04
200574 -5.216650E-04 -5.416574E-04
200575 -7.303626E-06 -7.662988E-04
200576  3.995779E-04 -6.706101E-04
200577 -2.273626E-05  8.025102E-04
200578  2.623662E-04  7.861079E-04
200579  6.252355E-04  5.780571E-04
200580  8.663025E-04  1.089589E-04
200581  7.566280E-04 -4.864682E-04
200582  2.597366E-04 -8.965160E-04
200583 -3.768886E-04 -8.949508E-04
200584 -8.404854E-04 -5.579551E-04
200585 -1.033994E-03 -1.643636E-04
200586 -1.086585E-03  4.375715E-05
200587 -1.128093E-03 -8.234041E-05
200588 -9.821711E-04 -6.472459E-04
200589  1.261948E-05 -1.215743E-03
200590  1.241729E-03  4.144087E-05
200591 -8.780748E-04  9.367581E-04
200592  7.977086E-04 -1.047836E-03
200593 -1.330874E-03  1.818199E-04
200594  2.431551E-05  1.342737E-03
200595  6.574974E-04  1.174260E-03
200596  2.432388E-05  1.342725E-03
200597 -1.330859E-03  1.817969E-04
200598  7.977288E-04 -1.047870E-03
200599 -8.780539E-04  9.367143E-04
200600  1.241745E-03  4.139373E-05
200601  1.262510E-05 -1.215784E-03
200602 -9.821814E-04 -6.472688E-04
200603 -1.128122E-03 -8.233366E-05
200604 -1.086633E-03  4.380157E-05
200605 -1.034056E-03 -1.642792E-04
200606 -8.405528E-04 -5.578351E-04
200607 -3.769524E-04 -8.948057E-04
200608  2.596850E-04 -8.963599E-04
200609  7.565940E-04 -4.863160E-04
200610  8.662877E-04  1.090940E-04
200611  6.252375E-04  5.781655E-04
200612  2.623804E-04  7.861847E-04
200613 -2.271530E-05  8.025547E-04
200614 -1.506439E-04  7.611976E-04
200615 -1.090032E-04  7.419906E-04
200616  1.119756E-04  7.167262E-04
200617  4.758968E-04  5.214961E-04
200618  6.983885E-04 -3.807303E-05
200619  2.273796E-04 -6.604111E-04
200620 -6.313135E-04 -2.545212E-04
200621 -3.916207E-05  6.680453E-04
200622  5.241607E-04 -3.753219E-04
200623 -6.369802E-04  1.212542E-04
200624  6.410127E-04 -1.489089E-05
200625 -5.824680E-04  2.530669E-04
200626  2.758991E-04 -5.639484E-04
200627  4.094368E-04  4.476459E-04
200628 -4.589871E-04  3.709528E-04
200629 -5.833924E-04 -2.907548E-04
200630 -3.272958E-04 -6.153173E-04
200631 -2.043315E-04 -6.778643E-04
200632 -3.272831E-04 -6.153128E-04
200633 -5.833687E-04 -2.907470E-04
200634 -4.589554E-04  3.709623E-04
200635  4.094736E-04  4.476554E-04
200636  2.759380E-04 -5.639403E-04
200637 -5.824291E-04  2.530736E-04
200638  6.410501E-04 -1.488423E-05
200639 -6.369460E-04  1.212634E-04
200640  5.241900E-04 -3.753072E-04
200641 -3.913942E-05  6.680676E-04
200642 -6.312989E-04 -2.544906E-04
200643  2.273854E-04 -6.603739E-04
200644  6.983856E-04 -3.803322E-05
200645  4.758861E-04  5.215327E-04
200646  1.119587E-04  7.167527E-04
200647 -1.090245E-04  7.419997E-04
200648 -1.506668E-04  7.611826E-04
200649 -4.635094E-04 -6.182082E-04
200650 -8.043058E-04 -6.547400E-05
200651 -5.059469E-04  6.744858E-04
200652  4.186833E-04  7.611659E-04
200653  8.822047E-04 -1.662454E-04
200654  8.614977E-05 -9.362690E-04
200655 -9.029739E-04 -3.732789E-04
200656 -6.906929E-04  7.318727E-04
200657  3.237088E-04  9.943534E-04
200658  1.003828E-03  4.398801E-04
200659  1.140318E-03 -1.284645E-04
200660  1.166151E-03 -2.678285E-04
200661  1.223366E-03  2.200356E-04
200662  4.518222E-04  1.208172E-03
200663 -1.325554E-03  2.038588E-04
200664  1.078430E-03 -8.531262E-04
200665 -1.374660E-03  2.959691E-04
200666  4.121468E-04  1.354870E-03
200667  1.072877E-03  9.340588E-04
200668  4.121504E-04  1.354860E-03
200669 -1.374653E-03  2.959477E-04
200670  1.078439E-03 -8.531602E-04
200671 -1.325544E-03  2.038136E-04
200672  4.518289E-04  1.208122E-03
200673  1.223364E-03  2.199905E-04
200674  1.166136E-03 -2.678541E-04
200675  1.140286E-03 -1.284567E-04
200676  1.003780E-03  4.399313E-04
200677  3.236499E-04  9.944506E-04
200678 -6.907530E-04  7.320101E-04
200679 -9.030241E-04 -3.731142E-04
200680  8.611904E-05 -9.360943E-04
200681  8.821987E-04 -1.660783E-04
200682  4.187018E-04  7.613103E-04
200683 -5.059089E-04  6.745973E-04
200684 -8.042559E-04 -6.539998E-05
200685 -4.634553E-04 -6.181712E-04
200686 -5.070377E-06 -7.514056E-04
200687  2.699798E-04 -6.867959E-04
200688  3.309435E-04 -6.459768E-04
200689  1.923767E-04 -6.883015E-04
200690 -1.695938E-04 -6.823253E-04
200691 -6.090983E-04 -3.098476E-04
200692 -4.741761E-04  4.587851E-04
200693  4.767591E-04  4.434155E-04
200694  1.857269E-04 -5.993207E-04
200695 -5.344277E-04  3.601922E-04
200696  6.034358E-04 -1.479758E-04
200697 -5.611385E-04  2.704757E-04
200698  3.205454E-04 -5.280908E-04
200699  2.877138E-04  5.035361E-04
200700 -5.579191E-04  1.931852E-04
200701 -4.595557E-04 -4.944899E-04
200702 -9.386405E-05 -7.046195E-04
200703  4.592889E-05 -7.125483E-04
200704 -9.384728E-05 -7.046149E-04
200705 -4.595248E-04 -4.944822E-04
200706 -5.578782E-04  1.931936E-04
200707  2.877600E-04  5.035425E-04
200708  3.205931E-04 -5.280881E-04
200709 -5.610920E-04  2.704745E-04
200710  6.034791E-04 -1.479789E-04
200711 -5.343893E-04  3.601911E-04
200712  1.857582E-04 -5.993151E-04
200713  4.767809E-04  4.434317E-04
200714 -4.741659E-04  4.588134E-04
200715 -6.091009E-04 -3.098083E-04
200716 -1.696091E-04 -6.822794E-04
200717  1.923496E-04 -6.882556E-04
200718  3.309060E-04 -6.459391E-04
200719  2.699338E-04 -6.867751E-04
200720 -5.122527E-06 -7.514102E-04
200721  7.071943E-04  3.313282E-04
200722  5.401630E-04 -5.804676E-04
200723 -5.437392E-04 -6.242762E-04
200724 -6.317956E-04  5.868467E-04
200725  7.034322E-04  5.417928E-04
200726  3.920390E-04 -8.558935E-04
200727 -9.545203E-04 -2.125199E-04
200728 -3.355696E-05  1.003094E-03
200729  1.062747E-03 -2.619975E-05
200730  1.703360E-04 -1.110635E-03
200731 -9.447614E-04 -6.952633E-04
200732 -1.223307E-03  5.683857E-05
200733 -1.255481E-03  2.492931E-04
200734 -1.268520E-03 -4.135149E-04
200735  7.146913E-05 -1.381850E-03
200736  1.076945E-03  9.389795E-04
200737 -9.505255E-04 -1.112414E-03
200738 -8.283032E-04  1.231625E-03
200739  4.514975E-05  1.491214E-03
200740 -8.283048E-04  1.231617E-03
200741 -9.505276E-04 -1.112434E-03
200742  1.076944E-03  9.389468E-04
200743  7.146840E-05 -1.381896E-03
200744 -1.268521E-03 -4.135682E-04
200745 -1.255487E-03  2.492438E-04
200746 -1.223323E-03  5.680898E-05
200747 -9.447915E-04 -6.952571E-04
200748  1.702923E-04 -1.110582E-03
200749  1.062695E-03 -2.609623E-05
200750 -3.360624E-05  1.003241E-03
200751 -9.545549E-04 -2.123442E-04
200752  3.920294E-04 -8.557082E-04
200753  7.034525E-04  5.419680E-04
200754 -6.317472E-04  5.869958E-04
200755 -5.436702E-04 -6.241639E-04
200756  5.402424E-04 -5.803963E-04
200757  7.072744E-04  3.313598E-04
200758  1.007633E-04  7.570662E-04
200759 -4.185840E-04  6.033901E-04
200760 -6.189036E-04  3.440922E-04
200761 -6.421860E-04  2.490321E-04
200762 -5.591117E-04  3.699720E-04
200763 -2.481597E-04  6.025287E-04
200764  3.633806E-04  5.290051E-04
200765  5.827119E-04 -2.551755E-04
200766 -3.814250E-04 -4.903974E-04
200767 -1.565018E-04  6.211180E-04
200768  3.994147E-04 -4.444521E-04
200769 -3.915747E-04  4.753288E-04
200770  1.361311E-04 -5.924760E-04
200771  3.859032E-04  4.154365E-04
200772 -5.100029E-04  2.557536E-04
200773 -4.858445E-04 -4.542824E-04
200774 -1.255821E-04 -6.947368E-04
200775  1.752367E-05 -7.094462E-04
200776 -1.255626E-04 -6.947319E-04
200777 -4.858089E-04 -4.542744E-04
200778 -5.099567E-04  2.557614E-04
200779  3.859543E-04  4.154408E-04
200780  1.361824E-04 -5.924777E-04
200781 -3.915257E-04  4.753207E-04
200782  3.994596E-04 -4.444642E-04
200783 -1.564624E-04  6.211070E-04
200784 -3.813937E-04 -4.904011E-04
200785  5.827323E-04 -2.551667E-04
200786  3.633873E-04  5.290293E-04
200787 -2.481683E-04  6.025672E-04
200788 -5.591357E-04  3.700202E-04
200789 -6.422244E-04  2.490827E-04
200790 -6.189552E-04  3.441363E-04
200791 -4.186476E-04  6.034181E-04
200792  1.006895E-04  7.570685E-04
200793 -7.664751E-04 -2.403318E-05
200794 -2.153372E-05  7.994275E-04
200795  7.973891E-04 -1.782423E-04
200796 -5.157440E-04 -6.902258E-04
200797 -3.293515E-04  8.167563E-04
200798  8.926194E-04 -2.572207E-04
200799 -7.796422E-04 -5.957128E-04
200800 -1.801404E-05  1.003210E-03
200801  9.406645E-04 -5.149575E-04
200802 -8.031609E-04 -7.898591E-04
200803 -8.179493E-04  8.451436E-04
200804  4.765312E-04  1.143813E-03
200805  1.104727E-03  6.908020E-04
200806  1.107964E-03  7.981645E-04
200807  7.128190E-05  1.422168E-03
200808 -1.414634E-03 -3.853632E-04
200809  1.498067E-03  2.226789E-04
200810 -4.440725E-04 -1.466755E-03
200811 -1.276049E-03 -8.633040E-04
200812 -4.440791E-04 -1.466762E-03
200813  1.498056E-03  2.226619E-04
200814 -1.414646E-03 -3.853936E-04
200815  7.127140E-05  1.422123E-03
200816  1.107955E-03  7.981106E-04
200817  1.104718E-03  6.907505E-04
200818  4.765161E-04  1.143781E-03
200819 -8.179748E-04  8.451477E-04
200820 -8.031980E-04 -7.898063E-04
200821  9.406209E-04 -5.148527E-04
200822 -1.805374E-05  1.003360E-03
200823 -7.796648E-04 -5.955335E-04
200824  8.926250E-04 -2.570318E-04
200825 -3.293129E-04  8.169346E-04
200826 -5.156754E-04 -6.900745E-04
200827  7.974783E-04 -1.781288E-04
200828 -2.143609E-05  7.994989E-04
200829 -7.663801E-04 -2.400217E-05
200830 -1.354782E-04 -7.168753E-04
200831  5.520365E-04 -4.566043E-04
200832  7.037550E-04  2.586661E-05
200833  6.245594E-04  2.778759E-04
200834  6.003304E-04  2.818509E-04
200835  6.485972E-04  4.874510E-05
200836  4.981860E-04 -4.077315E-04
200837 -1.836642E-04 -6.033926E-04
200838 -5.837581E-04  2.215668E-04
200839  4.620696E-04  4.146113E-04
200840 -1.607546E-04 -5.608870E-04
200841  9.137673E-05  6.002071E-04
200842 -2.979661E-04 -5.181948E-04
200843  5.696707E-04  7.306324E-05
200844 -2.339313E-04  4.752414E-04
200845 -5.951719E-04 -1.450876E-04
200846 -3.993545E-04 -5.482852E-04
200847 -2.775429E-04 -6.359614E-04
200848 -3.993339E-04 -5.482799E-04
200849 -5.951347E-04 -1.450791E-04
200850 -2.338839E-04  4.752494E-04
200851  5.697218E-04  7.306658E-05
200852 -2.979158E-04 -5.181993E-04
200853  9.142386E-05  6.001941E-04
200854 -1.607116E-04 -5.609057E-04
200855  4.621072E-04  4.145925E-04
200856 -5.837281E-04  2.215552E-04
200857 -1.836454E-04 -6.033905E-04
200858  4.981905E-04 -4.077124E-04
200859  6.485854E-04  4.878016E-05
200860  6.003023E-04  2.818971E-04
200861  6.245158E-04  2.779258E-04
200862  7.036969E-04  2.591085E-05
200863  5.519644E-04 -4.565755E-04
200864 -1.355634E-04 -7.168720E-04
200865  7.357302E-04 -1.576789E-04
200866 -3.911637E-04 -6.777799E-04
200867 -4.152120E-04  6.996749E-04
200868  8.247568E-04 -1.706908E-04
200869 -7.741108E-04 -4.438267E-04
200870  4.026420E-04  8.125655E-04
200871  1.057804E-04 -9.739434E-04
200872 -6.561506E-04  7.594260E-04
200873  1.051547E-03 -1.861943E-04
200874 -8.385776E-04 -7.480721E-04
200875 -3.936575E-04  1.113234E-03
200876  1.163052E-03  4.555120E-04
200877  1.071997E-03 -7.554973E-04
200878  8.514093E-04 -1.079647E-03
200879  1.365784E-03 -4.643841E-04
200880  4.416850E-04  1.438054E-03
200881 -9.079920E-04 -1.234644E-03
200882 -5.430253E-04  1.475929E-03
200883  5.773228E-04  1.477679E-03
200884 -5.430363E-04  1.475923E-03
200885 -9.080107E-04 -1.234658E-03
200886  4.416638E-04  1.438027E-03
200887  1.365765E-03 -4.644258E-04
200888  8.513957E-04 -1.079699E-03
200889  1.071987E-03 -7.555476E-04
200890  1.163039E-03  4.554796E-04
200891 -3.936778E-04  1.113237E-03
200892 -8.386086E-04 -7.480214E-04
200893  1.051509E-03 -1.860925E-04
200894 -6.561852E-04  7.595725E-04
200895  1.057629E-04 -9.737674E-04
200896  4.026534E-04  8.127518E-04
200897 -7.740653E-04 -4.436494E-04
200898  8.248329E-04 -1.705388E-04
200899 -4.151156E-04  6.997908E-04
200900 -3.910604E-04 -6.777049E-04
200901  7.358289E-04 -1.576435E-04
200902  1.442429E-04  7.302082E-04
200903 -6.299884E-04  3.357483E-04
200904 -6.073910E-04 -3.186226E-04
200905 -3.059511E-04 -6.002420E-04
200906 -1.613396E-04 -6.454022E-04
200907 -2.661182E-04 -5.974400E-04
200908 -5.401698E-04 -3.385361E-04
200909 -5.503964E-04  2.865739E-04
200910  2.370803E-04  5.666663E-04
200911  4.202343E-04 -4.119626E-04
200912 -5.908753E-04  6.930707E-05
200913  5.810406E-04  8.333806E-05
200914 -5.754665E-04  8.903838E-05
200915  3.243831E-04 -5.015662E-04
200916  3.584773E-04  3.822407E-04
200917 -3.429723E-04  3.874967E-04
200918 -5.802562E-04  6.133386E-07
200919 -5.871984E-04 -1.544898E-04
200920 -5.802362E-04  6.191482E-07
200921 -3.429367E-04  3.875060E-04
200922  3.585220E-04  3.822494E-04
200923  3.244303E-04 -5.015627E-04
200924 -5.754209E-04  8.903313E-05
200925  5.810829E-04  8.332299E-05
200926 -5.908366E-04  6.928479E-05
200927  4.202687E-04 -4.119860E-04
200928  2.371081E-04  5.666495E-04
200929 -5.503790E-04  2.865708E-04
200930 -5.401663E-04 -3.385222E-04
200931 -2.661306E-04 -5.974100E-04
200932 -1.613681E-04 -6.453612E-04
200933 -3.059946E-04 -6.001976E-04
200934 -6.074487E-04 -3.185838E-04
200935 -6.300607E-04  3.357718E-04
200936  1.441561E-04  7.302066E-04
200937 -6.893084E-04  3.034416E-04
200938  6.018440E-04  4.819966E-04
200939 -5.718875E-05 -8.079480E-04
200940 -4.559359E-04  6.940654E-04
200941  7.512833E-04 -4.519417E-04
200942 -9.038711E-04  1.269192E-04
200943  9.433417E-04  1.470036E-04
200944 -8.756099E-04 -5.015906E-04
200945  6.151899E-04  8.565816E-04
200946  1.585042E-05 -1.117822E-03
200947 -9.452581E-04  7.002580E-04
200948  9.511608E-04  8.088393E-04
200949  1.125908E-03 -6.718070E-04
200950  6.570681E-04 -1.207485E-03
200951  1.085409E-03 -9.518060E-04
200952  1.166184E-03  9.649774E-04
200953 -1.512209E-03 -3.047194E-04
200954  7.233455E-04  1.415838E-03
200955  1.506822E-03  5.378724E-04
200956  7.233310E-04  1.415833E-03
200957 -1.512234E-03 -3.047321E-04
200958  1.166156E-03  9.649531E-04
200959  1.085385E-03 -9.518435E-04
200960  6.570513E-04 -1.207532E-03
200961  1.125898E-03 -6.718531E-04
200962  9.511517E-04  8.088094E-04
200963 -9.452739E-04  7.002607E-04
200964  1.582347E-05 -1.117775E-03
200965  6.151539E-04  8.566767E-04
200966 -8.756451E-04 -5.014533E-04
200967  9.433213E-04  1.471698E-04
200968 -9.038640E-04  1.270971E-04
200969  7.513238E-04 -4.517698E-04
200970 -4.558650E-04  6.942160E-04
200971 -5.709779E-05 -8.078295E-04
200972  6.019416E-04  4.820773E-04
200973 -6.892159E-04  3.034848E-04
200974 -1.411438E-04 -6.993649E-04
200975  6.728329E-04 -1.925711E-04
200976  4.583063E-04  5.138371E-04
200977 -1.955566E-05  6.642330E-04
200978 -2.558043E-04  5.890511E-04
200979 -2.298877E-04  5.811523E-04
200980  5.932982E-05  6.091953E-04
200981  5.162500E-04  3.171666E-04
200982  4.026728E-04 -4.381997E-04
200983 -5.344939E-04 -2.451020E-04
200984  1.903198E-04  5.665230E-04
200985 -2.829705E-05 -5.675066E-04
200986  1.528353E-04  5.471232E-04
200987 -4.888093E-04 -3.209129E-04
200988  4.155475E-04 -4.179425E-04
200989  4.450814E-04  2.608800E-04
200990  6.613906E-05  4.757039E-04
200991 -8.508294E-05  4.722083E-04
200992  6.615685E-05  4.757101E-04
200993  4.451129E-04  2.608900E-04
200994  4.155864E-04 -4.179328E-04
200995 -4.887688E-04 -3.209083E-04
200996  1.528739E-04  5.471188E-04
200997 -2.826121E-05 -5.675212E-04
200998  1.903532E-04  5.665005E-04
200999 -5.344632E-04 -2.451266E-04
201000  4.026982E-04 -4.382185E-04
201001  5.162664E-04  3.171604E-04
201002  5.933341E-05  6.092050E-04
201003 -2.298989E-04  5.811765E-04
201004 -2.558302E-04  5.890848E-04
201005 -1.959513E-05  6.642688E-04
201006  4.582538E-04  5.138666E-04
201007  6.727666E-04 -1.925570E-04
201008 -1.412243E-04 -6.993754E-04
201009  6.317385E-04 -3.730552E-04
201010 -7.042159E-04 -3.103464E-04
201011  3.422878E-04  7.069905E-04
201012  3.291342E-05 -8.374137E-04
201013 -3.231582E-04  7.876569E-04
201014  5.138736E-04 -7.534850E-04
201015 -6.680580E-04  6.590916E-04
201016  8.274998E-04 -5.600355E-04
201017 -9.986689E-04  3.028917E-04
201018  1.087528E-03  2.038434E-04
201019 -6.622858E-04 -9.538829E-04
201020 -6.814765E-04  1.028542E-03
201021  9.289606E-04  9.194927E-04
201022  1.362489E-03  1.707217E-04
201023  1.347453E-03  5.116552E-04
201024 -1.580151E-04  1.490810E-03
201025 -6.595396E-04 -1.378856E-03
201026 -6.112803E-04  1.449039E-03
201027  5.782360E-04  1.479176E-03
201028 -6.112972E-04  1.449034E-03
201029 -6.595685E-04 -1.378867E-03
201030 -1.580480E-04  1.490788E-03
201031  1.347425E-03  5.116227E-04
201032  1.362471E-03  1.706813E-04
201033  9.289516E-04  9.194533E-04
201034 -6.814825E-04  1.028517E-03
201035 -6.622981E-04 -9.538798E-04
201036  1.087503E-03  2.038855E-04
201037 -9.987064E-04  3.029761E-04
201038  8.274590E-04 -5.599130E-04
201039 -6.680880E-04  6.592416E-04
201040  5.138678E-04 -7.533216E-04
201041 -3.231325E-04  7.878187E-04
201042  3.296863E-05 -8.372673E-04
201043  3.423632E-04  7.071104E-04
201044 -7.041331E-04 -3.102597E-04
201045  6.318175E-04 -3.730031E-04
201046  1.408490E-04  7.084849E-04
201047 -6.810957E-04  1.344406E-04
201048 -3.262413E-04 -5.811542E-04
201049  2.344384E-04 -6.114402E-04
201050  4.764300E-04 -4.330372E-04
201051  4.872358E-04 -4.012691E-04
201052  2.976547E-04 -5.440845E-04
201053 -1.973114E-04 -5.741829E-04
201054 -5.933866E-04  4.402693E-05
201055  1.689257E-04  5.676371E-04
201056  3.002707E-04 -4.800525E-04
201057 -4.419108E-04  3.690348E-04
201058  3.633628E-04 -4.336469E-04
201059  1.311750E-06  5.433606E-04
201060 -5.359558E-04 -2.083578E-04
201061  4.920815E-05 -6.008276E-04
201062  4.295091E-04 -3.931146E-04
201063  5.018351E-04 -2.653652E-04
201064  4.295235E-04 -3.931083E-04
201065  4.923351E-05 -6.008172E-04
201066 -5.359247E-04 -2.083473E-04
201067  1.343870E-06  5.433666E-04
201068  3.633935E-04 -4.336492E-04
201069 -4.418815E-04  3.690227E-04
201070  3.002990E-04 -4.800724E-04
201071  1.689527E-04  5.676146E-04
201072 -5.933633E-04  4.400907E-05
201073 -1.972958E-04 -5.741899E-04
201074  2.976589E-04 -5.440778E-04
201075  4.872268E-04 -4.012504E-04
201076  4.764082E-04 -4.330114E-04
201077  2.344052E-04 -6.114143E-04
201078 -3.262855E-04 -5.811358E-04
201079 -6.811517E-04  1.344434E-04
201080  1.407804E-04  7.084637E-04
201081 -5.916038E-04  4.315359E-04
201082  7.263887E-04  1.921087E-04
201083 -4.859304E-04 -6.263211E-04
201084  1.786696E-04  7.843222E-04
201085  4.583885E-05 -8.616470E-04
201086 -2.024936E-04  8.564186E-04
201087  3.254528E-04 -8.818146E-04
201088 -4.727865E-04  8.531615E-04
201089  7.098628E-04 -7.502553E-04
201090 -1.012336E-03  3.917589E-04
201091  1.066159E-03  4.320272E-04
201092 -1.220663E-05 -1.203647E-03
201093 -1.255074E-03 -1.981765E-04
201094 -1.169970E-03  6.563174E-04
201095 -1.350138E-03  3.757741E-04
201096 -7.046313E-04 -1.267991E-03
201097  1.320421E-03  7.428362E-04
201098 -3.029150E-04 -1.497053E-03
201099 -1.273619E-03 -8.596354E-04
201100 -3.029333E-04 -1.497058E-03
201101  1.320390E-03  7.428247E-04
201102 -7.046664E-04 -1.268011E-03
201103 -1.350168E-03  3.757467E-04
201104 -1.169988E-03  6.562847E-04
201105 -1.255081E-03 -1.982077E-04
201106 -1.220982E-05 -1.203666E-03
201107  1.066149E-03  4.320307E-04
201108 -1.012361E-03  3.917939E-04
201109  7.098215E-04 -7.501855E-04
201110 -4.728361E-04  8.532638E-04
201111  3.254089E-04 -8.816870E-04
201112 -2.025177E-04  8.565614E-04
201113  4.584291E-05 -8.615007E-04
201114  1.787016E-04  7.844600E-04
201115 -4.858780E-04 -6.262028E-04
201116  7.264503E-04  1.921995E-04
201117 -5.915433E-04  4.315961E-04
201118 -1.668668E-04 -6.799677E-04
201119  6.755392E-04 -1.013697E-04
201120  2.793775E-04  6.111329E-04
201121 -3.055002E-04  5.740038E-04
201122 -5.378558E-04  3.298557E-04
201123 -5.578496E-04  2.619753E-04
201124 -4.300245E-04  4.216621E-04
201125  4.552971E-06  5.912900E-04
201126  5.599341E-04  1.680529E-04
201127  5.561547E-05 -5.682804E-04
201128 -4.727009E-04  3.279755E-04
201129  5.486836E-04 -1.227191E-04
201130 -5.173860E-04  2.114018E-04
201131  2.587202E-04 -5.005519E-04
201132  3.665745E-04  3.850632E-04
201133 -3.309150E-04  4.110166E-04
201134 -5.525428E-04  2.503167E-05
201135 -5.495408E-04 -1.269572E-04
201136 -5.525326E-04  2.503764E-05
201137 -3.308970E-04  4.110266E-04
201138  3.665965E-04  3.850738E-04
201139  2.587432E-04 -5.005446E-04
201140 -5.173631E-04  2.114022E-04
201141  5.487066E-04 -1.227272E-04
201142 -4.726771E-04  3.279603E-04
201143  5.563930E-05 -5.682983E-04
201144  5.599553E-04  1.680385E-04
201145  4.567584E-06  5.912843E-04
201146 -4.300198E-04  4.216672E-04
201147 -5.578561E-04  2.619894E-04
201148 -5.378727E-04  3.298739E-04
201149 -3.055261E-04  5.740200E-04
201150  2.793431E-04  6.111403E-04
201151  6.754958E-04 -1.013781E-04
201152 -1.669198E-04 -6.799992E-04
201153  5.424126E-04 -4.728459E-04
201154 -7.343563E-04 -1.427483E-04
201155  5.126846E-04  5.698254E-04
201156 -2.144716E-04 -7.861890E-04
201157 -3.117255E-05  8.283340E-04
201158  2.099780E-04 -8.586420E-04
201159 -3.652565E-04  8.367533E-04
201160  5.513353E-04 -7.913570E-04
201161 -8.050038E-04  6.130812E-04
201162  1.056677E-03 -1.374703E-04
201163 -8.581402E-04 -7.163957E-04
201164 -4.518277E-04  1.097331E-03
201165  9.796460E-04  7.772590E-04
201166  1.302132E-03  1.445065E-04
201167  1.235277E-03  5.965173E-04
201168 -4.065659E-04  1.362059E-03
201169 -2.572272E-04 -1.426313E-03
201170 -9.794852E-04  1.115547E-03
201171  4.998473E-05  1.498038E-03
201172 -9.795036E-04  1.115541E-03
201173 -2.572586E-04 -1.426326E-03
201174 -4.066009E-04  1.362041E-03
201175  1.235249E-03  5.964947E-04
201176  1.302116E-03  1.444817E-04
201177  9.796415E-04  7.772367E-04
201178 -4.518280E-04  1.097318E-03
201179 -8.581481E-04 -7.163926E-04
201180  1.056651E-03 -1.374447E-04
201181 -8.050494E-04  6.131325E-04
201182  5.512763E-04 -7.912802E-04
201183 -3.653156E-04  8.368526E-04
201184  2.099332E-04 -8.585259E-04
201185 -3.119338E-05  8.284590E-04
201186 -2.144668E-04 -7.860651E-04
201187  5.127097E-04  5.699375E-04
201188 -7.343200E-04 -1.426571E-04
201189  5.424512E-04 -4.727805E-04
201190  2.225968E-04  6.646823E-04
201191 -6.560447E-04  1.750878E-04
201192 -3.284335E-04 -5.641698E-04
201193  2.530725E-04 -5.858016E-04
201194  5.040834E-04 -3.719985E-04
201195  5.298650E-04 -3.109435E-04
201196  3.935855E-04 -4.582920E-04
201197 -4.350679E-05 -5.918802E-04
201198 -5.650220E-04 -1.347667E-04
201199 -2.957913E-05  5.747720E-04
201200  4.545077E-04 -3.293798E-04
201201 -5.385872E-04  1.504469E-04
201202  5.053963E-04 -2.250546E-04
201203 -2.481246E-04  4.847206E-04
201204 -3.787725E-04 -4.075932E-04
201205  3.081399E-04 -4.597433E-04
201206  5.309336E-04 -8.876608E-05
201207  5.289855E-04  5.930234E-05
201208  5.309392E-04 -8.876105E-05
201209  3.081498E-04 -4.597347E-04
201210 -3.787601E-04 -4.075834E-04
201211 -2.481108E-04  4.847285E-04
201212  5.054115E-04 -2.250515E-04
201213 -5.385699E-04  1.504436E-04
201214  4.545273E-04 -3.293889E-04
201215 -2.955836E-05  5.747604E-04
201216 -5.650030E-04 -1.347760E-04
201217 -4.349341E-05 -5.918830E-04
201218  3.935905E-04 -4.582871E-04
201219  5.298611E-04 -3.109329E-04
201220  5.040715E-04 -3.719867E-04
201221  2.530544E-04 -5.857940E-04
201222 -3.284570E-04 -5.641721E-04
201223 -6.560741E-04  1.750697E-04
201224  2.225616E-04  6.646425E-04
