Mesh2HRTF 1.0.0-dev
    1
    1  1225
200000 -5.775406E-04 -5.981497E-04
200001 -7.275878E-04 -4.539527E-04
200002  6.126759E-04  5.921451E-04
200003 -3.730934E-04 -7.800131E-04
200004 -1.069422E-04  8.535234E-04
200005  6.590085E-04 -5.553286E-04
200006 -8.346700E-04 -2.637437E-04
200007  1.700167E-05  8.630080E-04
200008  8.623183E-04 -8.667910E-05
200009  1.008354E-04 -8.729353E-04
200010 -7.120080E-04 -5.156809E-04
200011 -8.648178E-04  1.223511E-04
200012 -7.138196E-04  4.962874E-04
200013 -6.261672E-04  6.008970E-04
200014 -7.118899E-04  4.961827E-04
200015 -8.610252E-04  1.221186E-04
200016 -7.064905E-04 -5.160837E-04
200017  1.078631E-04 -8.735620E-04
200018  8.705612E-04 -8.758469E-05
200019  2.608726E-05  8.617786E-04
200020 -8.251785E-04 -2.653204E-04
200021  6.684303E-04 -5.572459E-04
200022 -9.806846E-05  8.513091E-04
200023 -3.652053E-04 -7.824429E-04
200024  6.192253E-04  5.896164E-04
200025 -7.226082E-04 -4.564379E-04
200026  7.467635E-04  4.084294E-04
200027 -7.197556E-04 -4.448480E-04
200028  6.462531E-04  5.488819E-04
200029 -5.134983E-04 -6.588088E-04
200030  3.364630E-04  7.761242E-04
200031 -1.200752E-04 -8.163592E-04
200032 -7.905565E-05  8.368369E-04
200033  2.568413E-04 -7.788638E-04
200034 -3.579921E-04  7.502341E-04
200035  4.085880E-04 -7.077054E-04
200036 -3.589797E-04  7.407413E-04
200037  2.246686E-04 -7.809904E-04
200038  5.850150E-05  8.149736E-04
200039 -4.440632E-04 -6.763134E-04
200040  7.791572E-04  2.227783E-04
200041 -6.483451E-04  4.776289E-04
200042 -1.674682E-04 -7.920735E-04
200043  8.017443E-04 -2.007760E-05
200044  5.975817E-05  7.934090E-04
200045 -7.422751E-04  3.038130E-04
200046 -6.732151E-04 -4.481700E-04
200047 -2.286796E-04 -7.763874E-04
200048  1.074465E-04 -7.999465E-04
200049  2.179325E-04 -7.758038E-04
200050  1.068273E-04 -7.997366E-04
200051 -2.299303E-04 -7.759928E-04
200052 -6.751126E-04 -4.476395E-04
200053 -7.448217E-04  3.044100E-04
200054  5.659214E-05  7.939876E-04
200055  7.980367E-04 -1.961010E-05
200056 -1.715822E-04 -7.918089E-04
200057 -6.526733E-04  4.776107E-04
200058  7.748520E-04  2.224200E-04
200059 -4.480843E-04 -6.770365E-04
200060  5.502142E-05  8.139009E-04
200061  2.219505E-04 -7.823538E-04
200062 -3.607805E-04  7.391873E-04
200063  4.077689E-04 -7.093156E-04
200064 -3.578723E-04  7.487239E-04
200065  2.577441E-04 -7.801128E-04
200066 -7.763223E-05  8.359963E-04
200067 -1.184811E-04 -8.166753E-04
200068  3.378209E-04  7.764027E-04
200069 -5.128008E-04 -6.579202E-04
200070  6.458944E-04  5.503400E-04
200071 -7.214928E-04 -4.429113E-04
200072  7.434390E-04  4.107158E-04
200073 -2.133866E-04 -8.527117E-04
200074  3.460039E-05 -8.826379E-04
200075  5.291245E-04 -7.089562E-04
200076  8.866314E-04  3.970621E-05
200077  1.263531E-04  8.904240E-04
200078 -8.949454E-04 -1.083168E-04
200079  7.099290E-04 -5.570267E-04
200080 -5.385566E-04  7.381804E-04
200081  7.469043E-04 -5.247312E-04
200082 -8.719434E-04 -2.544044E-04
200083 -2.204070E-04  8.938251E-04
200084  6.131407E-04  6.924906E-04
200085  8.004421E-04  4.622360E-04
200086  6.105237E-04  6.932048E-04
200087 -2.251032E-04  8.951578E-04
200088 -8.777274E-04 -2.525998E-04
200089  7.412952E-04 -5.225983E-04
200090 -5.427399E-04  7.405214E-04
200091  7.080672E-04 -5.546043E-04
200092 -8.942496E-04 -1.059993E-04
200093  1.290419E-04  8.923604E-04
200094  8.900622E-04  4.092862E-05
200095  5.317244E-04 -7.087426E-04
200096  3.497056E-05 -8.835694E-04
200097 -2.160327E-04 -8.546757E-04
200098 -2.362573E-04 -8.443693E-04
200099 -7.771636E-05 -8.654934E-04
200100  2.136094E-04 -8.305216E-04
200101  5.453920E-04 -6.455372E-04
200102  7.814279E-04 -2.982634E-04
200103  8.252538E-04  1.136859E-04
200104  6.949624E-04  4.556358E-04
200105  5.014247E-04  6.564640E-04
200106  3.651440E-04  7.317788E-04
200107  3.637081E-04  7.217847E-04
200108  5.209655E-04  6.063476E-04
200109  7.498504E-04  2.620612E-04
200110  6.970087E-04 -3.837598E-04
200111 -9.006949E-05 -7.914058E-04
200112 -7.808501E-04  8.620819E-05
200113  3.980556E-04  6.695060E-04
200114  1.335965E-04 -7.647923E-04
200115 -3.145224E-04  7.121844E-04
200116  1.351364E-04 -7.552574E-04
200117  4.154398E-04  6.550558E-04
200118 -7.420553E-04  2.041835E-04
200119 -3.536367E-04 -6.752223E-04
200120  2.533839E-04 -7.205504E-04
200121  4.403009E-04 -6.268376E-04
200122  2.562164E-04 -7.202300E-04
200123 -3.486353E-04 -6.745392E-04
200124 -7.360146E-04  2.052791E-04
200125  4.212434E-04  6.565748E-04
200126  1.396057E-04 -7.533731E-04
200127 -3.120739E-04  7.143087E-04
200128  1.338335E-04 -7.625988E-04
200129  3.963314E-04  6.715758E-04
200130 -7.839884E-04  8.794521E-05
200131 -9.394993E-05 -7.902288E-04
200132  6.930376E-04 -3.833775E-04
200133  7.463319E-04  2.614527E-04
200134  5.183113E-04  6.046689E-04
200135  3.622266E-04  7.191524E-04
200136  3.650917E-04  7.285398E-04
200137  5.030429E-04  6.531549E-04
200138  6.984617E-04  4.528670E-04
200139  8.307264E-04  1.119881E-04
200140  7.887067E-04 -2.985802E-04
200141  5.539197E-04 -6.444673E-04
200142  2.224094E-04 -8.283678E-04
200143 -6.989718E-05 -8.627907E-04
200144 -2.306333E-04 -8.417499E-04
200145  8.860942E-04  1.496390E-04
200146 -8.063925E-04 -3.865845E-04
200147  3.515004E-04  8.418293E-04
200148  7.000690E-04 -5.988706E-04
200149 -3.718486E-04 -8.550574E-04
200150 -7.898687E-04 -5.075392E-04
200151 -7.010324E-04 -6.334201E-04
200152  1.411070E-04 -9.408950E-04
200153  8.640417E-04  4.087751E-04
200154 -9.610814E-04 -9.220778E-05
200155  7.256189E-04  6.241742E-04
200156  6.594112E-04 -7.111735E-04
200157  2.325263E-04 -9.474882E-04
200158  6.612035E-04 -7.108660E-04
200159  7.278268E-04  6.237502E-04
200160 -9.603779E-04 -9.446453E-05
200161  8.620669E-04  4.046284E-04
200162  1.370290E-04 -9.456390E-04
200163 -7.049566E-04 -6.368441E-04
200164 -7.910253E-04 -5.082761E-04
200165 -3.690633E-04 -8.530689E-04
200166  7.055885E-04 -5.953610E-04
200167  3.568852E-04  8.452025E-04
200168 -8.037298E-04 -3.845406E-04
200169  8.855027E-04  1.501085E-04
200170 -8.520031E-04 -2.079297E-04
200171  7.167028E-04  4.923880E-04
200172 -3.502228E-04 -7.882915E-04
200173 -2.157574E-04  8.199781E-04
200174  6.880586E-04 -4.826080E-04
200175 -8.243588E-04 -3.950005E-05
200176  6.838558E-04  4.693864E-04
200177 -4.588529E-04 -6.581877E-04
200178  3.893384E-04  7.070206E-04
200179 -5.199296E-04 -6.044820E-04
200180  7.528016E-04  2.058668E-04
200181 -5.803186E-04  5.208133E-04
200182 -4.883779E-04 -6.070037E-04
200183  3.208623E-04 -6.927040E-04
200184  6.300395E-04 -4.226585E-04
200185  5.938062E-04 -4.657417E-04
200186  1.297146E-04 -7.342842E-04
200187 -7.035652E-04 -2.390407E-04
200188  1.557987E-04  7.289817E-04
200189  6.667514E-05 -7.426640E-04
200190  2.490528E-04  6.902868E-04
200191 -7.441965E-04 -1.892345E-05
200192 -2.832319E-04 -6.909918E-04
200193 -1.764755E-06 -7.459999E-04
200194 -2.823163E-04 -6.915252E-04
200195 -7.433257E-04 -1.980707E-05
200196  2.487230E-04  6.891684E-04
200197  6.467990E-05 -7.441898E-04
200198  1.526998E-04  7.266661E-04
200199 -7.065354E-04 -2.423707E-04
200200  1.281082E-04 -7.383106E-04
200201  5.942751E-04 -4.695065E-04
200202  6.325878E-04 -4.248950E-04
200203  3.249111E-04 -6.924820E-04
200204 -4.836839E-04 -6.043287E-04
200205 -5.757971E-04  5.248823E-04
200206  7.564815E-04  2.097600E-04
200207 -5.177751E-04 -6.019691E-04
200208  3.890660E-04  7.078843E-04
200209 -4.625101E-04 -6.584300E-04
200210  6.764549E-04  4.687954E-04
200211 -8.345414E-04 -3.996160E-05
200212  6.774613E-04 -4.827863E-04
200213 -2.239023E-04  8.201378E-04
200214 -3.540414E-04 -7.877421E-04
200215  7.169485E-04  4.931984E-04
200216 -8.500448E-04 -2.073703E-04
200217 -8.216587E-04 -3.723029E-04
200218 -7.340557E-04 -5.590547E-04
200219 -1.404471E-04 -9.294528E-04
200220  9.053242E-04 -2.521895E-04
200221 -3.799077E-04  8.845836E-04
200222  3.710679E-04 -9.042165E-04
200223 -9.623837E-04  1.854845E-04
200224 -3.325859E-04  9.430819E-04
200225 -4.862959E-04  8.860408E-04
200226 -9.477923E-04 -3.592788E-04
200227  1.015808E-03  1.074622E-06
200228 -5.355543E-04 -8.635647E-04
200229 -9.682590E-04 -2.990764E-04
200230 -5.318918E-04 -8.581634E-04
200231  1.023241E-03  7.322290E-06
200232 -9.385822E-04 -3.569574E-04
200233 -4.798051E-04  8.834699E-04
200234 -3.323754E-04  9.384483E-04
200235 -9.672522E-04  1.823201E-04
200236  3.664358E-04 -9.044182E-04
200237 -3.799611E-04  8.862860E-04
200238  9.090479E-04 -2.509891E-04
200239 -1.376536E-04 -9.307516E-04
200240 -7.357970E-04 -5.630095E-04
200241 -8.272665E-04 -3.769103E-04
200242 -7.204445E-04 -5.288686E-04
200243 -3.513736E-04 -8.039651E-04
200244  2.752140E-04 -8.163405E-04
200245  7.788644E-04 -3.394371E-04
200246  7.635072E-04  3.359806E-04
200247  3.391790E-04  7.442395E-04
200248 -8.340963E-05  8.065438E-04
200249 -2.678262E-04  7.603771E-04
200250 -1.611635E-04  7.796222E-04
200251  2.895959E-04  7.252958E-04
200252  7.706125E-04  6.285926E-05
200253 -2.198490E-05 -7.654977E-04
200254 -5.216222E-04  5.458914E-04
200255  5.692860E-04 -4.778394E-04
200256 -1.482584E-04  7.291546E-04
200257 -6.992139E-04 -2.283002E-04
200258 -3.001670E-04 -6.741508E-04
200259 -3.255900E-04 -6.570229E-04
200260 -7.130326E-04 -1.168202E-04
200261  1.111978E-04  7.080842E-04
200262  9.947149E-05 -7.039860E-04
200263  3.601713E-04  6.221482E-04
200264 -5.777840E-04  4.170134E-04
200265 -6.991312E-04  9.073547E-05
200266 -5.765685E-04  4.179851E-04
200267  3.605086E-04  6.244061E-04
200268  9.767077E-05 -7.006971E-04
200269  1.087034E-04  7.113218E-04
200270 -7.137003E-04 -1.145534E-04
200271 -3.237135E-04 -6.556468E-04
200272 -2.973489E-04 -6.731522E-04
200273 -6.973434E-04 -2.276414E-04
200274 -1.479811E-04  7.294225E-04
200275  5.678106E-04 -4.772358E-04
200276 -5.256111E-04  5.475856E-04
200277 -2.872926E-05 -7.636957E-04
200278  7.635573E-04  6.233574E-05
200279  2.869365E-04  7.215129E-04
200280 -1.562031E-04  7.750730E-04
200281 -2.567146E-04  7.588124E-04
200282 -7.128804E-05  8.088991E-04
200283  3.476457E-04  7.475248E-04
200284  7.671581E-04  3.364334E-04
200285  7.797405E-04 -3.425923E-04
200286  2.764009E-04 -8.203996E-04
200287 -3.477173E-04 -8.054664E-04
200288 -7.144404E-04 -5.265207E-04
200289 -6.241777E-04  6.748749E-04
200290  7.465838E-04 -5.844933E-04
200291 -9.537986E-04 -1.100848E-04
200292 -1.141690E-04  9.767273E-04
200293  4.952349E-04  8.704793E-04
200294  6.231020E-05  1.014868E-03
200295 -1.020921E-03 -8.944862E-05
200296  1.043352E-03  4.078619E-05
200297 -5.599210E-05 -1.059470E-03
200298 -8.163555E-05 -1.067499E-03
200299  1.072852E-03  6.375045E-05
200300 -9.757047E-04 -4.556461E-04
200301 -9.478367E-04  5.132399E-04
200302 -9.878375E-04 -4.532543E-04
200303  1.060293E-03  6.371694E-05
200304 -8.537730E-05 -1.071407E-03
200305 -5.335585E-05 -1.062538E-03
200306  1.044433E-03  4.238736E-05
200307 -1.023685E-03 -8.549210E-05
200308  6.080533E-05  1.017057E-03
200309  4.991895E-04  8.708756E-04
200310 -1.082248E-04  9.779974E-04
200311 -9.525046E-04 -1.072576E-04
200312  7.436548E-04 -5.817895E-04
200313 -6.237195E-04  6.761753E-04
200314  7.952570E-04 -4.425490E-04
200315 -8.782672E-04 -1.354766E-04
200316  4.767458E-04  7.332984E-04
200317  2.734787E-04 -7.985280E-04
200318 -7.567871E-04  3.460180E-04
200319  8.026274E-04  1.742576E-04
200320 -6.838338E-04 -4.398400E-04
200321  6.878228E-04  3.888986E-04
200322 -7.784469E-04  4.486590E-05
200323  2.908547E-04 -7.098848E-04
200324  7.505319E-04  1.014882E-04
200325  5.516901E-04  4.949472E-04
200326  6.380311E-04  3.689137E-04
200327  6.096873E-04 -3.887992E-04
200328 -6.167854E-04 -3.761852E-04
200329  5.484646E-04  4.444918E-04
200330 -6.980151E-04  1.346334E-04
200331 -3.782811E-04 -5.830821E-04
200332 -3.094217E-04 -6.112157E-04
200333 -6.885450E-04 -5.376935E-05
200334  3.359827E-04  6.016677E-04
200335 -4.470833E-04 -5.367990E-04
200336  6.030909E-04 -3.324108E-04
200337  6.832946E-04  6.233857E-05
200338  6.072512E-04 -3.340166E-04
200339 -4.443704E-04 -5.375911E-04
200340  3.347925E-04  6.024361E-04
200341 -6.896335E-04 -5.448300E-05
200342 -3.067238E-04 -6.155673E-04
200343 -3.746500E-04 -5.872755E-04
200344 -6.997271E-04  1.356375E-04
200345  5.405555E-04  4.481813E-04
200346 -6.230670E-04 -3.771839E-04
200347  6.128665E-04 -3.949660E-04
200348  6.476839E-04  3.655051E-04
200349  5.568406E-04  4.984097E-04
200350  7.459824E-04  1.056216E-04
200351  2.824897E-04 -7.120213E-04
200352 -7.833973E-04  3.921839E-05
200353  6.853108E-04  3.878518E-04
200354 -6.893118E-04 -4.344308E-04
200355  7.943642E-04  1.799956E-04
200356 -7.617236E-04  3.469251E-04
200357  2.736909E-04 -8.011093E-04
200358  4.757157E-04  7.310996E-04
200359 -8.849079E-04 -1.360561E-04
200360  7.884134E-04 -4.427738E-04
200361 -9.063567E-04  2.378191E-04
200362 -9.475287E-04  1.251818E-04
200363 -7.741587E-04 -6.164600E-04
200364  6.914075E-04 -7.372216E-04
200365 -3.567395E-04  9.715482E-04
200366  9.816474E-04 -3.726718E-04
200367  4.082481E-04 -9.963110E-04
200368  1.035557E-03 -3.520129E-04
200369 -7.979248E-04  7.787158E-04
200370  7.910512E-04  8.115564E-04
200371  2.425390E-04  1.115157E-03
200372 -5.882091E-04 -9.746158E-04
200373 -1.132692E-03  1.618697E-04
200374 -5.905454E-04 -9.721212E-04
200375  2.456624E-04  1.112524E-03
200376  7.996520E-04  8.040616E-04
200377 -7.920926E-04  7.768084E-04
200378  1.035698E-03 -3.452292E-04
200379  4.064840E-04 -9.919239E-04
200380  9.808474E-04 -3.784961E-04
200381 -3.553422E-04  9.627234E-04
200382  6.931369E-04 -7.400232E-04
200383 -7.788992E-04 -6.152321E-04
200384 -9.581854E-04  1.257409E-04
200385 -9.091831E-04  2.391287E-04
200386 -9.084833E-04 -1.065690E-04
200387 -6.281230E-04 -6.486704E-04
200388  4.202612E-05 -8.785569E-04
200389  6.542376E-04 -5.418047E-04
200390  8.358672E-04 -1.269784E-05
200391  7.611633E-04  2.874552E-04
200392  7.480824E-04  2.584449E-04
200393  7.650534E-04 -1.607689E-04
200394  1.496510E-04 -7.454371E-04
200395 -7.429586E-04  1.048853E-04
200396  7.080329E-04  2.071029E-04
200397 -7.252465E-04  1.145221E-04
200398 -1.697760E-05 -7.106189E-04
200399  4.419798E-04 -5.492679E-04
200400  1.916197E-04 -6.810582E-04
200401 -6.601799E-04 -2.041669E-04
200402  5.260868E-04  4.480178E-04
200403 -6.777231E-04  8.735149E-05
200404 -4.031943E-04 -5.496865E-04
200405 -5.167697E-04 -4.392366E-04
200406 -4.310320E-04  5.056261E-04
200407  5.420023E-04 -3.892595E-04
200408  1.023498E-04  6.696613E-04
200409 -3.327298E-04  5.919196E-04
200410  1.051952E-04  6.665451E-04
200411  5.405077E-04 -3.918585E-04
200412 -4.370146E-04  5.098178E-04
200413 -5.220676E-04 -4.315386E-04
200414 -4.064615E-04 -5.503725E-04
200415 -6.779885E-04  7.950430E-05
200416  5.292355E-04  4.477121E-04
200417 -6.589875E-04 -1.954881E-04
200418  1.896935E-04 -6.784693E-04
200419  4.452041E-04 -5.568982E-04
200420 -7.970398E-06 -7.143448E-04
200421 -7.210432E-04  1.226989E-04
200422  7.055752E-04  2.174479E-04
200423 -7.414472E-04  1.071453E-04
200424  1.610112E-04 -7.483046E-04
200425  7.792329E-04 -1.611943E-04
200426  7.529285E-04  2.594714E-04
200427  7.544637E-04  2.838354E-04
200428  8.325802E-04 -1.836461E-05
200429  6.664096E-04 -5.402581E-04
200430  5.637199E-05 -8.706954E-04
200431 -6.295583E-04 -6.445536E-04
200432 -9.169339E-04 -1.080695E-04
200433  6.602202E-04 -6.852199E-04
200434 -7.925708E-04  5.805986E-04
200435  9.714179E-04  2.249564E-04
200436  4.462744E-04 -9.381371E-04
200437  2.702434E-04 -1.027435E-03
200438  1.090654E-03 -1.145373E-04
200439 -1.049648E-03  3.975115E-04
200440  3.143450E-04  1.100833E-03
200441 -4.635700E-04  1.071544E-03
200442  3.945384E-04 -1.119919E-03
200443 -3.660610E-04 -1.153549E-03
200444  1.185819E-03  2.203724E-04
200445  4.063691E-04 -1.142711E-03
200446  1.184975E-03  2.263547E-04
200447 -3.617592E-04 -1.150140E-03
200448  3.968050E-04 -1.124238E-03
200449 -4.719809E-04  1.066772E-03
200450  3.075229E-04  1.102643E-03
200451 -1.044438E-03  4.003414E-04
200452  1.094199E-03 -1.153510E-04
200453  2.658915E-04 -1.024897E-03
200454  4.497087E-04 -9.288593E-04
200455  9.821099E-04  2.293249E-04
200456 -7.919347E-04  5.730223E-04
200457  6.578575E-04 -6.893895E-04
200458 -7.953209E-04  4.603230E-04
200459  9.026140E-04  5.200559E-05
200460 -6.687825E-04 -5.646648E-04
200461  2.588538E-04  8.064499E-04
200462  8.772916E-06 -8.301723E-04
200463  5.865000E-05  8.078104E-04
200464 -4.978380E-04 -6.133084E-04
200465  7.248389E-04 -2.708465E-04
200466  5.370033E-04  5.285117E-04
200467  3.576353E-04  6.477828E-04
200468  6.720178E-04  2.773805E-04
200469  1.857749E-04 -6.902345E-04
200470 -3.852798E-04  5.917399E-04
200471 -1.806317E-04 -6.723150E-04
200472  4.869645E-04 -4.921335E-04
200473  3.508628E-04 -5.751153E-04
200474 -5.772389E-04 -3.407993E-04
200475  4.963218E-04  4.367289E-04
200476 -5.771503E-04  3.103633E-04
200477 -6.608366E-04  3.921199E-05
200478 -3.182012E-04  5.841308E-04
200479  5.928586E-04 -2.696438E-04
200480 -1.702622E-04  6.195522E-04
200481 -5.508476E-04  3.353536E-04
200482 -1.671368E-04  6.247670E-04
200483  5.909799E-04 -2.730776E-04
200484 -3.162765E-04  5.822176E-04
200485 -6.509868E-04  4.763072E-05
200486 -5.774971E-04  3.124208E-04
200487  4.886615E-04  4.289641E-04
200488 -5.688765E-04 -3.403157E-04
200489  3.630482E-04 -5.653233E-04
200490  4.792528E-04 -4.887220E-04
200491 -1.951224E-04 -6.769752E-04
200492 -3.935973E-04  5.874324E-04
200493  1.757269E-04 -6.962056E-04
200494  6.629854E-04  2.667132E-04
200495  3.527533E-04  6.394989E-04
200496  5.271189E-04  5.260337E-04
200497  7.175806E-04 -2.695615E-04
200498 -4.905413E-04 -6.079763E-04
200499  6.204316E-05  8.106147E-04
200500 -3.494112E-06 -8.342975E-04
200501  2.538158E-04  8.068944E-04
200502 -6.621756E-04 -5.601038E-04
200503  8.989819E-04  4.545020E-05
200504 -8.036338E-04  4.507180E-04
200505 -6.704057E-04 -6.796128E-04
200506 -3.851334E-04 -9.109053E-04
200507  6.176394E-04 -8.184797E-04
200508  5.154633E-04  9.305962E-04
200509 -4.566918E-04 -9.998162E-04
200510 -1.044766E-03  4.503953E-04
200511 -1.168151E-03  1.460914E-04
200512  8.089574E-04 -8.827405E-04
200513 -7.349522E-04 -9.822565E-04
200514  8.280165E-04 -9.296386E-04
200515 -1.172563E-03 -4.851256E-04
200516  1.407974E-04 -1.268601E-03
200517 -1.281533E-03  1.189173E-05
200518  1.338177E-04 -1.272862E-03
200519 -1.174264E-03 -4.849149E-04
200520  8.326324E-04 -9.278076E-04
200521 -7.354796E-04 -9.834943E-04
200522  8.092528E-04 -8.839902E-04
200523 -1.157941E-03  1.463012E-04
200524 -1.042101E-03  4.515835E-04
200525 -4.687670E-04 -9.983737E-04
200526  5.118216E-04  9.340802E-04
200527  6.267156E-04 -8.127335E-04
200528 -3.878327E-04 -9.135510E-04
200529 -6.816525E-04 -6.864298E-04
200530 -6.217334E-04 -6.966355E-04
200531 -4.072383E-04 -8.035130E-04
200532 -1.821935E-04 -8.508813E-04
200533 -1.077019E-04 -8.360218E-04
200534 -3.147272E-04 -7.631003E-04
200535 -7.376034E-04 -3.174974E-04
200536 -4.161908E-04  6.692815E-04
200537  7.655542E-04 -3.361750E-05
200538 -7.428912E-04 -3.603879E-05
200539  4.616543E-04 -5.557540E-04
200540  6.827383E-04  2.118551E-04
200541  6.785525E-04  1.941198E-04
200542  3.938396E-04 -5.668705E-04
200543 -6.347943E-04  2.481603E-04
200544  2.706452E-04 -6.152580E-04
200545  6.396865E-04 -1.465458E-04
200546  4.645506E-04 -4.529017E-04
200547 -6.078446E-04 -1.925817E-04
200548  6.345332E-04 -1.136416E-04
200549  3.931805E-04  5.083645E-04
200550  5.956016E-04  2.264146E-04
200551 -1.396454E-04 -6.294209E-04
200552  4.875069E-04  3.791567E-04
200553  3.653386E-05  6.259909E-04
200554  4.934849E-04  3.924884E-04
200555 -1.467238E-04 -6.340178E-04
200556  5.868967E-04  2.173552E-04
200557  4.046232E-04  5.084440E-04
200558  6.383417E-04 -1.174638E-04
200559 -6.260962E-04 -1.941884E-04
200560  4.624526E-04 -4.490260E-04
200561  6.474098E-04 -1.525288E-04
200562  2.634597E-04 -6.263802E-04
200563 -6.273528E-04  2.513508E-04
200564  4.174760E-04 -5.518946E-04
200565  6.888825E-04  2.011446E-04
200566  6.966904E-04  2.131019E-04
200567  4.861080E-04 -5.421041E-04
200568 -7.444520E-04 -2.437019E-05
200569  7.439042E-04 -4.398245E-05
200570 -4.132767E-04  6.644800E-04
200571 -7.218941E-04 -3.056071E-04
200572 -3.220809E-04 -7.649448E-04
200573 -1.159052E-04 -8.410733E-04
200574 -1.742451E-04 -8.432303E-04
200575 -4.076449E-04 -8.055337E-04
200576 -6.238195E-04 -7.019850E-04
200577 -2.326700E-05 -9.613389E-04
200578 -6.829041E-04  7.254205E-04
200579  8.572978E-04  5.931700E-04
200580  1.058775E-03 -1.995255E-04
200581  1.082106E-03  2.939576E-04
200582 -7.974000E-04  8.561192E-04
200583  1.210102E-03  8.327815E-05
200584  1.241636E-03  1.925076E-04
200585 -1.265319E-03  2.023568E-04
200586 -1.146106E-03  6.403332E-04
200587  1.132891E-03 -7.230003E-04
200588  1.347950E-03 -1.233197E-04
200589 -6.232796E-04 -1.211613E-03
200590  1.349262E-03 -1.283133E-04
200591  1.131932E-03 -7.216971E-04
200592 -1.142306E-03  6.460078E-04
200593 -1.263412E-03  2.065081E-04
200594  1.236719E-03  1.923672E-04
200595  1.207468E-03  7.709406E-05
200596 -7.981622E-04  8.528160E-04
200597  1.082979E-03  2.914964E-04
200598  1.059442E-03 -2.106563E-04
200599  8.554453E-04  5.914832E-04
200600 -6.871561E-04  7.325108E-04
200601 -2.700768E-05 -9.640960E-04
200602  4.005194E-04  8.444676E-04
200603 -6.022908E-04 -6.740186E-04
200604  7.775043E-04  3.832848E-04
200605 -8.272747E-04  1.598130E-04
200606  2.253916E-04 -7.817302E-04
200607  7.825468E-04  9.496138E-05
200608  5.310486E-04  5.556795E-04
200609  6.229777E-04  4.304267E-04
200610  6.022800E-04 -4.212175E-04
200611 -6.994055E-04 -1.623391E-04
200612  6.990738E-04 -8.301272E-05
200613  1.403893E-04  6.656337E-04
200614  3.420145E-05  6.690326E-04
200615  6.444493E-04  1.537638E-04
200616 -5.395163E-04 -3.556133E-04
200617  5.306726E-04 -3.702891E-04
200618  6.181415E-04 -1.613555E-04
200619  3.083714E-05 -6.374578E-04
200620 -1.488956E-04  6.131830E-04
200621 -5.968944E-04 -1.773947E-04
200622 -6.001173E-04 -1.142226E-04
200623  7.281041E-05  6.236440E-04
200624 -3.539435E-04 -4.913679E-04
200625  1.686967E-04 -5.727622E-04
200626 -3.447146E-04 -4.849167E-04
200627  7.598256E-05  6.192749E-04
200628 -6.173490E-04 -1.101779E-04
200629 -5.966142E-04 -1.749888E-04
200630 -1.350982E-04  6.083838E-04
200631  1.990221E-05 -6.249186E-04
200632  6.184730E-04 -1.537019E-04
200633  5.412154E-04 -3.814634E-04
200634 -5.497427E-04 -3.561540E-04
200635  6.463925E-04  1.621578E-04
200636  3.583605E-05  6.690809E-04
200637  1.084302E-04  6.560669E-04
200638  6.718136E-04 -9.590811E-05
200639 -6.946622E-04 -1.605473E-04
200640  6.169006E-04 -4.058419E-04
200641  6.264771E-04  4.220167E-04
200642  5.317431E-04  5.416004E-04
200643  7.896016E-04  1.086992E-04
200644  2.260327E-04 -7.842721E-04
200645 -8.256455E-04  1.510003E-04
200646  7.861464E-04  3.965469E-04
200647 -6.067414E-04 -6.741420E-04
200648  3.929875E-04  8.403875E-04
200649  3.446255E-05  9.713668E-04
200650 -1.005971E-03  1.398973E-04
200651  3.299979E-04 -9.969044E-04
200652 -1.207624E-04  1.104711E-03
200653  1.051947E-03 -4.747679E-04
200654  7.724096E-04 -9.214594E-04
200655  9.366376E-04  8.262605E-04
200656  1.699273E-04 -1.292819E-03
200657  1.083344E-03 -7.845835E-04
200658 -1.222004E-03 -6.345303E-04
200659  9.105395E-04 -1.069796E-03
200660  5.266350E-04 -1.322283E-03
200661 -1.382256E-03  3.788289E-04
200662  5.320915E-04 -1.316909E-03
200663  9.044973E-04 -1.068209E-03
200664 -1.227568E-03 -6.415381E-04
200665  1.081710E-03 -7.897063E-04
200666  1.669840E-04 -1.290691E-03
200667  9.369277E-04  8.241269E-04
200668  7.731114E-04 -9.203957E-04
200669  1.062457E-03 -4.614989E-04
200670 -1.152371E-04  1.102690E-03
200671  3.234223E-04 -1.002999E-03
200672 -1.002109E-03  1.495048E-04
200673  3.929374E-05  9.686047E-04
200674  8.724983E-04  3.479281E-04
200675  6.687715E-04 -5.935083E-04
200676 -3.774488E-04 -7.831426E-04
200677 -7.157575E-04  4.298277E-04
200678  7.521077E-04  3.104684E-04
200679 -6.486594E-04 -4.420934E-04
200680  7.577642E-04 -3.993383E-05
200681  7.370543E-05  7.392714E-04
200682 -2.298242E-04  6.862799E-04
200683  3.172720E-04  6.270704E-04
200684  3.833083E-04 -5.735157E-04
200685 -1.670668E-04  6.544874E-04
200686 -6.646780E-04 -1.235663E-05
200687 -6.394614E-04  1.149607E-04
200688  2.458892E-04  5.905758E-04
200689 -4.033631E-04 -4.950861E-04
200690  2.773114E-04 -5.576799E-04
200691 -8.386408E-05 -6.153972E-04
200692 -3.738076E-04  5.003496E-04
200693 -2.409437E-04 -5.575259E-04
200694 -9.774891E-05 -6.034317E-04
200695 -6.090691E-04  1.273933E-04
200696  5.325578E-04 -2.992528E-04
200697  5.537534E-04  2.244199E-04
200698  5.272454E-04 -3.036700E-04
200699 -5.931816E-04  1.240846E-04
200700 -1.065019E-04 -5.874142E-04
200701 -2.471834E-04 -5.616273E-04
200702 -3.575190E-04  4.912867E-04
200703 -9.298812E-05 -6.018028E-04
200704  2.827789E-04 -5.650672E-04
200705 -3.903722E-04 -5.002104E-04
200706  2.251679E-04  6.126172E-04
200707 -6.468103E-04  1.054377E-04
200708 -6.598188E-04 -4.098972E-05
200709 -1.678723E-04  6.506273E-04
200710  3.833661E-04 -5.788613E-04
200711  3.040983E-04  5.938956E-04
200712 -2.356057E-04  6.829783E-04
200713  8.205637E-05  7.566572E-04
200714  7.506767E-04 -5.084852E-05
200715 -6.591908E-04 -4.337791E-04
200716  7.533885E-04  3.100486E-04
200717 -7.168685E-04  4.215457E-04
200718 -3.801940E-04 -7.731032E-04
200719  6.671751E-04 -6.030737E-04
200720  8.721449E-04  3.450994E-04
200721  6.545947E-04  7.163291E-04
200722  1.001394E-03  1.232334E-04
200723  1.071574E-03 -4.808323E-05
200724  9.121862E-04  6.452962E-04
200725 -9.537952E-04  6.671982E-04
200726  1.198430E-03 -2.374210E-04
200727  8.909329E-04 -9.125478E-04
200728  4.003591E-04  1.269110E-03
200729  1.349626E-03  2.928711E-04
200730 -1.376382E-03  3.913742E-04
200731 -1.391290E-03 -4.474842E-04
200732 -1.060708E-03  1.040581E-03
200733  1.491951E-03 -1.676083E-04
200734 -1.059214E-03  1.045989E-03
200735 -1.395292E-03 -4.476311E-04
200736 -1.375475E-03  3.835941E-04
200737  1.354785E-03  2.878816E-04
200738  4.024816E-04  1.275566E-03
200739  8.953750E-04 -9.054813E-04
200740  1.192561E-03 -2.418206E-04
200741 -9.542627E-04  6.746673E-04
200742  9.122027E-04  6.486225E-04
200743  1.065136E-03 -5.571580E-05
200744  1.007701E-03  1.297966E-04
200745  6.567992E-04  7.095585E-04
200746 -1.681448E-04  9.087883E-04
200747 -7.852678E-04  4.341848E-04
200748 -8.535289E-04 -1.086972E-04
200749 -7.962911E-04 -2.522218E-04
200750 -7.884004E-04  1.373897E-04
200751 -9.202558E-05  7.750001E-04
200752  6.447970E-04 -3.765843E-04
200753 -5.646142E-04  4.550081E-04
200754 -3.092497E-04 -6.378632E-04
200755  3.358110E-05 -6.925730E-04
200756 -4.945776E-04 -4.636264E-04
200757  2.651495E-05  6.676813E-04
200758 -4.759588E-04 -4.386378E-04
200759 -4.232307E-05 -6.397017E-04
200760 -5.379420E-04 -3.352088E-04
200761  3.218526E-04  5.250446E-04
200762 -5.835095E-04  1.987896E-04
200763 -5.673980E-04  1.966706E-04
200764  3.536781E-04  4.800499E-04
200765 -5.631259E-04 -1.534082E-04
200766 -4.034029E-04 -4.491589E-04
200767 -5.221489E-04  2.920468E-04
200768  4.788748E-04 -4.019774E-04
200769  5.707183E-04  1.313160E-04
200770  4.598278E-04 -4.081291E-04
200771 -5.042756E-04  2.859928E-04
200772 -4.059974E-04 -4.339569E-04
200773 -5.680217E-04 -1.662732E-04
200774  3.648978E-04  4.734851E-04
200775 -5.827620E-04  2.065442E-04
200776 -5.761970E-04  1.785273E-04
200777  3.274311E-04  5.272937E-04
200778 -5.561205E-04 -3.160979E-04
200779 -2.273994E-05 -6.626904E-04
200780 -4.509295E-04 -4.289611E-04
200781  5.802339E-05  7.239900E-04
200782 -4.508204E-04 -4.025416E-04
200783  4.200695E-05 -7.000761E-04
200784 -3.222058E-04 -6.615586E-04
200785 -5.663584E-04  4.813537E-04
200786  6.480124E-04 -3.881234E-04
200787 -9.576510E-05  7.777268E-04
200788 -7.811850E-04  1.419248E-04
200789 -7.981368E-04 -2.584771E-04
200790 -8.599629E-04 -1.017129E-04
200791 -7.797345E-04  4.253348E-04
200792 -1.613006E-04  9.178933E-04
200793 -8.141564E-04  5.369780E-04
200794  1.014891E-03  6.923476E-05
200795 -4.049712E-04 -9.859424E-04
200796 -1.121021E-03  4.916931E-05
200797 -1.185439E-03  8.567444E-05
200798 -1.097858E-05 -1.230049E-03
200799 -7.997046E-04  1.025795E-03
200800 -1.077833E-03  8.337337E-04
200801  1.396593E-03 -2.695963E-04
200802  7.091806E-04  1.288110E-03
200803  1.264962E-03  8.276893E-04
200804  5.843549E-04 -1.423716E-03
200805 -1.109544E-03  1.067332E-03
200806  5.837967E-04 -1.425824E-03
200807  1.267198E-03  8.287887E-04
200808  7.138512E-04  1.293407E-03
200809  1.402065E-03 -2.651970E-04
200810 -1.079983E-03  8.337168E-04
200811 -7.996176E-04  1.031179E-03
200812 -1.788772E-05 -1.243388E-03
200813 -1.187096E-03  7.552988E-05
200814 -1.120754E-03  5.068015E-05
200815 -4.078825E-04 -9.890029E-04
200816  1.017791E-03  7.291536E-05
200817 -8.177501E-04  5.354071E-04
200818  4.498889E-04 -8.169176E-04
200819  6.696820E-05  8.803814E-04
200820 -7.117407E-04 -4.613420E-04
200821  5.220857E-04 -6.316346E-04
200822  7.867266E-04  6.600167E-05
200823  7.604032E-04  1.407283E-04
200824  5.390854E-04 -4.962092E-04
200825 -6.789071E-04 -2.343621E-04
200826  6.995848E-04  9.039064E-05
200827 -9.947409E-05  6.828244E-04
200828 -1.544030E-04  6.389704E-04
200829  6.029138E-04  2.447759E-04
200830 -5.748933E-04 -2.800554E-04
200831  2.547014E-04 -5.833777E-04
200832  9.618543E-05 -6.050524E-04
200833 -5.786057E-04  1.806323E-04
200834  2.838908E-04 -5.245672E-04
200835  4.932519E-04 -3.470026E-04
200836 -2.971701E-04 -5.175917E-04
200837  4.445143E-04  4.026424E-04
200838 -7.796456E-06  5.761282E-04
200839  5.507494E-04  2.090267E-04
200840 -5.297464E-04 -1.535059E-04
200841 -2.089391E-04 -5.281904E-04
200842 -5.440986E-04 -1.496971E-04
200843  5.713828E-04  1.987609E-04
200844 -1.369302E-05  5.864956E-04
200845  4.417548E-04  3.926921E-04
200846 -2.910161E-04 -5.139693E-04
200847  4.777118E-04 -3.381589E-04
200848  2.927082E-04 -5.378699E-04
200849 -5.851922E-04  1.881936E-04
200850  9.276882E-05 -6.041502E-04
200851  2.936595E-04 -5.965758E-04
200852 -6.033798E-04 -2.300644E-04
200853  5.574004E-04  2.430893E-04
200854 -1.678179E-04  6.624086E-04
200855 -9.552783E-05  7.241428E-04
200856  7.088483E-04  6.552038E-05
200857 -6.864576E-04 -2.182236E-04
200858  5.559048E-04 -5.046465E-04
200859  7.610905E-04  1.454998E-04
200860  7.925759E-04  7.148487E-05
200861  5.222707E-04 -6.362288E-04
200862 -7.142160E-04 -4.551361E-04
200863  7.119568E-05  8.733276E-04
200864  4.485480E-04 -8.083384E-04
200865  8.826282E-04  4.196050E-04
200866 -9.600689E-04  3.181572E-04
200867  8.330230E-04 -6.694557E-04
200868 -1.095004E-03  2.692301E-04
200869  2.366788E-04  1.166742E-03
200870  1.086462E-04  1.251020E-03
200871 -1.020714E-03 -8.172085E-04
200872 -1.207417E-03  6.545676E-04
200873  3.409710E-04 -1.410032E-03
200874  5.664599E-04 -1.393627E-03
200875 -1.274741E-03 -8.775801E-04
200876  2.166280E-04  1.549230E-03
200877  1.377212E-04 -1.581020E-03
200878  2.158898E-04  1.544350E-03
200879 -1.270978E-03 -8.754042E-04
200880  5.648757E-04 -1.386963E-03
200881  3.401070E-04 -1.403049E-03
200882 -1.210361E-03  6.439584E-04
200883 -1.020321E-03 -8.159495E-04
200884  1.076485E-04  1.244757E-03
200885  2.411952E-04  1.158523E-03
200886 -1.092720E-03  2.727431E-04
200887  8.301834E-04 -6.658603E-04
200888 -9.585974E-04  3.169207E-04
200889  8.732509E-04  4.247422E-04
200890 -2.308977E-04 -8.858507E-04
200891 -4.010191E-04  7.813334E-04
200892  6.119876E-04 -5.892361E-04
200893 -4.164647E-04  7.053682E-04
200894 -3.787109E-04 -6.919326E-04
200895  4.865582E-04 -5.953194E-04
200896  5.099341E-04 -5.189964E-04
200897 -2.318412E-04 -6.723308E-04
200898 -2.485380E-04  6.356180E-04
200899 -2.305001E-04 -6.275455E-04
200900  3.597781E-04 -5.577072E-04
200901 -8.160425E-05 -6.353913E-04
200902 -3.712646E-04  5.110705E-04
200903 -2.205783E-04 -5.844247E-04
200904 -4.167499E-05 -5.975763E-04
200905 -5.909578E-04  9.459953E-06
200906  5.563899E-04 -2.038567E-04
200907  5.158077E-04  2.762533E-04
200908  4.628687E-04 -3.619550E-04
200909 -4.362396E-04  3.757555E-04
200910 -5.473192E-04 -1.997139E-04
200911 -4.147213E-04  3.768031E-04
200912  4.244742E-04 -3.237387E-04
200913  3.778667E-04  2.586246E-04
200914  4.137949E-04 -3.117226E-04
200915 -3.906425E-04  3.664229E-04
200916 -5.582450E-04 -1.932742E-04
200917 -4.388491E-04  3.715597E-04
200918  4.665298E-04 -3.532804E-04
200919  5.069869E-04  2.810940E-04
200920  5.646976E-04 -2.047737E-04
200921 -6.048421E-04  1.540924E-05
200922 -3.358501E-05 -6.066885E-04
200923 -1.893720E-04 -5.840106E-04
200924 -4.650815E-04  5.468134E-04
200925 -1.602892E-04 -8.005457E-04
200926  3.053523E-04 -6.789890E-04
200927 -2.616806E-04 -5.699911E-04
200928 -2.189693E-04  6.239162E-04
200929 -2.462746E-04 -6.697325E-04
200930  5.253457E-04 -5.217389E-04
200931  4.767338E-04 -5.925795E-04
200932 -3.777516E-04 -6.932334E-04
200933 -4.175028E-04  7.021714E-04
200934  6.123374E-04 -5.842382E-04
200935 -3.988610E-04  7.730807E-04
200936 -2.370970E-04 -8.869748E-04
200937  7.648685E-04  5.911693E-04
200938 -4.657088E-04  8.909426E-04
200939 -8.366938E-04 -6.617161E-04
200940  1.110141E-03  6.081002E-05
200941 -9.657786E-04 -6.577750E-04
200942 -1.165763E-03  3.989658E-04
200943 -7.402845E-04 -1.088995E-03
200944 -5.382718E-04  1.270164E-03
200945 -1.409541E-03 -3.477855E-04
200946 -1.401715E-03  5.616958E-04
200947  1.057465E-03  1.126379E-03
200948 -4.915665E-04 -1.502448E-03
200949  3.221414E-04  1.555517E-03
200950 -4.940649E-04 -1.505887E-03
200951  1.059670E-03  1.127715E-03
200952 -1.404911E-03  5.586849E-04
200953 -1.413459E-03 -3.432705E-04
200954 -5.373891E-04  1.258057E-03
200955 -7.370686E-04 -1.085958E-03
200956 -1.166546E-03  4.058192E-04
200957 -9.646177E-04 -6.550335E-04
200958  1.111005E-03  6.469349E-05
200959 -8.419348E-04 -6.565799E-04
200960 -4.598708E-04  8.850704E-04
200961  7.542997E-04  5.969101E-04
200962  7.431065E-04 -5.197979E-04
200963 -4.491835E-04 -7.501244E-04
200964 -5.424597E-04  6.303676E-04
200965  7.850835E-04 -1.978873E-04
200966 -7.053484E-04  3.487339E-04
200967 -3.903036E-05 -7.526812E-04
200968  5.166686E-04 -5.086196E-04
200969  2.655228E-04 -6.412925E-04
200970 -6.571788E-04 -1.535406E-04
200971  6.530147E-04  9.485899E-05
200972 -4.099723E-05  6.446662E-04
200973  6.231165E-05  6.326883E-04
200974  5.681426E-04 -2.382959E-04
200975 -3.589429E-04  4.808183E-04
200976 -6.023478E-04  1.164450E-04
200977 -1.252315E-04  5.717053E-04
200978  1.369768E-04 -5.681756E-04
200979  5.611348E-04 -1.139500E-04
200980  2.628810E-04 -5.128977E-04
200981 -3.356650E-04  4.580099E-04
200982 -5.470040E-04 -1.541357E-04
200983 -4.225323E-04  3.639062E-04
200984  4.265686E-04 -2.755162E-04
200985  3.133111E-04  2.895418E-04
200986  4.129403E-04 -2.727889E-04
200987 -4.000656E-04  3.570779E-04
200988 -5.591008E-04 -1.500085E-04
200989 -3.370725E-04  4.553073E-04
200990  2.663995E-04 -5.052172E-04
200991  5.601732E-04 -1.146338E-04
200992  1.432120E-04 -5.627551E-04
200993 -1.369714E-04  5.722648E-04
200994 -5.926507E-04  1.094808E-04
200995 -3.418202E-04  4.836569E-04
200996  4.606505E-04 -2.302553E-04
200997  6.242562E-05  3.875859E-04
200998 -4.681244E-05  4.334337E-04
200999  5.915810E-04  1.388839E-04
201000 -6.216547E-04 -1.540252E-04
201001  2.453896E-04 -6.502720E-04
201002  5.268966E-04 -5.086340E-04
201003 -5.609984E-05 -7.580089E-04
201004 -7.012315E-04  3.429780E-04
201005  7.808967E-04 -1.998113E-04
201006 -5.411934E-04  6.330321E-04
201007 -4.472317E-04 -7.572118E-04
201008  7.393361E-04 -5.225472E-04
201009 -9.329654E-04 -9.281234E-06
201010 -7.201797E-04 -7.006669E-04
201011  3.879195E-04 -9.684836E-04
201012  8.145794E-04  7.551114E-04
201013 -8.681085E-04 -7.609606E-04
201014 -8.650746E-04  8.578267E-04
201015 -1.301471E-03  2.424428E-05
201016  1.206093E-03  6.243706E-04
201017  1.898966E-04  1.412845E-03
201018  1.337684E-03  6.471289E-04
201019 -3.429369E-04 -1.492438E-03
201020 -7.835401E-05  1.577818E-03
201021  1.378316E-04 -1.566700E-03
201022 -8.273424E-05  1.575063E-03
201023 -3.423260E-04 -1.492480E-03
201024  1.340254E-03  6.380774E-04
201025  1.864000E-04  1.416119E-03
201026  1.208121E-03  6.171440E-04
201027 -1.299060E-03  3.023311E-05
201028 -8.701945E-04  8.694448E-04
201029 -8.753907E-04 -7.555294E-04
201030  8.152338E-04  7.557032E-04
201031  3.821632E-04 -9.650679E-04
201032 -7.088913E-04 -7.062845E-04
201033 -9.402682E-04 -4.351633E-06
201034 -6.780292E-04  5.959095E-04
201035  3.563654E-05  8.691257E-04
201036  8.088386E-04  1.378763E-04
201037 -1.753586E-04 -7.705139E-04
201038 -7.892490E-05  7.701444E-04
201039 -3.996641E-04 -6.232767E-04
201040  5.033880E-04 -5.145320E-04
201041  5.099708E-04 -4.503228E-04
201042 -2.943366E-04 -6.118952E-04
201043  7.993867E-05  6.572775E-04
201044 -6.325930E-04 -1.324619E-04
201045 -5.628681E-04 -2.593568E-04
201046 -2.830962E-04  5.498701E-04
201047  1.574473E-04 -5.874158E-04
201048  5.616127E-04 -1.554467E-04
201049  2.239009E-04 -5.469744E-04
201050 -3.390852E-04  4.690359E-04
201051 -5.336865E-04 -2.268031E-04
201052 -5.340852E-04  1.855824E-04
201053  5.578707E-04 -2.115355E-05
201054  1.661339E-04  5.255757E-04
201055  5.189987E-04  2.453224E-04
201056 -5.144919E-04 -2.673914E-04
201057 -9.404966E-05 -5.650974E-04
201058 -5.215687E-04 -2.841884E-04
201059  5.353708E-04  2.428463E-04
201060  1.557858E-04  5.289050E-04
201061  5.591710E-04 -2.418120E-05
201062 -5.304928E-04  1.914006E-04
201063 -5.296525E-04 -2.305664E-04
201064 -3.353318E-04  4.756161E-04
201065  2.189989E-04 -5.493051E-04
201066  5.659636E-04 -1.560629E-04
201067  1.691181E-04 -5.888683E-04
201068 -3.753767E-04  5.467114E-04
201069 -4.761371E-04 -4.495061E-04
201070 -5.678476E-04 -3.222321E-04
201071  8.316651E-06  6.763261E-04
201072 -2.595935E-04 -6.062289E-04
201073  4.897630E-04 -4.662430E-04
201074  5.128280E-04 -5.113320E-04
201075 -4.150398E-04 -6.344655E-04
201076 -6.886781E-05  7.686179E-04
201077 -1.824630E-04 -7.722131E-04
201078  8.113396E-04  1.391107E-04
201079  3.673919E-05  8.637870E-04
201080 -6.807116E-04  5.983701E-04
201081  1.463985E-04  9.071419E-04
201082 -4.440794E-04  8.846354E-04
201083 -1.022786E-03  1.242468E-04
201084  1.169891E-04 -1.074454E-03
201085  6.375907E-05  1.142382E-03
201086  1.211559E-03 -7.371587E-05
201087  1.008009E-03  7.600713E-04
201088 -5.884743E-04 -1.208590E-03
201089  6.862287E-04 -1.222314E-03
201090 -6.596434E-04 -1.295104E-03
201091 -6.800918E-04  1.354471E-03
201092  1.059956E-03 -1.099091E-03
201093 -1.116318E-03  1.076172E-03
201094  1.055701E-03 -1.102307E-03
201095 -6.803599E-04  1.353124E-03
201096 -6.511931E-04 -1.302553E-03
201097  6.831422E-04 -1.218642E-03
201098 -5.883475E-04 -1.211875E-03
201099  1.007539E-03  7.658442E-04
201100  1.204171E-03 -6.452416E-05
201101  5.269402E-05  1.142842E-03
201102  1.200987E-04 -1.076276E-03
201103 -1.027734E-03  1.267603E-04
201104 -4.313207E-04  8.825661E-04
201105  1.417337E-04  9.131382E-04
201106  5.512884E-04  7.064476E-04
201107  8.266395E-04  1.990306E-04
201108  5.024995E-04 -6.459098E-04
201109 -6.799818E-04 -3.697973E-04
201110  3.699316E-04  6.631486E-04
201111 -5.986494E-04 -4.247313E-04
201112  4.190355E-04 -5.765202E-04
201113  5.394546E-04 -4.009218E-04
201114 -1.025428E-04 -6.664787E-04
201115 -2.475127E-04  6.042133E-04
201116 -3.847103E-04 -5.100891E-04
201117 -1.289123E-04 -6.047244E-04
201118 -6.139143E-04  6.576416E-07
201119  5.998823E-04 -2.652724E-05
201120  2.322039E-04  5.417269E-04
201121  5.349114E-04  2.133513E-04
201122 -4.134770E-04 -3.894309E-04
201123  3.330179E-04 -4.556378E-04
201124  4.837099E-06 -5.558076E-04
201125 -2.146927E-04  5.095118E-04
201126 -5.370706E-04 -1.081614E-04
201127 -4.397373E-04  3.306703E-04
201128  4.530414E-04 -2.336612E-04
201129  3.879967E-04  2.953004E-04
201130  4.660005E-04 -2.592022E-04
201131 -4.310853E-04  3.310186E-04
201132 -5.451497E-04 -1.050129E-04
201133 -2.112544E-04  5.070804E-04
201134  7.673621E-06 -5.511423E-04
201135  3.390148E-04 -4.598613E-04
201136 -4.120515E-04 -3.838698E-04
201137  5.353761E-04  2.114028E-04
201138  2.295339E-04  5.450109E-04
201139  6.132592E-04 -3.018931E-05
201140 -6.916906E-04 -9.470756E-06
201141 -2.014000E-05 -6.931130E-04
201142 -2.860413E-04 -6.258727E-04
201143 -3.113389E-04  5.982597E-04
201144 -7.117976E-05 -6.548654E-04
201145  5.226503E-04 -4.194618E-04
201146  4.280614E-04 -5.677760E-04
201147 -6.094510E-04 -4.377882E-04
201148  3.806591E-04  6.694837E-04
201149 -6.886320E-04 -3.732501E-04
201150  5.057595E-04 -6.437128E-04
201151  8.273426E-04  1.933584E-04
201152  5.463883E-04  7.130024E-04
201153 -5.484627E-05  8.991722E-04
201154 -7.528987E-04  6.273396E-04
201155 -8.618385E-04 -5.109602E-04
201156  9.266556E-04 -5.334327E-04
201157 -1.039967E-03  3.804456E-04
201158 -7.207398E-06  1.167058E-03
201159 -1.118921E-03  5.560289E-04
201160  1.180882E-03  5.358379E-04
201161 -2.907197E-04  1.338634E-03
201162  5.305641E-04  1.322693E-03
201163  1.096322E-03 -9.520323E-04
201164 -1.437422E-03  3.633491E-04
201165  1.487759E-03 -1.677456E-04
201166 -1.440273E-03  3.600863E-04
201167  1.096118E-03 -9.546851E-04
201168  5.411227E-04  1.320390E-03
201169 -2.946029E-04  1.342511E-03
201170  1.179110E-03  5.334364E-04
201171 -1.121149E-03  5.593693E-04
201172 -1.427700E-05  1.172952E-03
201173 -1.048617E-03  3.754017E-04
201174  9.322362E-04 -5.346214E-04
201175 -8.668954E-04 -5.084143E-04
201176 -7.421073E-04  6.280688E-04
201177 -6.002839E-05  9.063035E-04
201178  5.084144E-04  7.206953E-04
201179  8.282010E-04  1.347818E-04
201180  3.755573E-04 -7.156055E-04
201181 -7.408853E-04 -1.831813E-04
201182  5.459838E-04  5.129328E-04
201183 -7.005035E-04 -2.005831E-04
201184  1.896124E-04 -6.788258E-04
201185  3.548656E-04 -5.638922E-04
201186 -3.261349E-04 -5.825094E-04
201187 -2.859021E-05  6.487711E-04
201188 -5.222260E-04 -3.580502E-04
201189 -3.001411E-04 -5.304957E-04
201190 -5.836787E-04  1.640628E-04
201191  5.672163E-04 -1.698773E-04
201192  3.425477E-04  4.721091E-04
201193  5.616439E-04  1.065864E-04
201194 -4.675702E-04 -3.131029E-04
201195  2.674292E-04 -4.938274E-04
201196 -5.874782E-05 -5.463921E-04
201197 -1.635429E-04  5.208641E-04
201198 -5.367125E-04 -6.232767E-05
201199 -4.160995E-04  3.572753E-04
201200  4.355921E-04 -2.722284E-04
201201  4.714677E-04  2.717350E-04
201202  4.678181E-04 -2.855764E-04
201203 -4.142861E-04  3.573892E-04
201204 -5.430341E-04 -5.949575E-05
201205 -1.597686E-04  5.200325E-04
201206 -5.689175E-05 -5.425979E-04
201207  2.739150E-04 -4.970124E-04
201208 -4.678723E-04 -3.091688E-04
201209  5.644168E-04  1.059669E-04
201210  3.347017E-04  4.753096E-04
201211  5.828849E-04 -1.710504E-04
201212 -6.472217E-04  1.389240E-04
201213 -2.176926E-04 -5.450177E-04
201214 -4.255576E-04 -4.035445E-04
201215 -7.350611E-05  6.245109E-04
201216 -3.017523E-04 -5.641528E-04
201217  3.426261E-04 -5.838064E-04
201218  1.947978E-04 -6.650813E-04
201219 -7.069797E-04 -2.141437E-04
201220  5.519618E-04  5.244365E-04
201221 -7.486746E-04 -1.898802E-04
201222  3.775689E-04 -7.114905E-04
201223  8.305997E-04  1.279506E-04
201224  5.004129E-04  7.275646E-04
