Mesh2HRTF 1.0.0-dev
    1
    1  1225
200000  4.601227E-04  1.433819E-03
200001  1.363802E-03 -6.893680E-04
200002  8.557245E-04 -1.249216E-03
200003  1.841212E-04 -1.493359E-03
200004 -4.805814E-04 -1.423073E-03
200005 -1.014664E-03 -1.114289E-03
200006 -1.360691E-03 -6.741108E-04
200007 -1.520529E-03 -2.030220E-04
200008 -1.534161E-03  2.267786E-04
200009 -1.456751E-03  5.764772E-04
200010 -1.341584E-03  8.345851E-04
200011 -1.231001E-03  1.006277E-03
200012 -1.153779E-03  1.102965E-03
200013 -1.126016E-03  1.134507E-03
200014 -1.152828E-03  1.104663E-03
200015 -1.229098E-03  1.009635E-03
200016 -1.338727E-03  8.395273E-04
200017 -1.452936E-03  5.828946E-04
200018 -1.529381E-03  2.345316E-04
200019 -1.514776E-03 -1.940988E-04
200020 -1.353951E-03 -6.642034E-04
200021 -1.006920E-03 -1.103599E-03
200022 -4.718155E-04 -1.411812E-03
200023  1.939299E-04 -1.481742E-03
200024  8.665958E-04 -1.237460E-03
200025  1.375753E-03 -6.776857E-04
200026  1.554183E-03  9.516877E-05
200027  1.305741E-03  8.823958E-04
200028  6.625707E-04  1.443055E-03
200029 -2.012837E-04  1.581470E-03
200030 -1.017607E-03  1.231803E-03
200031 -1.520326E-03  4.968185E-04
200032 -1.548938E-03 -3.836746E-04
200033 -1.109938E-03 -1.123742E-03
200034 -3.674732E-04 -1.499389E-03
200035  4.289503E-04 -1.423977E-03
200036  1.041663E-03 -9.612224E-04
200037  1.322091E-03 -2.795194E-04
200038  1.240380E-03  4.225433E-04
200039  8.668103E-04  9.835540E-04
200040  3.250283E-04  1.316104E-03
200041 -2.574626E-04  1.409110E-03
200042 -7.835409E-04  1.306477E-03
200043 -1.199724E-03  1.077828E-03
200044 -1.492471E-03  7.936830E-04
200045 -1.675640E-03  5.107480E-04
200046 -1.776420E-03  2.671594E-04
200047 -1.824086E-03  8.448127E-05
200048 -1.842845E-03 -2.728603E-05
200049 -1.848169E-03 -6.456042E-05
200050 -1.845321E-03 -2.658561E-05
200051 -1.828998E-03  8.583606E-05
200052 -1.783691E-03  2.690791E-04
200053 -1.685156E-03  5.131051E-04
200054 -1.504085E-03  7.963186E-04
200055 -1.213254E-03  1.080561E-03
200056 -7.987810E-04  1.309113E-03
200057 -2.741827E-04  1.411451E-03
200058  3.070756E-04  1.317957E-03
200059  8.478835E-04  9.847386E-04
200060  1.220743E-03  4.228995E-04
200061  1.302005E-03 -2.801270E-04
200062  1.021382E-03 -9.629004E-04
200063  4.087149E-04 -1.426801E-03
200064 -3.874423E-04 -1.503403E-03
200065 -1.129444E-03 -1.128955E-03
200066 -1.567809E-03 -3.900655E-04
200067 -1.538420E-03  4.893022E-04
200068 -1.034812E-03  1.223244E-03
200069 -2.175135E-04  1.571976E-03
200070  6.473750E-04  1.432762E-03
200071  1.291615E-03  8.714586E-04
200072  1.541144E-03  8.376336E-05
200073  6.997583E-04  1.461303E-03
200074  1.585031E-03  2.985204E-04
200075  1.174254E-03 -1.033133E-03
200076 -4.201351E-05 -1.518982E-03
200077 -1.134086E-03 -9.949833E-04
200078 -1.528783E-03  3.287222E-05
200079 -1.227579E-03  9.663675E-04
200080 -5.577751E-04  1.491780E-03
200081  1.449945E-04  1.607295E-03
200082  6.924463E-04  1.471262E-03
200083  1.040382E-03  1.257556E-03
200084  1.220002E-03  1.088242E-03
200085  1.273975E-03  1.026612E-03
200086  1.220148E-03  1.091189E-03
200087  1.040645E-03  1.263323E-03
200088  6.927705E-04  1.479607E-03
200089  1.453101E-04  1.617892E-03
200090 -5.575395E-04  1.504247E-03
200091 -1.227481E-03  9.802993E-04
200092 -1.528848E-03  4.786621E-05
200093 -1.134296E-03 -9.793096E-04
200094 -4.229149E-05 -1.502983E-03
200095  1.174049E-03 -1.017138E-03
200096  1.585105E-03  3.142065E-04
200097  7.003711E-04  1.476392E-03
200098 -8.082665E-04  1.351920E-03
200099 -1.474755E-03 -5.354679E-05
200100 -5.324428E-04 -1.328634E-03
200101  1.047286E-03 -1.056065E-03
200102  1.487398E-03  4.951684E-04
200103  2.687193E-04  1.559913E-03
200104 -1.216042E-03  9.279284E-04
200105 -1.314530E-03 -6.525012E-04
200106 -2.742725E-06 -1.432928E-03
200107  1.245726E-03 -6.663857E-04
200108  1.189358E-03  7.554941E-04
200109 -1.413100E-05  1.457990E-03
200110 -1.251903E-03  9.302888E-04
200111 -1.625042E-03 -2.710844E-04
200112 -1.064848E-03 -1.260369E-03
200113 -9.840633E-05 -1.540030E-03
200114  7.029412E-04 -1.160536E-03
200115  1.060840E-03 -4.639277E-04
200116  9.994491E-04  2.194206E-04
200117  6.919509E-04  7.155393E-04
200118  3.178983E-04  9.997889E-04
200119 -1.915833E-06  1.127446E-03
200120 -2.079418E-04  1.170021E-03
200121 -2.789519E-04  1.179307E-03
200122 -2.105667E-04  1.173493E-03
200123 -7.139657E-06  1.134156E-03
200124  3.101323E-04  1.009292E-03
200125  6.817383E-04  7.272284E-04
200126  9.869340E-04  2.325872E-04
200127  1.046225E-03 -4.500278E-04
200128  6.864925E-04 -1.146622E-03
200129 -1.163554E-04 -1.526747E-03
200130 -1.083903E-03 -1.248256E-03
200131 -1.644758E-03 -2.605579E-04
200132 -1.271803E-03  9.389305E-04
200133 -3.372569E-05  1.464553E-03
200134  1.170543E-03  7.598722E-04
200135  1.228126E-03 -6.642378E-04
200136 -1.875626E-05 -1.433009E-03
200137 -1.328670E-03 -6.547760E-04
200138 -1.228122E-03  9.235228E-04
200139  2.587782E-04  1.553467E-03
200140  1.479565E-03  4.868023E-04
200141  1.041429E-03 -1.066199E-03
200142 -5.365415E-04 -1.340352E-03
200143 -1.477374E-03 -6.663388E-05
200144 -8.097216E-04  1.337703E-03
200145  1.490312E-03 -3.798516E-04
200146 -1.634412E-04 -1.510064E-03
200147 -1.511551E-03 -1.505645E-04
200148 -5.929671E-04  1.407799E-03
200149  1.074561E-03  1.100017E-03
200150  1.503671E-03 -4.059140E-04
200151  5.793342E-04 -1.471420E-03
200152 -6.516096E-04 -1.456096E-03
200153 -1.406657E-03 -7.510311E-04
200154 -1.584738E-03  5.020873E-05
200155 -1.444530E-03  6.299887E-04
200156 -1.257228E-03  9.403400E-04
200157 -1.179221E-03  1.034312E-03
200158 -1.257222E-03  9.424975E-04
200159 -1.444634E-03  6.339798E-04
200160 -1.585172E-03  5.546413E-05
200161 -1.407719E-03 -7.451923E-04
200162 -6.536411E-04 -1.450316E-03
200163  5.759836E-04 -1.466177E-03
200164  1.498689E-03 -4.014557E-04
200165  1.067714E-03  1.103665E-03
200166 -6.017927E-04  1.410768E-03
200167 -1.522313E-03 -1.480922E-04
200168 -1.759230E-04 -1.507951E-03
200169  1.476503E-03 -3.780711E-04
200170  5.134487E-04  1.440071E-03
200171 -1.374646E-03  5.485512E-04
200172 -4.606463E-04 -1.365268E-03
200173  1.450649E-03 -3.837808E-04
200174  3.850644E-04  1.477131E-03
200175 -1.387424E-03  3.124606E-04
200176 -1.336293E-04 -1.369928E-03
200177  1.474250E-03 -7.098615E-05
200178  1.867840E-04  1.491590E-03
200179 -1.376347E-03  2.924156E-04
200180 -3.615845E-04 -1.297441E-03
200181  1.258353E-03 -5.439810E-04
200182  8.533318E-04  1.118000E-03
200183 -7.881631E-04  1.213788E-03
200184 -1.477546E-03 -1.581418E-04
200185 -6.906731E-04 -1.285149E-03
200186  5.105774E-04 -1.235700E-03
200187  1.118918E-03 -3.748334E-04
200188  9.551208E-04  5.363160E-04
200189  3.705463E-04  1.071294E-03
200190 -2.518786E-04  1.217250E-03
200191 -7.138931E-04  1.149049E-03
200192 -9.749978E-04  1.040466E-03
200193 -1.056659E-03  9.953553E-04
200194 -9.735605E-04  1.045952E-03
200195 -7.112123E-04  1.159401E-03
200196 -2.483118E-04  1.231337E-03
200197  3.745344E-04  1.087669E-03
200198  9.590325E-04  5.534557E-04
200199  1.122303E-03 -3.582959E-04
200200  5.131057E-04 -1.220796E-03
200201 -6.891610E-04 -1.272474E-03
200202 -1.477017E-03 -1.478491E-04
200203 -7.883979E-04  1.221915E-03
200204  8.527031E-04  1.124418E-03
200205  1.257805E-03 -5.387288E-04
200206 -3.615255E-04 -1.292862E-03
200207 -1.375158E-03  2.966644E-04
200208  1.895732E-04  1.495652E-03
200209  1.479007E-03 -6.715544E-05
200210 -1.266797E-04 -1.366507E-03
200211 -1.378240E-03  3.152386E-04
200212  3.963239E-04  1.479064E-03
200213  1.463627E-03 -3.827983E-04
200214 -4.464757E-04 -1.365216E-03
200215 -1.359924E-03  5.478043E-04
200216  5.280383E-04  1.438718E-03
200217  2.961773E-04  1.406163E-03
200218  1.297365E-03 -6.997491E-04
200219 -9.072462E-04 -1.219184E-03
200220 -1.174523E-03  9.319356E-04
200221  8.518370E-04  1.201653E-03
200222  1.365260E-03 -6.246359E-04
200223 -9.024595E-05 -1.543859E-03
200224 -1.375217E-03 -7.384752E-04
200225 -1.448085E-03  5.445767E-04
200226 -7.705381E-04  1.319973E-03
200227 -4.408443E-05  1.517408E-03
200228  4.110276E-04  1.458642E-03
200229  5.574048E-04  1.409645E-03
200230  4.121694E-04  1.459686E-03
200231 -4.198023E-05  1.518825E-03
200232 -7.678019E-04  1.320645E-03
200233 -1.445151E-03  5.433022E-04
200234 -1.372572E-03 -7.425751E-04
200235 -8.839055E-05 -1.551041E-03
200236  1.365838E-03 -6.344364E-04
200237  8.506879E-04  1.190276E-03
200238 -1.177780E-03  9.202744E-04
200239 -9.128646E-04 -1.229990E-03
200240  1.289324E-03 -7.090397E-04
200241  2.859021E-04  1.398427E-03
200242 -1.460454E-03 -2.204901E-04
200243  7.227784E-04 -1.269235E-03
200244  7.782284E-04  1.171279E-03
200245 -1.413737E-03  1.183864E-04
200246  5.588651E-04 -1.306893E-03
200247  8.815614E-04  1.093114E-03
200248 -1.338430E-03  2.656816E-04
200249  3.896065E-04 -1.307280E-03
200250  1.107607E-03  8.789102E-04
200251 -1.109290E-03  7.607019E-04
200252 -3.357013E-04 -1.236147E-03
200253  1.370822E-03 -6.694994E-05
200254  4.544201E-05  1.398277E-03
200255 -1.296539E-03  1.061160E-04
200256 -2.017777E-04 -1.228432E-03
200257  1.184979E-03 -4.767210E-04
200258  9.265266E-04  9.384108E-04
200259 -3.193045E-04  1.306386E-03
200260 -1.218317E-03  6.155759E-04
200261 -1.336634E-03 -3.163523E-04
200262 -9.759225E-04 -9.517541E-04
200263 -5.351851E-04 -1.228581E-03
200264 -2.301985E-04 -1.297635E-03
200265 -1.240805E-04 -1.301268E-03
200266 -2.244074E-04 -1.291825E-03
200267 -5.240995E-04 -1.218184E-03
200268 -9.604865E-04 -9.389186E-04
200269 -1.318131E-03 -3.036392E-04
200270 -1.198200E-03  6.257786E-04
200271 -2.989864E-04  1.312375E-03
200272  9.458758E-04  9.394908E-04
200273  1.202576E-03 -4.801684E-04
200274 -1.862832E-04 -1.235118E-03
200275 -1.283121E-03  9.803166E-05
200276  5.707262E-05  1.390753E-03
200277  1.381091E-03 -7.224265E-05
200278 -3.263203E-04 -1.238119E-03
200279 -1.100322E-03  7.624328E-04
200280  1.116626E-03  8.840500E-04
200281  3.991128E-04 -1.299544E-03
200282 -1.328072E-03  2.749146E-04
200283  8.929925E-04  1.102718E-03
200284  5.713716E-04 -1.297827E-03
200285 -1.400419E-03  1.264159E-04
200286  7.918383E-04  1.178279E-03
200287  7.359868E-04 -1.262783E-03
200288 -1.448388E-03 -2.137999E-04
200289  1.126325E-03 -8.390840E-04
200290 -1.347040E-03 -4.950604E-04
200291  1.895420E-04  1.407802E-03
200292  1.250710E-03 -6.921423E-04
200293 -9.567970E-04 -1.092005E-03
200294 -1.066516E-03  1.012654E-03
200295  8.520852E-04  1.205270E-03
200296  1.412096E-03 -4.104090E-04
200297  3.627210E-04 -1.422941E-03
200298 -7.966702E-04 -1.240213E-03
200299 -1.359178E-03 -5.890228E-04
200300 -1.483789E-03 -7.817764E-05
200301 -1.483460E-03  9.925945E-05
200302 -1.481924E-03 -7.690932E-05
200303 -1.355700E-03 -5.873888E-04
200304 -7.919873E-04 -1.239714E-03
200305  3.681876E-04 -1.425135E-03
200306  1.418043E-03 -4.162964E-04
200307  8.583633E-04  1.195742E-03
200308 -1.059973E-03  1.000738E-03
200309 -9.501084E-04 -1.104156E-03
200310  1.257265E-03 -7.021723E-04
200311  1.955393E-04  1.401647E-03
200312 -1.342041E-03 -4.967803E-04
200313  1.130042E-03 -8.371236E-04
200314 -1.131141E-04  1.366931E-03
200315 -9.372686E-04 -1.054313E-03
200316  1.346578E-03  8.965087E-05
200317 -1.114193E-03  7.578499E-04
200318  3.109229E-04 -1.340911E-03
200319  5.771935E-04  1.156472E-03
200320 -1.230068E-03 -5.308479E-04
200321  1.212598E-03 -5.090430E-04
200322 -4.685414E-04  1.190210E-03
200323 -6.291441E-04 -1.123193E-03
200324  1.292136E-03  9.481980E-05
200325 -6.460013E-04  1.094052E-03
200326 -7.176836E-04 -9.776662E-04
200327  1.193128E-03 -4.306817E-04
200328  3.876096E-04  1.252441E-03
200329 -1.133101E-03  4.619172E-04
200330 -5.786958E-04 -9.945947E-04
200331  8.069161E-04 -8.804595E-04
200332  1.241114E-03  2.434210E-04
200333  6.919005E-04  1.088685E-03
200334 -8.645380E-05  1.274222E-03
200335 -6.335352E-04  1.082263E-03
200336 -8.964915E-04  8.519727E-04
200337 -9.663471E-04  7.615955E-04
200338 -8.912211E-04  8.577233E-04
200339 -6.234336E-04  1.091892E-03
200340 -7.245708E-05  1.284555E-03
200341  7.083515E-04  1.096178E-03
200342  1.258234E-03  2.451492E-04
200343  8.229206E-04 -8.860496E-04
200344 -5.651780E-04 -1.007332E-03
200345 -1.122733E-03  4.438240E-04
200346  3.949128E-04  1.231892E-03
200347  1.197985E-03 -4.504421E-04
200348 -7.144824E-04 -9.938471E-04
200349 -6.438157E-04  1.083200E-03
200350  1.293640E-03  8.978332E-05
200351 -6.282510E-04 -1.123043E-03
200352 -4.682771E-04  1.194178E-03
200353  1.212291E-03 -5.029497E-04
200354 -1.230749E-03 -5.243262E-04
200355  5.764043E-04  1.161930E-03
200356  3.102168E-04 -1.337646E-03
200357 -1.114826E-03  7.583268E-04
200358  1.345767E-03  8.746281E-05
200359 -9.386730E-04 -1.058214E-03
200360 -1.155411E-04  1.362996E-03
200361  1.274915E-03 -4.058903E-04
200362 -1.249214E-03 -4.946532E-04
200363  4.990455E-04  1.282272E-03
200364  7.762909E-04 -1.122945E-03
200365 -1.357232E-03 -1.928160E-04
200366  1.546452E-04  1.407024E-03
200367  1.400331E-03 -1.914270E-04
200368  3.608752E-05 -1.385724E-03
200369 -1.280590E-03 -5.507586E-04
200370 -1.232283E-03  7.084045E-04
200371 -5.455828E-04  1.331057E-03
200372  1.183837E-05  1.444123E-03
200373  2.037260E-04  1.431345E-03
200374  1.314437E-05  1.445711E-03
200375 -5.434696E-04  1.333766E-03
200376 -1.230102E-03  7.113247E-04
200377 -1.278907E-03 -5.487977E-04
200378  3.724889E-05 -1.385702E-03
200379  1.401577E-03 -1.935080E-04
200380  1.569364E-04  1.403929E-03
200381 -1.353071E-03 -1.947324E-04
200382  7.826158E-04 -1.121234E-03
200383  5.072377E-04  1.289162E-03
200384 -1.239806E-03 -4.827196E-04
200385  1.284855E-03 -3.906643E-04
200386 -8.132370E-04  1.054876E-03
200387  2.123162E-04 -1.288507E-03
200388  3.750599E-04  1.244892E-03
200389 -8.394949E-04 -9.868237E-04
200390  1.130922E-03  5.594485E-04
200391 -1.272081E-03 -9.585894E-05
200392  1.152649E-03 -4.719967E-04
200393 -8.391220E-04  9.019161E-04
200394  2.127090E-04 -1.233814E-03
200395  5.013292E-04  1.076493E-03
200396 -1.114383E-03 -5.127029E-04
200397  1.091492E-03 -5.149011E-04
200398 -2.112963E-04  1.154150E-03
200399 -9.344452E-04 -7.168172E-04
200400  9.723641E-04 -6.790195E-04
200401  5.620566E-04  1.050935E-03
200402 -9.849546E-04  6.018508E-04
200403 -7.567115E-04 -8.214747E-04
200404  4.889989E-04 -1.025222E-03
200405  1.159052E-03 -2.053747E-04
200406  1.024075E-03  6.213001E-04
200407  5.879996E-04  1.042647E-03
200408  2.417231E-04  1.165730E-03
200409  1.197333E-04  1.183239E-03
200410  2.419159E-04  1.171076E-03
200411  5.886124E-04  1.051245E-03
200412  1.025159E-03  6.297539E-04
200413  1.160052E-03 -2.005631E-04
200414  4.887085E-04 -1.026564E-03
200415 -7.596952E-04 -8.298100E-04
200416 -9.915396E-04  5.875517E-04
200417  5.519660E-04  1.033305E-03
200418  9.599146E-04 -6.964784E-04
200419 -9.474816E-04 -7.308246E-04
200420 -2.231980E-04  1.145555E-03
200421  1.081788E-03 -5.180343E-04
200422 -1.121766E-03 -5.120099E-04
200423  4.956008E-04  1.078605E-03
200424  2.076235E-04 -1.232413E-03
200425 -8.444492E-04  9.013830E-04
200426  1.146580E-03 -4.747872E-04
200427 -1.279027E-03 -1.007906E-04
200428  1.123157E-03  5.524133E-04
200429 -8.479803E-04 -9.962244E-04
200430  3.659473E-04  1.232795E-03
200431  2.026908E-04 -1.303140E-03
200432 -8.231849E-04  1.038862E-03
200433 -3.921044E-04  1.219627E-03
200434  9.241518E-04 -8.808081E-04
200435 -1.267827E-03  2.143959E-04
200436  1.075359E-03  7.544043E-04
200437  1.535269E-06 -1.311996E-03
200438 -1.194911E-03  5.439508E-04
200439  7.847982E-04  1.084210E-03
200440  1.131626E-03 -7.280108E-04
200441 -3.648025E-04 -1.289663E-03
200442 -1.293750E-03 -3.802863E-04
200443 -1.228602E-03  5.728792E-04
200444 -8.721890E-04  1.036342E-03
200445 -7.111565E-04  1.150493E-03
200446 -8.714449E-04  1.036160E-03
200447 -1.228143E-03  5.734448E-04
200448 -1.295074E-03 -3.779314E-04
200449 -3.689708E-04 -1.285343E-03
200450  1.124749E-03 -7.226989E-04
200451  7.766575E-04  1.089148E-03
200452 -1.202250E-03  5.480091E-04
200453 -3.332775E-06 -1.307834E-03
200454  1.073617E-03  7.604603E-04
200455 -1.266657E-03  2.234125E-04
200456  9.277072E-04 -8.695720E-04
200457 -3.866658E-04  1.230882E-03
200458 -4.873144E-05 -1.229891E-03
200459  4.121072E-04  1.199202E-03
200460 -6.310260E-04 -1.033539E-03
200461  8.130951E-04  9.309290E-04
200462 -9.325893E-04 -7.466695E-04
200463  1.039127E-03  6.049365E-04
200464 -1.127972E-03 -3.576550E-04
200465  1.163022E-03  8.842776E-05
200466 -1.135549E-03  2.851008E-04
200467  9.007010E-04 -7.146529E-04
200468 -4.519217E-04  1.032814E-03
200469 -2.829141E-04 -1.128187E-03
200470  9.576539E-04  5.482849E-04
200471 -1.034293E-03  3.963196E-04
200472  7.369179E-05 -1.138335E-03
200473  1.034764E-03  3.528266E-04
200474 -4.702321E-04  9.718613E-04
200475 -1.036643E-03 -3.709742E-04
200476  6.414364E-06 -1.105801E-03
200477  9.368472E-04 -5.679675E-04
200478  1.046463E-03  2.781682E-04
200479  7.144208E-04  8.005243E-04
200480  3.913313E-04  9.937448E-04
200481  2.695303E-04  1.032927E-03
200482  3.873224E-04  9.967708E-04
200483  7.074142E-04  8.051422E-04
200484  1.037653E-03  2.823180E-04
200485  9.267155E-04 -5.660026E-04
200486 -5.480246E-06 -1.106871E-03
200487 -1.051105E-03 -3.749780E-04
200488 -4.876236E-04  9.659993E-04
200489  1.015040E-03  3.472104E-04
200490  5.321906E-05 -1.140944E-03
200491 -1.053314E-03  3.989778E-04
200492  9.422495E-04  5.564783E-04
200493 -2.933257E-04 -1.116867E-03
200494 -4.573013E-04  1.043084E-03
200495  8.990877E-04 -7.093193E-04
200496 -1.135312E-03  2.837540E-04
200497  1.163387E-03  8.133177E-05
200498 -1.128541E-03 -3.677541E-04
200499  1.037129E-03  5.948830E-04
200500 -9.362370E-04 -7.546913E-04
200501  8.077726E-04  9.251232E-04
200502 -6.376838E-04 -1.038615E-03
200503  4.049045E-04  1.192731E-03
200504 -5.547578E-05 -1.239038E-03
200505  9.299278E-04 -7.465028E-04
200506 -1.134083E-03  4.359048E-04
200507  1.213908E-03  1.188969E-04
200508 -9.237536E-04 -8.277940E-04
200509  2.700848E-05  1.226972E-03
200510  1.059843E-03 -6.853011E-04
200511 -9.567529E-04 -8.397420E-04
200512 -7.772178E-04  9.851471E-04
200513  8.055780E-04  9.703413E-04
200514  1.247069E-03 -2.434067E-04
200515  7.302364E-04 -1.057043E-03
200516  1.832529E-04 -1.287031E-03
200517 -1.467123E-05 -1.307153E-03
200518  1.849700E-04 -1.290857E-03
200519  7.318258E-04 -1.061894E-03
200520  1.245951E-03 -2.456219E-04
200521  8.000977E-04  9.727014E-04
200522 -7.866238E-04  9.909334E-04
200523 -9.677879E-04 -8.337777E-04
200524  1.049801E-03 -6.819287E-04
200525  1.930460E-05  1.227374E-03
200526 -9.293737E-04 -8.288122E-04
200527  1.209638E-03  1.176704E-04
200528 -1.136985E-03  4.336310E-04
200529  9.291035E-04 -7.520911E-04
200530 -7.540115E-04  9.219167E-04
200531  6.454467E-04 -9.815381E-04
200532 -5.934183E-04  1.007586E-03
200533  5.916185E-04 -9.784897E-04
200534 -5.967034E-04  9.907029E-04
200535  6.068208E-04 -9.330396E-04
200536 -5.701240E-04  9.845164E-04
200537  5.029050E-04 -9.683717E-04
200538 -3.382724E-04  1.062400E-03
200539  7.665411E-05 -1.076294E-03
200540  3.065187E-04  1.035620E-03
200541 -7.554296E-04 -7.708987E-04
200542  1.052401E-03  1.382707E-04
200543 -8.355709E-04  6.233774E-04
200544 -8.029478E-05 -1.072888E-03
200545  9.855562E-04  2.999889E-04
200546 -5.135968E-04  8.799694E-04
200547 -9.269552E-04 -5.077849E-04
200548  2.268988E-04 -1.029375E-03
200549  9.826101E-04 -2.746304E-04
200550  8.231283E-04  5.611759E-04
200551  3.286316E-04  9.326535E-04
200552 -4.380711E-05  9.880800E-04
200553 -1.708038E-04  9.750150E-04
200554 -4.692567E-05  9.869601E-04
200555  3.233603E-04  9.303469E-04
200556  8.167345E-04  5.581708E-04
200557  9.754432E-04 -2.770369E-04
200558  2.187872E-04 -1.029801E-03
200559 -9.360598E-04 -5.057296E-04
200560 -5.233545E-04  8.841980E-04
200561  9.756240E-04  3.064809E-04
200562 -8.990931E-05 -1.062824E-03
200563 -8.440036E-04  6.385144E-04
200564  1.046657E-03  1.578776E-04
200565 -7.569375E-04 -7.507314E-04
200566  3.095861E-04  1.050695E-03
200567  8.281507E-05 -1.070383E-03
200568 -3.314604E-04  1.059007E-03
200569  5.085562E-04 -9.775538E-04
200570 -5.660589E-04  9.746196E-04
200571  6.096100E-04 -9.390886E-04
200572 -5.951965E-04  9.913410E-04
200573  5.913861E-04 -9.707361E-04
200574 -5.954100E-04  1.020206E-03
200575  6.428329E-04 -9.681757E-04
200576 -7.554620E-04  9.321334E-04
200577 -5.686001E-04 -9.827667E-04
200578  3.469142E-04  1.089051E-03
200579  4.082035E-05 -1.156415E-03
200580 -6.412185E-04  9.723882E-04
200581  1.121138E-03 -3.245909E-04
200582 -9.253282E-04 -7.629726E-04
200583 -3.636296E-04  1.115663E-03
200584  1.170765E-03  2.180918E-04
200585  4.232145E-04 -1.129168E-03
200586 -8.232204E-04 -8.903121E-04
200587 -1.218354E-03 -3.886811E-05
200588 -1.097110E-03  5.211387E-04
200589 -9.955024E-04  6.840425E-04
200590 -1.093058E-03  5.143671E-04
200591 -1.213165E-03 -4.833267E-05
200592 -8.206509E-04 -8.969139E-04
200593  4.213355E-04 -1.129648E-03
200594  1.165849E-03  2.223373E-04
200595 -3.682674E-04  1.119729E-03
200596 -9.273880E-04 -7.635559E-04
200597  1.121002E-03 -3.306286E-04
200598 -6.421724E-04  9.632745E-04
200599  3.719741E-05 -1.166447E-03
200600  3.417494E-04  1.077448E-03
200601 -5.724038E-04 -9.984985E-04
200602  6.318936E-04  9.070251E-04
200603 -6.239237E-04 -9.421155E-04
200604  5.321769E-04  9.490216E-04
200605 -4.104552E-04 -1.016739E-03
200606  2.519431E-04  1.053208E-03
200607 -1.032424E-04 -1.056208E-03
200608  2.297966E-06  1.068975E-03
200609  7.032854E-05 -1.036760E-03
200610 -2.348873E-05  1.052180E-03
200611 -9.440551E-05 -1.013643E-03
200612  3.414733E-04  9.744299E-04
200613 -6.689984E-04 -7.562875E-04
200614  9.611519E-04  3.100383E-04
200615 -9.209415E-04  3.858716E-04
200616  2.716142E-04 -9.597301E-04
200617  7.189900E-04  6.700421E-04
200618 -8.395282E-04  5.104369E-04
200619 -4.869254E-04 -8.615795E-04
200620  7.356499E-04 -6.417830E-04
200621  8.747193E-04  4.018510E-04
200622  2.260309E-04  9.368344E-04
200623 -3.833963E-04  8.876861E-04
200624 -6.908085E-04  6.765111E-04
200625 -7.720213E-04  5.795353E-04
200626 -6.890243E-04  6.720904E-04
200627 -3.801220E-04  8.799180E-04
200628  2.298540E-04  9.284177E-04
200629  8.778890E-04  3.966955E-04
200630  7.379644E-04 -6.406676E-04
200631 -4.840512E-04 -8.542337E-04
200632 -8.342843E-04  5.212305E-04
200633  7.267934E-04  6.816667E-04
200634  2.801106E-04 -9.472127E-04
200635 -9.137104E-04  4.011526E-04
200636  9.673212E-04  3.282211E-04
200637 -6.618250E-04 -7.389481E-04
200638  3.507690E-04  9.854042E-04
200639 -8.480490E-05 -1.011844E-03
200640 -1.687093E-05  1.046955E-03
200641  7.256868E-05 -1.043863E-03
200642  2.021728E-06  1.064652E-03
200643 -1.030029E-04 -1.055029E-03
200644  2.538575E-04  1.061395E-03
200645 -4.082728E-04 -1.000962E-03
200646  5.328847E-04  9.709040E-04
200647 -6.242571E-04 -9.182471E-04
200648  6.328945E-04  9.280381E-04
200649 -9.375696E-04 -5.196513E-04
200650  8.702042E-04  6.456720E-04
200651 -6.575269E-04 -8.697908E-04
200652  1.837305E-04  1.088334E-03
200653  5.179404E-04 -9.718641E-04
200654 -1.108343E-03  1.901807E-04
200655  6.250608E-04  9.272161E-04
200656  8.333162E-04 -7.650513E-04
200657 -6.445334E-04 -9.256096E-04
200658 -1.124735E-03  2.017426E-04
200659 -6.362342E-04  9.638904E-04
200660 -1.075180E-04  1.147398E-03
200661  8.558016E-05  1.144879E-03
200662 -1.014038E-04  1.140531E-03
200663 -6.281216E-04  9.540194E-04
200664 -1.119365E-03  1.945231E-04
200665 -6.431082E-04 -9.264504E-04
200666  8.340828E-04 -7.608057E-04
200667  6.296025E-04  9.310007E-04
200668 -1.098921E-03  1.884552E-04
200669  5.284882E-04 -9.794100E-04
200670  1.896150E-04  1.078722E-03
200671 -6.590797E-04 -8.782015E-04
200672  8.640576E-04  6.379246E-04
200673 -9.429221E-04 -5.299136E-04
200674  9.342675E-04  4.858709E-04
200675 -8.776771E-04 -6.033050E-04
200676  7.594207E-04  6.932311E-04
200677 -5.984044E-04 -8.567539E-04
200678  3.759576E-04  9.425271E-04
200679 -1.584227E-04 -1.007942E-03
200680 -2.471630E-05  9.932305E-04
200681  1.776867E-04 -9.894493E-04
200682 -2.150522E-04  9.574099E-04
200683  1.761337E-04 -9.585248E-04
200684 -2.218900E-05  9.765071E-04
200685 -2.790327E-04 -9.147385E-04
200686  6.506528E-04  7.055734E-04
200687 -9.392685E-04 -1.552281E-04
200688  7.412810E-04 -5.648635E-04
200689  1.115794E-04  9.415010E-04
200690 -9.174589E-04 -1.694204E-04
200691  2.576170E-04 -8.873746E-04
200692  9.233979E-04  1.258560E-04
200693  2.518304E-04  9.064080E-04
200694 -5.550264E-04  7.587975E-04
200695 -8.897627E-04  2.638468E-04
200696 -9.109940E-04 -1.027370E-04
200697 -8.832140E-04 -2.259032E-04
200698 -9.047415E-04 -1.072471E-04
200699 -8.793012E-04  2.558489E-04
200700 -5.438759E-04  7.503738E-04
200701  2.606775E-04  9.023212E-04
200702  9.300574E-04  1.295957E-04
200703  2.656933E-04 -8.767963E-04
200704 -9.040258E-04 -1.570735E-04
200705  1.304949E-04  9.508346E-04
200706  7.612310E-04 -5.590038E-04
200707 -9.232635E-04 -1.497179E-04
200708  6.619984E-04  7.126822E-04
200709 -2.689375E-04 -9.084652E-04
200710 -1.113828E-05  9.775538E-04
200711  1.851960E-04 -9.636689E-04
200712 -2.132339E-04  9.503142E-04
200713  1.711205E-04 -9.930972E-04
200714 -3.445904E-05  9.948221E-04
200715 -1.642008E-04 -1.002746E-03
200716  3.771466E-04  9.501735E-04
200717 -5.931432E-04 -8.456256E-04
200718  7.638232E-04  7.084831E-04
200719 -8.757000E-04 -5.863279E-04
200720  9.366442E-04  5.004771E-04
200721 -8.508348E-04 -5.384410E-04
200722  8.250876E-04  6.250327E-04
200723 -6.275666E-04 -8.070055E-04
200724  2.307134E-04  1.027127E-03
200725  4.198163E-04 -9.437247E-04
200726 -1.022890E-03  2.956284E-04
200727  6.960679E-04  8.062101E-04
200728  6.830742E-04 -8.187690E-04
200729 -7.316528E-04 -7.637603E-04
200730 -1.013495E-03  3.692469E-04
200731 -4.330833E-04  1.006384E-03
200732  9.454963E-05  1.091295E-03
200733  2.768004E-04  1.057986E-03
200734  1.009659E-04  1.087100E-03
200735 -4.253494E-04  9.999709E-04
200736 -1.009636E-03  3.645329E-04
200737 -7.314402E-04 -7.631095E-04
200738  6.853020E-04 -8.131366E-04
200739  7.054953E-04  8.117488E-04
200740 -1.007011E-03  2.961516E-04
200741  4.354645E-04 -9.478493E-04
200742  2.383617E-04  1.023187E-03
200743 -6.306045E-04 -8.068303E-04
200744  8.161581E-04  6.288032E-04
200745 -8.584381E-04 -5.347720E-04
200746  8.442544E-04  5.521203E-04
200747 -7.449864E-04 -6.666260E-04
200748  5.913284E-04  7.844576E-04
200749 -3.739541E-04 -9.104963E-04
200750  9.987100E-05  9.609318E-04
200751  1.569687E-04 -9.586986E-04
200752 -3.680404E-04  8.583226E-04
200753  5.338407E-04 -8.033472E-04
200754 -6.001961E-04  7.050995E-04
200755  5.929697E-04 -7.131701E-04
200756 -5.221883E-04  7.689765E-04
200757  2.826167E-04 -8.626406E-04
200758  7.566276E-05  9.117603E-04
200759 -5.879741E-04 -6.841504E-04
200760  8.812891E-04  8.939958E-05
200761 -5.535179E-04  7.208148E-04
200762 -4.802225E-04 -7.397353E-04
200763  8.021575E-04 -3.791230E-04
200764  4.931572E-04  7.506756E-04
200765 -4.986276E-04  7.411181E-04
200766 -8.750967E-04  4.790940E-05
200767 -6.979453E-04 -5.019884E-04
200768 -4.301717E-04 -7.373566E-04
200769 -3.194507E-04 -7.910505E-04
200770 -4.232889E-04 -7.390823E-04
200771 -6.872308E-04 -5.058285E-04
200772 -8.653760E-04  4.337607E-05
200773 -4.934244E-04  7.398213E-04
200774  4.948339E-04  7.558809E-04
200775  8.057971E-04 -3.689100E-04
200776 -4.690349E-04 -7.306026E-04
200777 -5.345809E-04  7.232589E-04
200778  9.017852E-04  8.485045E-05
200779 -5.728758E-04 -6.912697E-04
200780  8.463503E-05  9.058918E-04
200781  2.908195E-04 -8.680460E-04
200782 -5.114945E-04  7.608497E-04
200783  6.013178E-04 -7.237932E-04
200784 -6.022465E-04  6.972152E-04
200785  5.202255E-04 -8.037859E-04
200786 -3.847537E-04  8.636935E-04
200787  1.480558E-04 -9.536111E-04
200788  1.033173E-04  9.623454E-04
200789 -3.625787E-04 -9.107170E-04
200790  6.021768E-04  7.855082E-04
200791 -7.388823E-04 -6.650122E-04
200792  8.488123E-04  5.514366E-04
200793 -5.170794E-04 -8.059083E-04
200794  4.805489E-04  8.542295E-04
200795 -2.257356E-04 -9.434391E-04
200796 -1.763021E-04  9.808907E-04
200797  7.254728E-04 -6.588229E-04
200798 -9.969308E-04 -1.176637E-04
200799  3.102220E-04  9.601968E-04
200800  9.024287E-04 -4.650761E-04
200801 -3.466800E-04 -9.407042E-04
200802 -1.009208E-03 -5.752864E-05
200803 -7.412488E-04  7.107208E-04
200804 -3.163883E-04  9.778565E-04
200805 -1.473898E-04  1.015701E-03
200806 -3.116888E-04  9.773720E-04
200807 -7.372436E-04  7.087430E-04
200808 -1.010759E-03 -5.981679E-05
200809 -3.517292E-04 -9.395243E-04
200810  9.016171E-04 -4.589708E-04
200811  3.187248E-04  9.671306E-04
200812 -9.820046E-04 -1.148213E-04
200813  7.384861E-04 -6.593273E-04
200814 -1.729234E-04  9.824567E-04
200815 -2.335306E-04 -9.357696E-04
200816  4.678424E-04  8.675341E-04
200817 -5.268862E-04 -7.906869E-04
200818  5.031858E-04  8.238797E-04
200819 -3.638743E-04 -8.681547E-04
200820  1.669317E-04  9.281750E-04
200821  8.030749E-05 -9.191467E-04
200822 -3.518200E-04  8.601997E-04
200823  5.714132E-04 -7.171016E-04
200824 -7.247034E-04  5.243714E-04
200825  8.218264E-04 -3.907181E-04
200826 -8.536275E-04  2.543567E-04
200827  8.403772E-04 -2.442825E-04
200828 -8.325270E-04  3.187106E-04
200829  7.038830E-04 -4.972241E-04
200830 -4.704296E-04  7.371570E-04
200831 -2.725966E-05 -8.539195E-04
200832  5.930536E-04  6.105540E-04
200833 -8.470572E-04  1.798215E-04
200834  1.316108E-04 -8.343329E-04
200835  8.153790E-04  2.418612E-04
200836 -1.364276E-04  8.326380E-04
200837 -8.153094E-04  1.713581E-04
200838 -6.082894E-04 -5.560102E-04
200839 -1.169619E-04 -8.135089E-04
200840  2.226403E-04 -7.952081E-04
200841  3.327026E-04 -7.585131E-04
200842  2.261667E-04 -7.935917E-04
200843 -1.125137E-04 -8.127426E-04
200844 -6.067949E-04 -5.571040E-04
200845 -8.190329E-04  1.710842E-04
200846 -1.433849E-04  8.362811E-04
200847  8.110529E-04  2.480156E-04
200848  1.355637E-04 -8.315448E-04
200849 -8.346275E-04  1.741266E-04
200850  6.074320E-04  5.966424E-04
200851 -1.835543E-05 -8.709246E-04
200852 -4.671899E-04  7.221331E-04
200853  7.085121E-04 -5.095362E-04
200854 -8.225460E-04  3.066842E-04
200855  8.489787E-04 -2.560137E-04
200856 -8.568238E-04  2.477384E-04
200857  8.058876E-04 -3.883067E-04
200858 -7.426883E-04  5.318806E-04
200859  5.639206E-04 -7.135661E-04
200860 -3.439757E-04  8.554806E-04
200861  9.818972E-05 -9.284705E-04
200862  1.841966E-04  9.186151E-04
200863 -3.536257E-04 -8.784351E-04
200864  5.098078E-04  8.106690E-04
200865  3.808259E-05 -9.217631E-04
200866 -1.060131E-04  9.103142E-04
200867  3.775065E-04 -8.569642E-04
200868 -6.949890E-04  6.243893E-04
200869  9.381243E-04 -5.144405E-05
200870 -6.487288E-04 -6.906274E-04
200871 -3.695148E-04  8.771935E-04
200872  9.373636E-04  2.259859E-04
200873  3.646189E-04 -8.930858E-04
200874 -6.549242E-04 -6.978993E-04
200875 -9.654781E-04  2.965162E-06
200876 -8.504759E-04  4.566578E-04
200877 -7.613369E-04  5.898540E-04
200878 -8.487017E-04  4.591433E-04
200879 -9.665994E-04  3.773757E-06
200880 -6.627222E-04 -7.002373E-04
200881  3.537301E-04 -8.939779E-04
200882  9.321911E-04  2.304673E-04
200883 -3.648473E-04  8.835740E-04
200884 -6.390141E-04 -6.880010E-04
200885  9.444413E-04 -5.160462E-05
200886 -6.980285E-04  6.273992E-04
200887  3.651372E-04 -8.470494E-04
200888 -1.209935E-04  9.266961E-04
200889  2.773279E-05 -9.021194E-04
200890 -4.439665E-05  9.181435E-04
200891  1.658934E-04 -8.784053E-04
200892 -3.430039E-04  8.343952E-04
200893  5.309585E-04 -6.928538E-04
200894 -7.102675E-04  5.358334E-04
200895  8.157324E-04 -3.008840E-04
200896 -8.574326E-04  8.397733E-05
200897  8.551366E-04  7.223834E-05
200898 -8.350831E-04 -1.873418E-04
200899  8.095854E-04  2.036718E-04
200900 -8.413689E-04 -1.155558E-04
200901  8.229563E-04 -7.637557E-05
200902 -7.315095E-04  3.985621E-04
200903  3.836363E-04 -7.185618E-04
200904  2.106914E-04  7.928988E-04
200905 -7.871343E-04 -2.469073E-04
200906  5.045711E-04 -6.349589E-04
200907  5.621898E-04  5.769898E-04
200908 -5.071109E-04  6.112615E-04
200909 -7.501973E-04 -2.616983E-04
200910 -2.273602E-04 -7.652095E-04
200911  3.023242E-04 -7.439199E-04
200912  5.716884E-04 -5.674522E-04
200913  6.426136E-04 -4.847719E-04
200914  5.700424E-04 -5.640296E-04
200915  2.981303E-04 -7.413529E-04
200916 -2.352698E-04 -7.662110E-04
200917 -7.617493E-04 -2.639262E-04
200918 -5.198031E-04  6.111362E-04
200919  5.528432E-04  5.775749E-04
200920  5.026631E-04 -6.390093E-04
200921 -7.815427E-04 -2.593851E-04
200922  2.181981E-04  7.731221E-04
200923  3.863810E-04 -7.405527E-04
200924 -7.333034E-04  3.798228E-04
200925  8.243439E-04 -8.990932E-05
200926 -8.325904E-04 -1.260372E-04
200927  8.179872E-04  1.947116E-04
200928 -8.383499E-04 -1.913415E-04
200929  8.401075E-04  7.710155E-05
200930 -8.726418E-04  9.319667E-05
200931  8.119166E-04 -2.980917E-04
200932 -6.990919E-04  5.279384E-04
200933  5.518805E-04 -7.055775E-04
200934 -3.229981E-04  8.219961E-04
200935  1.777231E-04 -8.924056E-04
200936 -3.742992E-05  9.000330E-04
200937  5.434133E-04 -6.980123E-04
200938 -6.219208E-04  5.991992E-04
200939  8.061020E-04 -4.012601E-04
200940 -8.831235E-04 -2.014216E-05
200941  6.766301E-04  5.905127E-04
200942  5.137450E-05 -8.988051E-04
200943 -8.569268E-04  2.915488E-04
200944  4.162283E-04  8.035941E-04
200945  8.808845E-04 -2.834485E-04
200946  1.389185E-04 -9.089679E-04
200947 -5.620738E-04 -7.327553E-04
200948 -8.380459E-04 -3.914900E-04
200949 -8.880808E-04 -2.508934E-04
200950 -8.393006E-04 -3.876328E-04
200951 -5.675025E-04 -7.316904E-04
200952  1.270263E-04 -9.139884E-04
200953  8.666352E-04 -2.884308E-04
200954  4.082152E-04  8.051346E-04
200955 -8.557414E-04  2.958580E-04
200956  5.588667E-05 -8.989328E-04
200957  6.768921E-04  5.873871E-04
200958 -8.907894E-04 -1.935804E-05
200959  7.918652E-04 -3.934241E-04
200960 -6.364752E-04  6.134474E-04
200961  5.345592E-04 -6.796911E-04
200962 -5.265053E-04  6.957906E-04
200963  5.802964E-04 -6.286695E-04
200964 -6.802757E-04  5.240228E-04
200965  7.639312E-04 -3.416463E-04
200966 -8.283896E-04  1.670142E-04
200967  8.301912E-04  6.284098E-05
200968 -7.919966E-04 -2.365608E-04
200969  7.347240E-04  3.599846E-04
200970 -6.964505E-04 -4.257507E-04
200971  6.795326E-04  4.328854E-04
200972 -7.356230E-04 -3.279807E-04
200973  7.858058E-04  1.447050E-04
200974 -7.664929E-04  2.005495E-04
200975  5.234839E-04 -5.814747E-04
200976  3.742198E-05  7.887633E-04
200977 -6.874172E-04 -3.840767E-04
200978  5.922293E-04 -5.052213E-04
200979  4.254678E-04  6.376783E-04
200980 -5.845078E-04  4.835277E-04
200981 -6.660685E-04 -3.780166E-04
200982 -9.101909E-05 -7.688756E-04
200983  4.044894E-04 -6.679393E-04
200984  6.292865E-04 -4.619697E-04
200985  6.811848E-04 -3.736372E-04
200986  6.230724E-04 -4.589078E-04
200987  3.933880E-04 -6.670698E-04
200988 -1.050711E-04 -7.730683E-04
200989 -6.808842E-04 -3.838306E-04
200990 -5.977858E-04  4.798815E-04
200991  4.159974E-04  6.339834E-04
200992  5.884416E-04 -5.143096E-04
200993 -6.857232E-04 -4.006707E-04
200994  4.054731E-05  7.669537E-04
200995  5.226979E-04 -6.039935E-04
200996 -7.710164E-04  1.823435E-04
200997  7.847277E-04  1.336231E-04
200998 -7.291006E-04 -3.340960E-04
200999  6.861457E-04  4.279603E-04
201000 -7.003464E-04 -4.275907E-04
201001  7.213350E-04  3.664009E-04
201002 -8.035271E-04 -2.255534E-04
201003  8.296442E-04  6.610450E-05
201004 -8.164882E-04  1.581840E-04
201005  7.834603E-04 -3.539810E-04
201006 -6.621727E-04  5.141785E-04
201007  5.903985E-04 -6.403189E-04
201008 -5.212260E-04  6.787683E-04
201009  7.707681E-04 -3.322753E-04
201010 -8.160330E-04  1.491060E-04
201011  8.445620E-04  1.253710E-04
201012 -6.458349E-04 -5.495727E-04
201013  1.137738E-04  8.483535E-04
201014  6.279321E-04 -5.819707E-04
201015 -7.722028E-04 -4.016378E-04
201016 -3.112452E-04  7.952780E-04
201017  7.476274E-04  4.570452E-04
201018  7.584155E-04 -4.466006E-04
201019  2.184554E-04 -8.578080E-04
201020 -1.950895E-04 -8.701446E-04
201021 -3.285782E-04 -8.284375E-04
201022 -1.986761E-04 -8.664570E-04
201023  2.108401E-04 -8.584039E-04
201024  7.459297E-04 -4.555607E-04
201025  7.334587E-04  4.476191E-04
201026 -3.198608E-04  7.939987E-04
201027 -7.727832E-04 -3.996082E-04
201028  6.296942E-04 -5.858092E-04
201029  1.111924E-04  8.409436E-04
201030 -6.548995E-04 -5.523045E-04
201031  8.312718E-04  1.296319E-04
201032 -8.280804E-04  1.592098E-04
201033  7.646248E-04 -3.176300E-04
201034 -7.464083E-04  3.672699E-04
201035  7.463876E-04 -3.403655E-04
201036 -7.806740E-04  2.451899E-04
201037  7.991273E-04 -1.029176E-04
201038 -8.036214E-04 -3.030556E-05
201039  7.725683E-04  2.075239E-04
201040 -7.220583E-04 -3.259823E-04
201041  6.714070E-04  4.069267E-04
201042 -6.501549E-04 -4.308935E-04
201043  6.558402E-04  4.170552E-04
201044 -7.158992E-04 -2.800495E-04
201045  7.671016E-04  8.028924E-05
201046 -7.051318E-04  2.813441E-04
201047  4.174165E-04 -6.249471E-04
201048  1.721924E-04  7.400548E-04
201049 -7.202593E-04 -2.275397E-04
201050  4.466630E-04 -6.013327E-04
201051  5.476088E-04  4.937669E-04
201052 -4.203171E-04  5.942253E-04
201053 -7.136831E-04 -1.739987E-04
201054 -2.900574E-04 -6.832923E-04
201055  1.916087E-04 -7.288061E-04
201056  4.547690E-04 -6.066243E-04
201057  5.254659E-04 -5.427408E-04
201058  4.459690E-04 -6.054837E-04
201059  1.773995E-04 -7.318627E-04
201060 -3.055171E-04 -6.921580E-04
201061 -7.274013E-04 -1.830732E-04
201062 -4.307189E-04  5.890875E-04
201063  5.411308E-04  4.885430E-04
201064  4.442653E-04 -6.127266E-04
201065 -7.192667E-04 -2.455249E-04
201066  1.737760E-04  7.191380E-04
201067  4.156394E-04 -6.451376E-04
201068 -7.104593E-04  2.658243E-04
201069  7.640508E-04  7.273496E-05
201070 -7.126052E-04 -2.818164E-04
201071  6.594784E-04  4.150625E-04
201072 -6.552333E-04 -4.323852E-04
201073  6.590583E-04  4.134937E-04
201074 -7.312419E-04 -3.133671E-04
201075  7.736937E-04  2.118275E-04
201076 -7.926192E-04 -3.950770E-05
201077  8.149351E-04 -1.141768E-04
201078 -7.674062E-04  2.391819E-04
201079  7.524939E-04 -3.477513E-04
201080 -7.440165E-04  3.536295E-04
201081  7.898173E-04 -1.105875E-04
201082 -7.903714E-04 -1.339387E-04
201083  6.876643E-04  4.259045E-04
201084 -3.116824E-04 -7.548088E-04
201085 -3.211643E-04  7.535574E-04
201086  8.049855E-04 -1.259021E-04
201087 -3.697225E-04 -7.505477E-04
201088 -7.164026E-04  3.949975E-04
201089  2.470976E-04  7.928031E-04
201090  8.186213E-04  1.764881E-04
201091  7.129762E-04 -4.472377E-04
201092  4.432312E-04 -7.260950E-04
201093  3.274111E-04 -7.859100E-04
201094  4.383540E-04 -7.235970E-04
201095  7.055199E-04 -4.502265E-04
201096  8.087960E-04  1.639730E-04
201097  2.357349E-04  7.799577E-04
201098 -7.241939E-04  3.917962E-04
201099 -3.706474E-04 -7.501450E-04
201100  8.067854E-04 -1.327968E-04
201101 -3.231819E-04  7.425737E-04
201102 -3.195895E-04 -7.603973E-04
201103  6.767849E-04  4.271291E-04
201104 -7.992016E-04 -1.276312E-04
201105  7.864983E-04 -9.939815E-05
201106 -7.712964E-04  1.967186E-04
201107  7.528949E-04 -2.364770E-04
201108 -7.578942E-04  1.888194E-04
201109  7.668915E-04 -1.135338E-04
201110 -7.711801E-04  3.952818E-05
201111  7.640018E-04  7.923262E-05
201112 -7.446942E-04 -1.494485E-04
201113  7.325400E-04  1.873126E-04
201114 -7.316508E-04 -1.690278E-04
201115  7.363447E-04  1.114330E-04
201116 -7.388740E-04  7.659892E-05
201117  6.741502E-04 -2.992571E-04
201118 -4.239133E-04  6.053293E-04
201119 -2.757551E-05 -7.188418E-04
201120  5.665768E-04  4.592726E-04
201121 -6.750480E-04  2.796720E-04
201122 -6.849371E-05 -7.202194E-04
201123  7.179326E-04 -2.429545E-05
201124  1.304610E-04  6.903620E-04
201125 -5.893534E-04  3.866316E-04
201126 -6.666244E-04 -2.344641E-04
201127 -3.846773E-04 -6.037882E-04
201128 -1.262762E-04 -7.169735E-04
201129 -3.665829E-05 -7.310723E-04
201130 -1.354565E-04 -7.182768E-04
201131 -3.981170E-04 -6.111793E-04
201132 -6.794857E-04 -2.476169E-04
201133 -5.995924E-04  3.756641E-04
201134  1.235549E-04  6.858159E-04
201135  7.148936E-04 -2.862794E-05
201136 -6.800611E-05 -7.315204E-04
201137 -6.726063E-04  2.623750E-04
201138  5.685051E-04  4.408904E-04
201139 -2.894831E-05 -7.355787E-04
201140 -4.290873E-04  5.927984E-04
201141  6.693776E-04 -3.040804E-04
201142 -7.391017E-04  7.750971E-05
201143  7.370993E-04  1.103881E-04
201144 -7.374370E-04 -1.720550E-04
201145  7.205669E-04  1.925287E-04
201146 -7.536585E-04 -1.360378E-04
201147  7.652878E-04  8.445044E-05
201148 -7.607668E-04  2.988620E-05
201149  7.796041E-04 -1.244509E-04
201150 -7.498355E-04  1.853203E-04
201151  7.543811E-04 -2.407403E-04
201152 -7.718967E-04  1.859441E-04
201153  7.486985E-04 -1.654799E-04
201154 -7.589077E-04 -1.345773E-04
201155  6.196119E-04  4.635018E-04
201156 -1.800685E-04 -7.636231E-04
201157 -4.689558E-04  6.322908E-04
201158  7.699452E-04  1.127552E-04
201159 -8.564956E-05 -7.974687E-04
201160 -7.842568E-04  7.437115E-05
201161 -1.194735E-04  7.852030E-04
201162  6.123816E-04  5.127751E-04
201163  7.989603E-04 -4.388726E-05
201164  7.070241E-04 -3.926755E-04
201165  6.415196E-04 -4.939994E-04
201166  7.019154E-04 -3.917913E-04
201167  7.935549E-04 -4.892287E-05
201168  6.074008E-04  4.982761E-04
201169 -1.265494E-04  7.705730E-04
201170 -7.907979E-04  7.001923E-05
201171 -8.626983E-05 -7.979776E-04
201172  7.737609E-04  1.043982E-04
201173 -4.680660E-04  6.196383E-04
201174 -1.855996E-04 -7.706700E-04
201175  6.111971E-04  4.628054E-04
201176 -7.649880E-04 -1.308365E-04
201177  7.474455E-04 -1.563938E-04
201178 -6.976327E-04  3.022786E-04
201179  6.510490E-04 -4.008828E-04
201180 -6.221536E-04  4.109882E-04
201181  6.255974E-04 -4.035966E-04
201182 -6.351450E-04  3.993571E-04
201183  6.474663E-04 -3.496619E-04
201184 -6.426632E-04  3.407974E-04
201185  6.377409E-04 -3.586836E-04
201186 -5.955009E-04  4.194819E-04
201187  5.066171E-04 -4.967293E-04
201188 -3.387596E-04  6.420399E-04
201189  6.055491E-05 -6.960066E-04
201190  3.402524E-04  6.382333E-04
201191 -6.589466E-04 -2.315459E-04
201192  5.905760E-04 -3.649805E-04
201193  5.990444E-05  7.014214E-04
201194 -6.932257E-04 -1.130581E-04
201195  1.343253E-04 -6.933213E-04
201196  6.948028E-04 -1.169447E-05
201197  2.910504E-04  6.231392E-04
201198 -3.044552E-04  6.166741E-04
201199 -6.097169E-04  3.031507E-04
201200 -6.789476E-04  3.992276E-05
201201 -6.825380E-04 -5.235625E-05
201202 -6.867464E-04  3.654723E-05
201203 -6.194861E-04  2.924815E-04
201204 -3.122265E-04  6.007792E-04
201205  2.848166E-04  6.115806E-04
201206  6.901243E-04 -1.477672E-05
201207  1.334989E-04 -6.956943E-04
201208 -6.897031E-04 -1.227301E-04
201209  6.489351E-05  6.861909E-04
201210  5.938090E-04 -3.802198E-04
201211 -6.593966E-04 -2.450005E-04
201212  3.356269E-04  6.278046E-04
201213  5.445021E-05 -6.997848E-04
201214 -3.419525E-04  6.435707E-04
201215  5.057049E-04 -4.983561E-04
201216 -6.006005E-04  4.139941E-04
201217  6.260046E-04 -3.560393E-04
201218 -6.532122E-04  3.534993E-04
201219  6.479764E-04 -3.440263E-04
201220 -6.237823E-04  3.898654E-04
201221  6.377090E-04 -4.143280E-04
201222 -6.176867E-04  4.081366E-04
201223  6.488018E-04 -4.044196E-04
201224 -7.003738E-04  2.925776E-04
