1550
300000 1.039230 0.000000 -0.600000
300001 -1.087570 0.000000 -0.507142
300002 1.127631 0.000000 -0.410424
300003 -1.159110 0.000000 -0.310583
300004 1.181769 0.000000 -0.208378
300005 -1.195430 0.000000 -0.104587
300006 1.200000 0.000000 0.000000
300007 -1.195430 0.000000 0.104587
300008 1.181769 0.000000 0.208378
300009 -1.159110 0.000000 0.310583
300010 1.127631 0.000000 0.410424
300011 -1.087570 0.000000 0.507142
300012 1.039230 0.000000 0.600000
300013 -0.982982 0.000000 0.688292
300014 0.919253 0.000000 0.771345
300015 -0.848528 0.000000 0.848528
300016 0.771345 0.000000 0.919253
300017 -0.688292 0.000000 0.982982
300018 0.600000 0.000000 1.039230
300019 -0.507142 0.000000 1.087569
300020 0.410424 0.000000 1.127631
300021 0.208378 0.000000 1.181769
300022 1.038241 0.045331 -0.600000
300023 1.126558 0.049187 -0.410424
300024 1.180645 0.051548 -0.208378
300025 -1.194300 -0.052144 -0.104587
300026 1.198858 0.052343 0.000000
300027 -1.194300 -0.052144 0.104587
300028 1.180645 0.051548 0.208378
300029 1.126558 0.049187 0.410424
300030 1.038241 0.045331 0.600000
300031 0.918378 0.040097 0.771345
300032 1.035276 0.090575 -0.600000
300033 -1.083430 -0.094788 -0.507142
300034 1.123340 0.098280 -0.410424
300035 -1.154700 -0.101023 -0.310583
300036 1.177272 0.102998 -0.208378
300037 1.195434 0.104587 0.000000
300038 1.177272 0.102998 0.208378
300039 -1.154700 -0.101023 0.310583
300040 1.123340 0.098280 0.410424
300041 -1.083430 -0.094788 0.507142
300042 1.035276 0.090575 0.600000
300043 -0.979242 -0.085673 0.688292
300044 0.768410 0.067227 0.919253
300045 0.597717 0.052293 1.039230
300046 1.117984 0.147185 -0.410424
300047 1.171659 0.154252 -0.208378
300048 -1.185210 -0.156035 -0.104587
300049 1.189734 0.156631 0.000000
300050 -1.185210 -0.156035 0.104587
300051 1.171659 0.154252 0.208378
300052 1.117984 0.147185 0.410424
300053 0.911389 0.119987 0.771345
300054 -0.841269 -0.110755 0.848528
300055 0.764746 0.100681 0.919253
300056 0.406913 0.053571 1.127631
300057 1.023442 0.180460 -0.600000
300058 -1.141500 -0.201278 -0.310583
300059 1.163816 0.205212 -0.208378
300060 1.181769 0.208378 0.000000
300061 1.163816 0.205212 0.208378
300062 -1.141500 -0.201278 0.310583
300063 1.023442 0.180460 0.600000
300064 0.905288 0.159627 0.771345
300065 -0.677835 -0.119521 0.982982
300066 0.590885 0.104189 1.039230
300067 1.014597 0.224931 -0.600000
300068 -1.061790 -0.235393 -0.507142
300069 1.100902 0.244064 -0.410424
300070 1.153757 0.255782 -0.208378
300071 -1.167100 -0.258739 -0.104587
300072 1.171555 0.259728 0.000000
300073 -1.167100 -0.258739 0.104587
300074 1.153757 0.255782 0.208378
300075 1.100902 0.244064 0.410424
300076 -1.061790 -0.235393 0.507142
300077 1.014597 0.224931 0.600000
300078 -0.959682 -0.212756 0.688292
300079 0.753061 0.166950 0.919253
300080 -0.495121 -0.109766 1.087569
300081 1.003820 0.268973 -0.600000
300082 1.089208 0.291852 -0.410424
300083 -1.119620 -0.300000 -0.310583
300084 1.141501 0.305864 -0.208378
300085 1.159111 0.310583 0.000000
300086 1.141501 0.305864 0.208378
300087 -1.119620 -0.300000 0.310583
300088 1.089208 0.291852 0.410424
300089 1.003820 0.268973 0.600000
300090 0.887930 0.237920 0.771345
300091 -0.819615 -0.219615 0.848528
300092 0.579555 0.155291 1.039230
300093 0.396439 0.106226 1.127631
300094 0.201277 0.053932 1.181769
300095 0.991132 0.312503 -0.600000
300096 -1.037230 -0.327038 -0.507142
300097 1.075441 0.339085 -0.410424
300098 1.127073 0.355365 -0.208378
300099 -1.140110 -0.359474 -0.104587
300100 1.144460 0.360847 0.000000
300101 -1.140110 -0.359474 0.104587
300102 1.127073 0.355365 0.208378
300103 1.075441 0.339085 0.410424
300104 -1.037230 -0.327038 0.507142
300105 0.991132 0.312503 0.600000
300106 -0.937487 -0.295589 0.688292
300107 0.876708 0.276425 0.771345
300108 0.735645 0.231948 0.919253
300109 -0.656435 -0.206973 0.982982
300110 0.976557 0.355438 -0.600000
300111 1.059627 0.385673 -0.410424
300112 -1.089210 -0.396439 -0.310583
300113 1.110500 0.404189 -0.208378
300114 1.127631 0.410424 0.000000
300115 1.110500 0.404189 0.208378
300116 -1.089210 -0.396439 0.310583
300117 1.059627 0.385673 0.410424
300118 0.976557 0.355438 0.600000
300119 0.863816 0.314403 0.771345
300120 0.724827 0.263816 0.919253
300121 0.563816 0.205212 1.039230
300122 -1.004780 -0.416195 -0.507142
300123 1.041795 0.431526 -0.410424
300124 -1.104440 -0.457473 -0.104587
300125 1.108655 0.459220 0.000000
300126 -1.104440 -0.457473 0.104587
300127 1.041795 0.431526 0.410424
300128 -1.004780 -0.416195 0.507142
300129 -0.783938 -0.324718 0.848528
300130 0.379182 0.157062 1.127631
300131 0.941863 0.439198 -0.600000
300132 1.021981 0.476557 -0.410424
300133 -1.050510 -0.489861 -0.310583
300134 1.071047 0.499437 -0.208378
300135 1.087569 0.507142 0.000000
300136 1.071047 0.499437 0.208378
300137 -1.050510 -0.489861 0.310583
300138 1.021981 0.476557 0.410424
300139 0.941863 0.439198 0.600000
300140 -0.890885 -0.415426 0.688292
300141 0.833127 0.388493 0.771345
300142 0.699076 0.325984 0.919253
300143 0.543785 0.253571 1.039230
300144 -0.459627 -0.214327 1.087569
300145 0.921809 0.479863 -0.600000
300146 -0.964686 -0.502184 -0.507142
300147 1.000221 0.520682 -0.410424
300148 1.048242 0.545680 -0.208378
300149 -1.060360 -0.551990 -0.104587
300150 1.064413 0.554098 0.000000
300151 -1.060360 -0.551990 0.104587
300152 1.048242 0.545680 0.208378
300153 1.000221 0.520682 0.410424
300154 -0.964686 -0.502184 0.507142
300155 0.921809 0.479863 0.600000
300156 0.815388 0.424464 0.771345
300157 -0.752654 -0.391807 0.848528
300158 0.684192 0.356168 0.919253
300159 -0.610522 -0.317818 0.982982
300160 0.900000 0.519615 -0.600000
300161 0.976557 0.563816 -0.410424
300162 -1.003820 -0.579555 -0.310583
300163 1.023442 0.590885 -0.208378
300164 1.039230 0.600000 0.000000
300165 1.023442 0.590885 0.208378
300166 -1.003820 -0.579555 0.310583
300167 0.976557 0.563816 0.410424
300168 0.900000 0.519615 0.600000
300169 -0.851288 -0.491491 0.688292
300170 0.796097 0.459627 0.771345
300171 0.519615 0.300000 1.039230
300172 0.355438 0.205212 1.127631
300173 0.180460 0.104189 1.181769
300174 0.876478 0.558378 -0.600000
300175 0.996694 0.634964 -0.208378
300176 -1.008220 -0.642306 -0.104587
300177 1.012070 0.644760 0.000000
300178 -1.008220 -0.642306 0.104587
300179 0.996694 0.634964 0.208378
300180 0.876478 0.558378 0.600000
300181 0.650546 0.414443 0.919253
300182 0.851288 0.596078 -0.600000
300183 -0.890885 -0.623804 -0.507142
300184 0.923701 0.646783 -0.410424
300185 0.968049 0.677835 -0.208378
300186 0.982982 0.688292 0.000000
300187 0.968049 0.677835 0.208378
300188 0.923701 0.646783 0.410424
300189 -0.890885 -0.623804 0.507142
300190 0.851288 0.596078 0.600000
300191 0.753008 0.527262 0.771345
300192 -0.695074 -0.486696 0.848528
300193 -0.563816 -0.394788 0.982982
300194 0.491491 0.344146 1.039230
300195 0.894610 0.686458 -0.410424
300196 -0.919585 -0.705622 -0.310583
300197 0.937561 0.719416 -0.208378
300198 -0.948401 -0.727734 -0.104587
300199 0.952024 0.730514 0.000000
300200 -0.948401 -0.727734 0.104587
300201 0.937561 0.719416 0.208378
300202 -0.919585 -0.705622 0.310583
300203 0.894610 0.686458 0.410424
300204 -0.779852 -0.598402 0.688292
300205 0.729293 0.559606 0.771345
300206 0.611949 0.469565 0.919253
300207 -0.402343 -0.308728 1.087569
300208 0.325611 0.249850 1.127631
300209 0.796097 0.668005 -0.600000
300210 -0.833126 -0.699076 -0.507142
300211 0.863816 0.724827 -0.410424
300212 0.905288 0.759627 -0.208378
300213 0.919253 0.771345 0.000000
300214 0.905288 0.759627 0.208378
300215 0.863816 0.724827 0.410424
300216 -0.833126 -0.699076 0.507142
300217 0.796097 0.668005 0.600000
300218 0.590885 0.495811 0.919253
300219 0.459627 0.385673 1.039230
300220 0.766201 0.702094 -0.600000
300221 0.831377 0.761817 -0.410424
300222 -0.854586 -0.783084 -0.310583
300223 0.871292 0.798392 -0.208378
300224 -0.881366 -0.807623 -0.104587
300225 0.884733 0.810708 0.000000
300226 -0.881366 -0.807623 0.104587
300227 0.871292 0.798392 0.208378
300228 -0.854586 -0.783084 0.310583
300229 0.831377 0.761817 0.410424
300230 0.766201 0.702094 0.600000
300231 -0.724731 -0.664093 0.688292
300232 0.677745 0.621039 0.771345
300233 -0.625601 -0.573257 0.848528
300234 0.734847 0.734847 -0.600000
300235 -0.769028 -0.769028 -0.507142
300236 0.797356 0.797356 -0.410424
300237 0.835637 0.835637 -0.208378
300238 0.848528 0.848528 0.000000
300239 0.835637 0.835637 0.208378
300240 0.797356 0.797356 0.410424
300241 -0.769028 -0.769028 0.507142
300242 0.734847 0.734847 0.600000
300243 0.650010 0.650010 0.771345
300244 0.545423 0.545423 0.919253
300245 -0.486696 -0.486696 0.982982
300246 0.424264 0.424264 1.039230
300247 0.290214 0.290214 1.127631
300248 0.147345 0.147345 1.181769
300249 -0.783084 -0.854586 -0.310583
300250 -0.807623 -0.881366 -0.104587
300251 -0.807623 -0.881366 0.104587
300252 -0.783084 -0.854586 0.310583
300253 0.668005 0.796097 -0.600000
300254 -0.699076 -0.833126 -0.507142
300255 0.724827 0.863816 -0.410424
300256 0.759627 0.905288 -0.208378
300257 0.771345 0.919253 0.000000
300258 0.759627 0.905288 0.208378
300259 0.724827 0.863816 0.410424
300260 -0.699076 -0.833126 0.507142
300261 0.668005 0.796097 0.600000
300262 -0.631849 -0.753008 0.688292
300263 -0.545423 -0.650010 0.848528
300264 -0.325985 -0.388493 1.087569
300265 -0.705622 -0.919585 -0.310583
300266 -0.727734 -0.948401 -0.104587
300267 -0.727734 -0.948401 0.104587
300268 -0.705622 -0.919585 0.310583
300269 0.559606 0.729293 0.771345
300270 0.469565 0.611949 0.919253
300271 0.646783 0.923701 -0.410424
300272 0.677835 0.968049 -0.208378
300273 0.688292 0.982982 0.000000
300274 0.677835 0.968049 0.208378
300275 0.646783 0.923701 0.410424
300276 -0.563816 -0.805212 0.688292
300277 -0.394788 -0.563816 0.982982
300278 0.344146 0.491491 1.039230
300279 0.558378 0.876478 -0.600000
300280 -0.584351 -0.917247 -0.507142
300281 -0.622790 -0.977584 -0.310583
300282 -0.642306 -1.008220 -0.104587
300283 -0.642306 -1.008220 0.104587
300284 -0.622790 -0.977584 0.310583
300285 -0.584351 -0.917247 0.507142
300286 0.558378 0.876478 0.600000
300287 0.493914 0.775290 0.771345
300288 -0.455914 -0.715641 0.848528
300289 0.563816 0.976557 -0.410424
300290 0.590885 1.023442 -0.208378
300291 0.600000 1.039230 0.000000
300292 0.590885 1.023442 0.208378
300293 0.563816 0.976557 0.410424
300294 0.385673 0.668005 0.919253
300295 0.205212 0.355438 1.127631
300296 0.479863 0.921809 -0.600000
300297 -0.502184 -0.964686 -0.507142
300298 -0.535218 -1.028140 -0.310583
300299 -0.551990 -1.060360 -0.104587
300300 -0.551990 -1.060360 0.104587
300301 -0.535218 -1.028140 0.310583
300302 -0.502184 -0.964686 0.507142
300303 0.479863 0.921809 0.600000
300304 -0.453891 -0.871916 0.688292
300305 -0.317818 -0.610522 0.982982
300306 -0.234172 -0.449840 1.087569
300307 0.499437 1.071047 -0.208378
300308 0.507142 1.087569 0.000000
300309 0.499437 1.071047 0.208378
300310 0.388493 0.833127 0.771345
300311 -0.358603 -0.769028 0.848528
300312 0.253571 0.543785 1.039230
300313 0.397696 0.960124 -0.600000
300314 -0.416195 -1.004780 -0.507142
300315 0.431526 1.041795 -0.410424
300316 -0.443573 -1.070880 -0.310583
300317 -0.443573 -1.070880 0.310583
300318 0.431526 1.041795 0.410424
300319 -0.416195 -1.004780 0.507142
300320 0.397696 0.960124 0.600000
300321 -0.376171 -0.908157 0.688292
300322 0.404189 1.110500 -0.208378
300323 -0.408862 -1.123340 -0.104587
300324 0.410424 1.127631 0.000000
300325 -0.408862 -1.123340 0.104587
300326 0.404189 1.110500 0.208378
300327 -0.290214 -0.797356 0.848528
300328 0.263816 0.724827 0.919253
300329 -0.327038 -1.037230 -0.507142
300330 0.339085 1.075441 -0.410424
300331 -0.348551 -1.105460 -0.310583
300332 -0.348551 -1.105460 0.310583
300333 0.339085 1.075441 0.410424
300334 -0.327038 -1.037230 0.507142
300335 -0.295589 -0.937487 0.688292
300336 0.276425 0.876708 0.771345
300337 -0.206973 -0.656435 0.982982
300338 -0.152501 -0.483670 1.087569
300339 0.268973 1.003820 -0.600000
300340 0.305864 1.141501 -0.208378
300341 -0.309401 -1.154700 -0.104587
300342 0.310583 1.159111 0.000000
300343 -0.309401 -1.154700 0.104587
300344 0.305864 1.141501 0.208378
300345 0.268973 1.003820 0.600000
300346 0.155291 0.579555 1.039230
300347 0.106226 0.396439 1.127631
300348 0.053932 0.201277 1.181769
300349 0.244064 1.100902 -0.410424
300350 -0.250878 -1.131640 -0.310583
300351 -0.250878 -1.131640 0.310583
300352 0.244064 1.100902 0.410424
300353 0.198963 0.897463 0.771345
300354 -0.183655 -0.828415 0.848528
300355 0.166950 0.753061 0.919253
300356 0.180460 1.023442 -0.600000
300357 -0.188854 -1.071050 -0.507142
300358 0.205212 1.163816 -0.208378
300359 -0.207585 -1.177270 -0.104587
300360 0.208378 1.181769 0.000000
300361 -0.207585 -1.177270 0.104587
300362 0.205212 1.163816 0.208378
300363 -0.188854 -1.071050 0.507142
300364 0.180460 1.023442 0.600000
300365 -0.170693 -0.968049 0.688292
300366 -0.119521 -0.677835 0.982982
300367 0.147185 1.117984 -0.410424
300368 -0.151294 -1.149190 -0.310583
300369 -0.151294 -1.149190 0.310583
300370 0.147185 1.117984 0.410424
300371 0.090575 1.035276 -0.600000
300372 -0.094788 -1.083430 -0.507142
300373 0.102998 1.177272 -0.208378
300374 -0.104189 -1.190880 -0.104587
300375 0.104587 1.195434 0.000000
300376 -0.104189 -1.190880 0.104587
300377 0.102998 1.177272 0.208378
300378 -0.094788 -1.083430 0.507142
300379 0.090575 1.035276 0.600000
300380 -0.085673 -0.979242 0.688292
300381 0.080118 0.915755 0.771345
300382 -0.073954 -0.845299 0.848528
300383 0.067227 0.768410 0.919253
300384 0.052293 0.597717 1.039230
300385 -0.044200 -0.505212 1.087569
300386 0.049187 1.126558 -0.410424
300387 -0.050560 -1.158010 -0.310583
300388 -0.050560 -1.158010 0.310583
300389 0.049187 1.126558 0.410424
300390 0.000000 1.039230 -0.600000
300391 0.000000 -1.087570 -0.507142
300392 0.000000 1.127631 -0.410424
300393 0.000000 -1.159110 -0.310583
300394 0.000000 1.181769 -0.208378
300395 0.000000 -1.195430 -0.104587
300396 0.000000 1.200000 0.000000
300397 0.000000 -1.195430 0.104587
300398 0.000000 1.181769 0.208378
300399 0.000000 -1.159110 0.310583
300400 0.000000 1.127631 0.410424
300401 0.000000 -1.087570 0.507142
300402 0.000000 1.039230 0.600000
300403 0.000000 -0.982982 0.688292
300404 0.000000 0.919253 0.771345
300405 0.000000 -0.848528 0.848528
300406 0.000000 0.771345 0.919253
300407 0.000000 -0.688292 0.982982
300408 0.000000 0.600000 1.039230
300409 0.000000 -0.507142 1.087569
300410 0.000000 0.410424 1.127631
300411 0.000000 0.208378 1.181769
300412 -0.045331 1.038241 -0.600000
300413 -0.049187 1.126558 -0.410424
300414 0.050560 -1.158010 -0.310583
300415 0.050560 -1.158010 0.310583
300416 -0.049187 1.126558 0.410424
300417 -0.045331 1.038241 0.600000
300418 0.042877 -0.982047 0.688292
300419 0.037012 -0.847721 0.848528
300420 -0.033646 0.770611 0.919253
300421 0.094788 -1.083430 -0.507142
300422 -0.102998 1.177272 -0.208378
300423 0.104189 -1.190880 -0.104587
300424 -0.104587 1.195434 0.000000
300425 0.104189 -1.190880 0.104587
300426 -0.102998 1.177272 0.208378
300427 0.094788 -1.083430 0.507142
300428 -0.052293 0.597717 1.039230
300429 -0.135647 1.030340 -0.600000
300430 0.151294 -1.149190 -0.310583
300431 0.151294 -1.149190 0.310583
300432 -0.135647 1.030340 0.600000
300433 0.128305 -0.974573 0.688292
300434 -0.119987 0.911389 0.771345
300435 0.066195 -0.502803 1.087569
300436 -0.195811 1.110500 -0.410424
300437 -0.205212 1.163816 -0.208378
300438 0.207585 -1.177270 -0.104587
300439 -0.208378 1.181769 0.000000
300440 0.207585 -1.177270 0.104587
300441 -0.205212 1.163816 0.208378
300442 -0.195811 1.110500 0.410424
300443 0.147345 -0.835637 0.848528
300444 -0.133943 0.759627 0.919253
300445 0.119521 -0.677835 0.982982
300446 -0.224931 1.014597 -0.600000
300447 0.235393 -1.061790 -0.507142
300448 0.235393 -1.061790 0.507142
300449 -0.224931 1.014597 0.600000
300450 -0.291852 1.089208 -0.410424
300451 0.300000 -1.119620 -0.310583
300452 -0.305864 1.141501 -0.208378
300453 0.309401 -1.154700 -0.104587
300454 -0.310583 1.159111 0.000000
300455 0.309401 -1.154700 0.104587
300456 -0.305864 1.141501 0.208378
300457 0.300000 -1.119620 0.310583
300458 -0.291852 1.089208 0.410424
300459 0.254415 -0.949488 0.688292
300460 -0.237920 0.887930 0.771345
300461 -0.155291 0.579555 1.039230
300462 -0.106226 0.396439 1.127631
300463 -0.053932 0.201277 1.181769
300464 0.327038 -1.037230 -0.507142
300465 0.327038 -1.037230 0.507142
300466 0.255157 -0.809256 0.848528
300467 -0.231948 0.735645 0.919253
300468 0.206973 -0.656435 0.982982
300469 -0.355438 0.976557 -0.600000
300470 -0.385673 1.059627 -0.410424
300471 0.396439 -1.089210 -0.310583
300472 -0.404189 1.110500 -0.208378
300473 0.408862 -1.123340 -0.104587
300474 -0.410424 1.127631 0.000000
300475 0.408862 -1.123340 0.104587
300476 -0.404189 1.110500 0.208378
300477 0.396439 -1.089210 0.310583
300478 -0.385673 1.059627 0.410424
300479 -0.355438 0.976557 0.600000
300480 0.336200 -0.923701 0.688292
300481 -0.314403 0.863816 0.771345
300482 0.173453 -0.476558 1.087569
300483 0.416195 -1.004780 -0.507142
300484 0.416195 -1.004780 0.507142
300485 0.324718 -0.783938 0.848528
300486 -0.439198 0.941863 -0.600000
300487 -0.476558 1.021981 -0.410424
300488 0.489862 -1.050510 -0.310583
300489 0.505212 -1.083430 -0.104587
300490 -0.507142 1.087569 0.000000
300491 0.505212 -1.083430 0.104587
300492 0.489862 -1.050510 0.310583
300493 -0.476558 1.021981 0.410424
300494 -0.439198 0.941863 0.600000
300495 -0.253571 0.543785 1.039230
300496 0.502184 -0.964686 -0.507142
300497 -0.545680 1.048242 -0.208378
300498 -0.545680 1.048242 0.208378
300499 0.502184 -0.964686 0.507142
300500 0.453891 -0.871916 0.688292
300501 -0.424464 0.815388 0.771345
300502 -0.356168 0.684192 0.919253
300503 0.317818 -0.610522 0.982982
300504 -0.563816 0.976557 -0.410424
300505 0.579555 -1.003820 -0.310583
300506 0.597717 -1.035280 -0.104587
300507 -0.600000 1.039230 0.000000
300508 0.597717 -1.035280 0.104587
300509 0.579555 -1.003820 0.310583
300510 -0.563816 0.976557 0.410424
300511 0.424264 -0.734847 0.848528
300512 -0.205212 0.355438 1.127631
300513 -0.558378 0.876478 -0.600000
300514 -0.634964 0.996694 -0.208378
300515 -0.634964 0.996694 0.208378
300516 -0.558378 0.876478 0.600000
300517 0.528156 -0.829039 0.688292
300518 0.272487 -0.427719 1.087569
300519 0.623804 -0.890885 -0.507142
300520 -0.646783 0.923701 -0.410424
300521 0.664839 -0.949488 -0.310583
300522 0.685673 -0.979242 -0.104587
300523 -0.688292 0.982982 0.000000
300524 0.685673 -0.979242 0.104587
300525 0.664839 -0.949488 0.310583
300526 -0.646783 0.923701 0.410424
300527 0.623804 -0.890885 0.507142
300528 -0.527262 0.753008 0.771345
300529 -0.442425 0.631849 0.919253
300530 0.394788 -0.563816 0.982982
300531 -0.344146 0.491491 1.039230
300532 -0.632643 0.824477 -0.600000
300533 -0.719416 0.937561 -0.208378
300534 -0.719416 0.937561 0.208378
300535 -0.632643 0.824477 0.600000
300536 0.516551 -0.673183 0.848528
300537 0.699076 -0.833126 -0.507142
300538 0.745062 -0.887931 -0.310583
300539 0.768410 -0.915755 -0.104587
300540 -0.771345 0.919253 0.000000
300541 0.768410 -0.915755 0.104587
300542 0.745062 -0.887931 0.310583
300543 0.699076 -0.833126 0.507142
300544 0.631849 -0.753008 0.688292
300545 -0.590885 0.704189 0.771345
300546 -0.702094 0.766201 -0.600000
300547 -0.761817 0.831377 -0.410424
300548 -0.798392 0.871292 -0.208378
300549 -0.798392 0.871292 0.208378
300550 -0.761817 0.831377 0.410424
300551 -0.702094 0.766201 0.600000
300552 -0.521113 0.568695 0.919253
300553 0.769028 -0.769028 -0.507142
300554 0.819615 -0.819615 -0.310583
300555 0.845299 -0.845299 -0.104587
300556 -0.848528 0.848528 0.000000
300557 0.845299 -0.845299 0.104587
300558 0.819615 -0.819615 0.310583
300559 0.769028 -0.769028 0.507142
300560 0.695074 -0.695074 0.688292
300561 0.600000 -0.600000 0.848528
300562 0.486696 -0.486696 0.982982
300563 -0.424264 0.424264 1.039230
300564 0.358603 -0.358603 1.087569
300565 -0.290214 0.290214 1.127631
300566 -0.147345 0.147345 1.181769
300567 0.801840 -0.734751 -0.507142
300568 -0.831377 0.761817 -0.410424
300569 0.854586 -0.783084 -0.310583
300570 -0.871292 0.798392 -0.208378
300571 0.881366 -0.807623 -0.104587
300572 0.881366 -0.807623 0.104587
300573 -0.871292 0.798392 0.208378
300574 0.854586 -0.783084 0.310583
300575 -0.831377 0.761817 0.410424
300576 0.801840 -0.734751 0.507142
300577 0.724731 -0.664093 0.688292
300578 -0.677745 0.621039 0.771345
300579 -0.796097 0.668005 -0.600000
300580 0.833127 -0.699076 -0.507142
300581 0.887930 -0.745062 -0.310583
300582 0.915755 -0.768410 -0.104587
300583 -0.919253 0.771345 0.000000
300584 0.915755 -0.768410 0.104587
300585 0.887930 -0.745062 0.310583
300586 0.833127 -0.699076 0.507142
300587 -0.796097 0.668005 0.600000
300588 0.650010 -0.545423 0.848528
300589 -0.590885 0.495811 0.919253
300590 0.527262 -0.442425 0.982982
300591 0.862827 -0.662070 -0.507142
300592 -0.894610 0.686458 -0.410424
300593 0.919585 -0.705622 -0.310583
300594 -0.937561 0.719416 -0.208378
300595 0.948401 -0.727734 -0.104587
300596 0.948401 -0.727734 0.104587
300597 -0.937561 0.719416 0.208378
300598 0.919585 -0.705622 0.310583
300599 -0.894610 0.686458 0.410424
300600 0.862827 -0.662070 0.507142
300601 0.779852 -0.598402 0.688292
300602 0.673183 -0.516551 0.848528
300603 0.402343 -0.308728 1.087569
300604 -0.851288 0.596078 -0.600000
300605 0.949488 -0.664839 -0.310583
300606 0.979242 -0.685673 -0.104587
300607 -0.982982 0.688292 0.000000
300608 0.979242 -0.685673 0.104587
300609 0.949488 -0.664839 0.310583
300610 -0.851288 0.596078 0.600000
300611 0.805212 -0.563816 0.688292
300612 -0.753008 0.527262 0.771345
300613 0.563816 -0.394788 0.982982
300614 -0.491491 0.344146 1.039230
300615 0.917247 -0.584351 -0.507142
300616 -0.951034 0.605876 -0.410424
300617 0.977584 -0.622790 -0.310583
300618 -0.996694 0.634964 -0.208378
300619 1.008219 -0.642306 -0.104587
300620 1.008219 -0.642306 0.104587
300621 -0.996694 0.634964 0.208378
300622 0.977584 -0.622790 0.310583
300623 -0.951034 0.605876 0.410424
300624 0.917247 -0.584351 0.507142
300625 0.829039 -0.528156 0.688292
300626 0.715641 -0.455914 0.848528
300627 -0.650546 0.414443 0.919253
300628 0.580499 -0.369819 0.982982
300629 0.427719 -0.272487 1.087569
300630 -0.900000 0.519615 -0.600000
300631 0.941863 -0.543785 -0.507142
300632 1.003820 -0.579555 -0.310583
300633 1.035276 -0.597717 -0.104587
300634 -1.039230 0.600000 0.000000
300635 1.035276 -0.597717 0.104587
300636 1.003820 -0.579555 0.310583
300637 0.941863 -0.543785 0.507142
300638 -0.900000 0.519615 0.600000
300639 0.851288 -0.491491 0.688292
300640 -0.796097 0.459627 0.771345
300641 0.734847 -0.424264 0.848528
300642 -0.355438 0.205212 1.127631
300643 0.964686 -0.502184 -0.507142
300644 -1.000220 0.520682 -0.410424
300645 1.028144 -0.535218 -0.310583
300646 -1.048240 0.545680 -0.208378
300647 1.060363 -0.551990 -0.104587
300648 1.060363 -0.551990 0.104587
300649 -1.048240 0.545680 0.208378
300650 1.028144 -0.535218 0.310583
300651 -1.000220 0.520682 0.410424
300652 0.964686 -0.502184 0.507142
300653 0.610522 -0.317818 0.982982
300654 0.985673 -0.459627 -0.507142
300655 1.050511 -0.489861 -0.310583
300656 1.083431 -0.505212 -0.104587
300657 -1.087570 0.507142 0.000000
300658 1.083431 -0.505212 0.104587
300659 1.050511 -0.489861 0.310583
300660 0.985673 -0.459627 0.507142
300661 0.890885 -0.415426 0.688292
300662 0.769028 -0.358603 0.848528
300663 -0.699076 0.325984 0.919253
300664 -0.543785 0.253571 1.039230
300665 0.459627 -0.214327 1.087569
300666 -0.960124 0.397696 -0.600000
300667 1.004783 -0.416195 -0.507142
300668 -1.041800 0.431526 -0.410424
300669 -1.091810 0.452243 -0.208378
300670 -1.091810 0.452243 0.208378
300671 -1.041800 0.431526 0.410424
300672 1.004783 -0.416195 0.507142
300673 -0.960124 0.397696 0.600000
300674 0.908157 -0.376171 0.688292
300675 -0.849279 0.351783 0.771345
300676 0.783938 -0.324718 0.848528
300677 0.635899 -0.263398 0.982982
300678 1.021981 -0.371971 -0.507142
300679 1.089208 -0.396439 -0.310583
300680 1.123340 -0.408862 -0.104587
300681 -1.127630 0.410424 0.000000
300682 1.123340 -0.408862 0.104587
300683 1.089208 -0.396439 0.310583
300684 1.021981 -0.371971 0.507142
300685 0.923701 -0.336200 0.688292
300686 0.476557 -0.173453 1.087569
300687 -0.991132 0.312503 -0.600000
300688 1.037233 -0.327038 -0.507142
300689 1.105464 -0.348551 -0.310583
300690 -1.127070 0.355365 -0.208378
300691 1.140105 -0.359474 -0.104587
300692 1.140105 -0.359474 0.104587
300693 -1.127070 0.355365 0.208378
300694 1.105464 -0.348551 0.310583
300695 1.037233 -0.327038 0.507142
300696 -0.991132 0.312503 0.600000
300697 -0.876707 0.276425 0.771345
300698 0.809256 -0.255157 0.848528
300699 0.656435 -0.206973 0.982982
300700 1.050511 -0.281484 -0.507142
300701 -1.089210 0.291852 -0.410424
300702 1.119615 -0.300000 -0.310583
300703 1.154700 -0.309401 -0.104587
300704 -1.159110 0.310583 0.000000
300705 1.154700 -0.309401 0.104587
300706 1.119615 -0.300000 0.310583
300707 -1.089210 0.291852 0.410424
300708 1.050511 -0.281484 0.507142
300709 0.949488 -0.254415 0.688292
300710 0.819615 -0.219615 0.848528
300711 -0.745062 0.199639 0.919253
300712 -0.579555 0.155291 1.039230
300713 -0.396439 0.106226 1.127631
300714 -0.201278 0.053932 1.181769
300715 -1.014600 0.224931 -0.600000
300716 1.131635 -0.250878 -0.310583
300717 -1.153760 0.255782 -0.208378
300718 1.167097 -0.258739 -0.104587
300719 1.167097 -0.258739 0.104587
300720 -1.153760 0.255782 0.208378
300721 1.131635 -0.250878 0.310583
300722 -1.014600 0.224931 0.600000
300723 0.959682 -0.212756 0.688292
300724 0.671977 -0.148974 0.982982
300725 0.495121 -0.109766 1.087569
300726 1.071047 -0.188854 -0.507142
300727 -1.110500 0.195811 -0.410424
300728 1.141501 -0.201278 -0.310583
300729 1.177272 -0.207585 -0.104587
300730 -1.181770 0.208378 0.000000
300731 1.177272 -0.207585 0.104587
300732 1.141501 -0.201278 0.310583
300733 -1.110500 0.195811 0.410424
300734 1.071047 -0.188854 0.507142
300735 0.968049 -0.170693 0.688292
300736 -0.905288 0.159627 0.771345
300737 0.835637 -0.147345 0.848528
300738 0.677835 -0.119521 0.982982
300739 1.078265 -0.141956 -0.507142
300740 1.149195 -0.151294 -0.310583
300741 -1.171660 0.154252 -0.208378
300742 1.185207 -0.156035 -0.104587
300743 1.185207 -0.156035 0.104587
300744 -1.171660 0.154252 0.208378
300745 1.149195 -0.151294 0.310583
300746 1.078265 -0.141956 0.507142
300747 0.974573 -0.128305 0.688292
300748 0.841269 -0.110755 0.848528
300749 -0.764746 0.100681 0.919253
300750 0.502803 -0.066195 1.087569
300751 -1.035280 0.090575 -0.600000
300752 1.083431 -0.094788 -0.507142
300753 -1.123340 0.098280 -0.410424
300754 1.154700 -0.101023 -0.310583
300755 1.190885 -0.104189 -0.104587
300756 -1.195430 0.104587 0.000000
300757 1.190885 -0.104189 0.104587
300758 1.154700 -0.101023 0.310583
300759 -1.123340 0.098280 0.410424
300760 1.083431 -0.094788 0.507142
300761 -1.035280 0.090575 0.600000
300762 0.685673 -0.059989 0.982982
300763 -0.597717 0.052293 1.039230
300764 1.086534 -0.047439 -0.507142
300765 1.158008 -0.050560 -0.310583
300766 -1.180640 0.051548 -0.208378
300767 1.194296 -0.052144 -0.104587
300768 1.194296 -0.052144 0.104587
300769 -1.180640 0.051548 0.208378
300770 1.158008 -0.050560 0.310583
300771 1.086534 -0.047439 0.507142
300772 0.982047 -0.042877 0.688292
300773 -0.918378 0.040097 0.771345
300774 0.847721 -0.037012 0.848528
300775 -1.039230 0.000000 -0.600000
300776 1.087569 0.000000 -0.507142
300777 -1.127630 0.000000 -0.410424
300778 1.159111 0.000000 -0.310583
300779 -1.181770 0.000000 -0.208378
300780 1.195434 0.000000 -0.104587
300781 -1.200000 0.000000 0.000000
300782 1.195434 0.000000 0.104587
300783 -1.181770 0.000000 0.208378
300784 1.159111 0.000000 0.310583
300785 -1.127630 0.000000 0.410424
300786 1.087569 0.000000 0.507142
300787 -1.039230 0.000000 0.600000
300788 0.982982 0.000000 0.688292
300789 -0.919253 0.000000 0.771345
300790 0.848528 0.000000 0.848528
300791 -0.771345 0.000000 0.919253
300792 0.688292 0.000000 0.982982
300793 -0.600000 0.000000 1.039230
300794 0.507142 0.000000 1.087569
300795 -0.410424 0.000000 1.127631
300796 -0.208378 0.000000 1.181769
300797 1.086534 0.047439 -0.507142
300798 1.158008 0.050560 -0.310583
300799 -1.180640 -0.051548 -0.208378
300800 1.194296 0.052144 -0.104587
300801 1.194296 0.052144 0.104587
300802 -1.180640 -0.051548 0.208378
300803 1.158008 0.050560 0.310583
300804 1.086534 0.047439 0.507142
300805 0.982047 0.042877 0.688292
300806 -0.918378 -0.040097 0.771345
300807 -1.035280 -0.090575 -0.600000
300808 1.083431 0.094788 -0.507142
300809 -1.123340 -0.098280 -0.410424
300810 1.154700 0.101023 -0.310583
300811 1.190885 0.104189 -0.104587
300812 -1.195430 -0.104587 0.000000
300813 1.190885 0.104189 0.104587
300814 1.154700 0.101023 0.310583
300815 -1.123340 -0.098280 0.410424
300816 1.083431 0.094788 0.507142
300817 -1.035280 -0.090575 0.600000
300818 0.845299 0.073954 0.848528
300819 0.685673 0.059989 0.982982
300820 -0.597717 -0.052293 1.039230
300821 1.078265 0.141956 -0.507142
300822 1.149195 0.151294 -0.310583
300823 -1.171660 -0.154252 -0.208378
300824 1.185207 0.156035 -0.104587
300825 1.185207 0.156035 0.104587
300826 -1.171660 -0.154252 0.208378
300827 1.149195 0.151294 0.310583
300828 1.078265 0.141956 0.507142
300829 0.974573 0.128305 0.688292
300830 0.841269 0.110755 0.848528
300831 -0.764746 -0.100681 0.919253
300832 0.502803 0.066195 1.087569
300833 -1.110500 -0.195811 -0.410424
300834 1.141501 0.201277 -0.310583
300835 1.177272 0.207585 -0.104587
300836 -1.181770 -0.208378 0.000000
300837 1.177272 0.207585 0.104587
300838 1.141501 0.201277 0.310583
300839 -1.110500 -0.195811 0.410424
300840 0.968049 0.170693 0.688292
300841 -0.905288 -0.159627 0.771345
300842 0.677835 0.119521 0.982982
300843 -1.014600 -0.224931 -0.600000
300844 1.061790 0.235393 -0.507142
300845 1.131635 0.250878 -0.310583
300846 -1.153760 -0.255782 -0.208378
300847 1.167097 0.258739 -0.104587
300848 1.167097 0.258739 0.104587
300849 -1.153760 -0.255782 0.208378
300850 1.131635 0.250878 0.310583
300851 1.061790 0.235393 0.507142
300852 -1.014600 -0.224931 0.600000
300853 0.959682 0.212756 0.688292
300854 0.828415 0.183655 0.848528
300855 0.671977 0.148974 0.982982
300856 0.495121 0.109766 1.087569
300857 1.050511 0.281484 -0.507142
300858 -1.089210 -0.291852 -0.410424
300859 1.119615 0.300000 -0.310583
300860 1.154700 0.309401 -0.104587
300861 -1.159110 -0.310583 0.000000
300862 1.154700 0.309401 0.104587
300863 1.119615 0.300000 0.310583
300864 -1.089210 -0.291852 0.410424
300865 1.050511 0.281484 0.507142
300866 0.949488 0.254415 0.688292
300867 0.819615 0.219615 0.848528
300868 -0.745062 -0.199639 0.919253
300869 -0.579555 -0.155291 1.039230
300870 -0.396439 -0.106226 1.127631
300871 -0.201278 -0.053932 1.181769
300872 -0.991132 -0.312503 -0.600000
300873 1.037233 0.327038 -0.507142
300874 1.105464 0.348551 -0.310583
300875 -1.127070 -0.355365 -0.208378
300876 1.140105 0.359474 -0.104587
300877 1.140105 0.359474 0.104587
300878 -1.127070 -0.355365 0.208378
300879 1.105464 0.348551 0.310583
300880 1.037233 0.327038 0.507142
300881 -0.991132 -0.312503 0.600000
300882 -0.876707 -0.276425 0.771345
300883 0.656435 0.206973 0.982982
300884 1.021981 0.371971 -0.507142
300885 1.089208 0.396439 -0.310583
300886 1.123340 0.408862 -0.104587
300887 -1.127630 -0.410424 0.000000
300888 1.123340 0.408862 0.104587
300889 1.089208 0.396439 0.310583
300890 1.021981 0.371971 0.507142
300891 0.923701 0.336200 0.688292
300892 0.797356 0.290214 0.848528
300893 0.476557 0.173453 1.087569
300894 -0.960124 -0.397696 -0.600000
300895 1.004783 0.416195 -0.507142
300896 -1.041800 -0.431526 -0.410424
300897 -1.091810 -0.452244 -0.208378
300898 -1.091810 -0.452244 0.208378
300899 -1.041800 -0.431526 0.410424
300900 1.004783 0.416195 0.507142
300901 -0.960124 -0.397696 0.600000
300902 0.908157 0.376171 0.688292
300903 -0.849279 -0.351783 0.771345
300904 0.783938 0.324718 0.848528
300905 0.635899 0.263398 0.982982
300906 0.985673 0.459627 -0.507142
300907 1.050511 0.489862 -0.310583
300908 1.083431 0.505212 -0.104587
300909 -1.087570 -0.507142 0.000000
300910 1.083431 0.505212 0.104587
300911 1.050511 0.489862 0.310583
300912 0.985673 0.459627 0.507142
300913 0.890885 0.415426 0.688292
300914 -0.699076 -0.325985 0.919253
300915 -0.543785 -0.253571 1.039230
300916 0.459627 0.214327 1.087569
300917 0.964686 0.502184 -0.507142
300918 -1.000220 -0.520682 -0.410424
300919 1.028144 0.535218 -0.310583
300920 -1.048240 -0.545680 -0.208378
300921 1.060363 0.551990 -0.104587
300922 1.060363 0.551990 0.104587
300923 -1.048240 -0.545680 0.208378
300924 1.028144 0.535218 0.310583
300925 -1.000220 -0.520682 0.410424
300926 0.964686 0.502184 0.507142
300927 0.752654 0.391807 0.848528
300928 0.610522 0.317818 0.982982
300929 -0.900000 -0.519615 -0.600000
300930 0.941863 0.543785 -0.507142
300931 1.003820 0.579555 -0.310583
300932 1.035276 0.597717 -0.104587
300933 -1.039230 -0.600000 0.000000
300934 1.035276 0.597717 0.104587
300935 1.003820 0.579555 0.310583
300936 0.941863 0.543785 0.507142
300937 -0.900000 -0.519615 0.600000
300938 0.851288 0.491491 0.688292
300939 -0.796097 -0.459627 0.771345
300940 0.734847 0.424264 0.848528
300941 -0.355438 -0.205212 1.127631
300942 -0.951034 -0.605876 -0.410424
300943 0.977584 0.622790 -0.310583
300944 -0.996694 -0.634964 -0.208378
300945 1.008219 0.642306 -0.104587
300946 1.008219 0.642306 0.104587
300947 -0.996694 -0.634964 0.208378
300948 0.977584 0.622790 0.310583
300949 -0.951034 -0.605876 0.410424
300950 0.829039 0.528156 0.688292
300951 -0.650546 -0.414443 0.919253
300952 0.580499 0.369819 0.982982
300953 0.427719 0.272487 1.087569
300954 -0.851288 -0.596078 -0.600000
300955 0.890885 0.623804 -0.507142
300956 0.949488 0.664839 -0.310583
300957 0.979242 0.685673 -0.104587
300958 -0.982982 -0.688292 0.000000
300959 0.979242 0.685673 0.104587
300960 0.949488 0.664839 0.310583
300961 0.890885 0.623804 0.507142
300962 -0.851288 -0.596078 0.600000
300963 0.805212 0.563816 0.688292
300964 -0.753008 -0.527262 0.771345
300965 0.695074 0.486696 0.848528
300966 0.563816 0.394788 0.982982
300967 -0.491491 -0.344146 1.039230
300968 0.862827 0.662070 -0.507142
300969 -0.894610 -0.686458 -0.410424
300970 0.919585 0.705622 -0.310583
300971 -0.937561 -0.719416 -0.208378
300972 0.948401 0.727734 -0.104587
300973 0.948401 0.727734 0.104587
300974 -0.937561 -0.719416 0.208378
300975 0.919585 0.705622 0.310583
300976 -0.894610 -0.686458 0.410424
300977 0.862827 0.662070 0.507142
300978 0.779852 0.598402 0.688292
300979 0.673183 0.516551 0.848528
300980 0.402343 0.308728 1.087569
300981 -0.796097 -0.668004 -0.600000
300982 0.833127 0.699076 -0.507142
300983 0.887930 0.745062 -0.310583
300984 0.915755 0.768410 -0.104587
300985 -0.919253 -0.771345 0.000000
300986 0.915755 0.768410 0.104587
300987 0.887930 0.745062 0.310583
300988 0.833127 0.699076 0.507142
300989 -0.796097 -0.668004 0.600000
300990 -0.590885 -0.495811 0.919253
300991 0.527262 0.442425 0.982982
300992 0.801840 0.734751 -0.507142
300993 -0.831377 -0.761817 -0.410424
300994 0.854586 0.783084 -0.310583
300995 -0.871292 -0.798392 -0.208378
300996 0.881366 0.807623 -0.104587
300997 0.881366 0.807623 0.104587
300998 -0.871292 -0.798392 0.208378
300999 0.854586 0.783084 0.310583
301000 -0.831377 -0.761817 0.410424
301001 0.801840 0.734751 0.507142
301002 0.724731 0.664093 0.688292
301003 -0.677745 -0.621039 0.771345
301004 0.625601 0.573257 0.848528
301005 0.769028 0.769028 -0.507142
301006 0.819615 0.819615 -0.310583
301007 0.845299 0.845299 -0.104587
301008 -0.848528 -0.848528 0.000000
301009 0.845299 0.845299 0.104587
301010 0.819615 0.819615 0.310583
301011 0.769028 0.769028 0.507142
301012 0.695074 0.695074 0.688292
301013 0.600000 0.600000 0.848528
301014 0.486696 0.486696 0.982982
301015 -0.424264 -0.424264 1.039230
301016 0.358603 0.358603 1.087569
301017 -0.290214 -0.290214 1.127631
301018 -0.147345 -0.147345 1.181769
301019 -0.702094 -0.766201 -0.600000
301020 -0.761817 -0.831377 -0.410424
301021 -0.798392 -0.871292 -0.208378
301022 -0.798392 -0.871292 0.208378
301023 -0.761817 -0.831377 0.410424
301024 -0.702094 -0.766201 0.600000
301025 -0.521113 -0.568695 0.919253
301026 0.699076 0.833127 -0.507142
301027 0.745062 0.887930 -0.310583
301028 0.768410 0.915755 -0.104587
301029 -0.771345 -0.919253 0.000000
301030 0.768410 0.915755 0.104587
301031 0.745062 0.887930 0.310583
301032 0.699076 0.833127 0.507142
301033 0.631849 0.753008 0.688292
301034 -0.590885 -0.704189 0.771345
301035 -0.632643 -0.824477 -0.600000
301036 -0.719416 -0.937561 -0.208378
301037 -0.719416 -0.937561 0.208378
301038 -0.632643 -0.824477 0.600000
301039 0.516551 0.673183 0.848528
301040 -0.646783 -0.923701 -0.410424
301041 0.664839 0.949488 -0.310583
301042 0.685673 0.979242 -0.104587
301043 -0.688292 -0.982982 0.000000
301044 0.685673 0.979242 0.104587
301045 0.664839 0.949488 0.310583
301046 -0.646783 -0.923701 0.410424
301047 -0.527262 -0.753008 0.771345
301048 -0.442425 -0.631849 0.919253
301049 0.394788 0.563816 0.982982
301050 -0.344146 -0.491491 1.039230
301051 -0.558378 -0.876478 -0.600000
301052 0.584351 0.917247 -0.507142
301053 -0.634964 -0.996694 -0.208378
301054 -0.634964 -0.996694 0.208378
301055 0.584351 0.917247 0.507142
301056 -0.558378 -0.876478 0.600000
301057 0.528156 0.829039 0.688292
301058 0.272487 0.427719 1.087569
301059 -0.563816 -0.976557 -0.410424
301060 0.579555 1.003820 -0.310583
301061 0.597717 1.035276 -0.104587
301062 -0.600000 -1.039230 0.000000
301063 0.597717 1.035276 0.104587
301064 0.579555 1.003820 0.310583
301065 -0.563816 -0.976557 0.410424
301066 0.424264 0.734847 0.848528
301067 -0.205212 -0.355438 1.127631
301068 0.502184 0.964686 -0.507142
301069 -0.545680 -1.048240 -0.208378
301070 -0.545680 -1.048240 0.208378
301071 0.502184 0.964686 0.507142
301072 0.453891 0.871916 0.688292
301073 -0.424464 -0.815388 0.771345
301074 -0.356168 -0.684191 0.919253
301075 0.317818 0.610522 0.982982
301076 -0.439198 -0.941863 -0.600000
301077 -0.476558 -1.021980 -0.410424
301078 0.489862 1.050511 -0.310583
301079 0.505212 1.083431 -0.104587
301080 -0.507142 -1.087570 0.000000
301081 0.505212 1.083431 0.104587
301082 0.489862 1.050511 0.310583
301083 -0.476558 -1.021980 0.410424
301084 -0.439198 -0.941863 0.600000
301085 -0.253571 -0.543785 1.039230
301086 0.416195 1.004783 -0.507142
301087 0.416195 1.004783 0.507142
301088 0.324718 0.783938 0.848528
301089 -0.355438 -0.976557 -0.600000
301090 -0.385673 -1.059630 -0.410424
301091 0.396439 1.089208 -0.310583
301092 -0.404189 -1.110500 -0.208378
301093 0.408862 1.123340 -0.104587
301094 -0.410424 -1.127630 0.000000
301095 0.408862 1.123340 0.104587
301096 -0.404189 -1.110500 0.208378
301097 0.396439 1.089208 0.310583
301098 -0.385673 -1.059630 0.410424
301099 -0.355438 -0.976557 0.600000
301100 0.336200 0.923701 0.688292
301101 -0.314403 -0.863816 0.771345
301102 0.173453 0.476557 1.087569
301103 0.327038 1.037233 -0.507142
301104 0.327038 1.037233 0.507142
301105 0.255157 0.809256 0.848528
301106 -0.231948 -0.735645 0.919253
301107 0.206973 0.656435 0.982982
301108 -0.291852 -1.089210 -0.410424
301109 0.300000 1.119615 -0.310583
301110 -0.305864 -1.141500 -0.208378
301111 0.309401 1.154700 -0.104587
301112 -0.310583 -1.159110 0.000000
301113 0.309401 1.154700 0.104587
301114 -0.305864 -1.141500 0.208378
301115 0.300000 1.119615 0.310583
301116 -0.291852 -1.089210 0.410424
301117 0.254415 0.949488 0.688292
301118 -0.237920 -0.887931 0.771345
301119 -0.155291 -0.579555 1.039230
301120 -0.106226 -0.396439 1.127631
301121 -0.053932 -0.201278 1.181769
301122 -0.224931 -1.014600 -0.600000
301123 -0.224931 -1.014600 0.600000
301124 0.188854 1.071047 -0.507142
301125 -0.195811 -1.110500 -0.410424
301126 -0.205212 -1.163820 -0.208378
301127 0.207585 1.177272 -0.104587
301128 -0.208378 -1.181770 0.000000
301129 0.207585 1.177272 0.104587
301130 -0.205212 -1.163820 0.208378
301131 -0.195811 -1.110500 0.410424
301132 0.188854 1.071047 0.507142
301133 0.147345 0.835637 0.848528
301134 -0.133943 -0.759627 0.919253
301135 0.119521 0.677835 0.982982
301136 -0.135647 -1.030340 -0.600000
301137 0.151294 1.149195 -0.310583
301138 0.151294 1.149195 0.310583
301139 -0.135647 -1.030340 0.600000
301140 0.128305 0.974573 0.688292
301141 -0.119987 -0.911389 0.771345
301142 0.066195 0.502803 1.087569
301143 0.094788 1.083431 -0.507142
301144 -0.102998 -1.177270 -0.208378
301145 0.104189 1.190885 -0.104587
301146 -0.104587 -1.195430 0.000000
301147 0.104189 1.190885 0.104587
301148 -0.102998 -1.177270 0.208378
301149 0.094788 1.083431 0.507142
301150 -0.052293 -0.597717 1.039230
301151 -0.045331 -1.038240 -0.600000
301152 -0.049187 -1.126560 -0.410424
301153 0.050560 1.158008 -0.310583
301154 0.050560 1.158008 0.310583
301155 -0.049187 -1.126560 0.410424
301156 -0.045331 -1.038240 0.600000
301157 0.042877 0.982047 0.688292
301158 0.037012 0.847721 0.848528
301159 -0.033646 -0.770611 0.919253
301160 0.000000 -1.039230 -0.600000
301161 0.000000 1.087569 -0.507142
301162 0.000000 -1.127630 -0.410424
301163 0.000000 1.159111 -0.310583
301164 0.000000 -1.181770 -0.208378
301165 0.000000 1.195434 -0.104587
301166 0.000000 -1.200000 0.000000
301167 0.000000 1.195434 0.104587
301168 0.000000 -1.181770 0.208378
301169 0.000000 1.159111 0.310583
301170 0.000000 -1.127630 0.410424
301171 0.000000 1.087569 0.507142
301172 0.000000 -1.039230 0.600000
301173 0.000000 0.982982 0.688292
301174 0.000000 -0.919253 0.771345
301175 0.000000 0.848528 0.848528
301176 0.000000 -0.771345 0.919253
301177 0.000000 0.688292 0.982982
301178 0.000000 -0.600000 1.039230
301179 0.000000 0.507142 1.087569
301180 0.000000 -0.410424 1.127631
301181 0.000000 -0.208378 1.181769
301182 0.049187 -1.126560 -0.410424
301183 -0.050560 1.158008 -0.310583
301184 -0.050560 1.158008 0.310583
301185 0.049187 -1.126560 0.410424
301186 0.090575 -1.035280 -0.600000
301187 -0.094788 1.083431 -0.507142
301188 0.102998 -1.177270 -0.208378
301189 -0.104189 1.190885 -0.104587
301190 0.104587 -1.195430 0.000000
301191 -0.104189 1.190885 0.104587
301192 0.102998 -1.177270 0.208378
301193 -0.094788 1.083431 0.507142
301194 0.090575 -1.035280 0.600000
301195 -0.085673 0.979242 0.688292
301196 0.080118 -0.915755 0.771345
301197 -0.073954 0.845299 0.848528
301198 0.067227 -0.768410 0.919253
301199 0.052293 -0.597717 1.039230
301200 -0.044200 0.505212 1.087569
301201 0.147185 -1.117980 -0.410424
301202 -0.151294 1.149195 -0.310583
301203 -0.151294 1.149195 0.310583
301204 0.147185 -1.117980 0.410424
301205 0.180460 -1.023440 -0.600000
301206 0.205212 -1.163820 -0.208378
301207 -0.207585 1.177272 -0.104587
301208 0.208378 -1.181770 0.000000
301209 -0.207585 1.177272 0.104587
301210 0.205212 -1.163820 0.208378
301211 0.180460 -1.023440 0.600000
301212 -0.170693 0.968049 0.688292
301213 -0.119521 0.677835 0.982982
301214 -0.235393 1.061790 -0.507142
301215 0.244064 -1.100900 -0.410424
301216 -0.250878 1.131635 -0.310583
301217 -0.250878 1.131635 0.310583
301218 0.244064 -1.100900 0.410424
301219 -0.235393 1.061790 0.507142
301220 0.198963 -0.897463 0.771345
301221 -0.183655 0.828415 0.848528
301222 0.166950 -0.753061 0.919253
301223 0.268973 -1.003820 -0.600000
301224 0.305864 -1.141500 -0.208378
301225 -0.309401 1.154700 -0.104587
301226 0.310583 -1.159110 0.000000
301227 -0.309401 1.154700 0.104587
301228 0.305864 -1.141500 0.208378
301229 0.268973 -1.003820 0.600000
301230 0.155291 -0.579555 1.039230
301231 0.106226 -0.396439 1.127631
301232 0.053932 -0.201278 1.181769
301233 -0.327038 1.037233 -0.507142
301234 0.339085 -1.075440 -0.410424
301235 -0.348551 1.105464 -0.310583
301236 -0.348551 1.105464 0.310583
301237 0.339085 -1.075440 0.410424
301238 -0.327038 1.037233 0.507142
301239 -0.295589 0.937487 0.688292
301240 0.276425 -0.876707 0.771345
301241 -0.206973 0.656435 0.982982
301242 -0.152501 0.483670 1.087569
301243 0.404189 -1.110500 -0.208378
301244 -0.408862 1.123340 -0.104587
301245 0.410424 -1.127630 0.000000
301246 -0.408862 1.123340 0.104587
301247 0.404189 -1.110500 0.208378
301248 -0.290214 0.797356 0.848528
301249 0.263816 -0.724827 0.919253
301250 0.397696 -0.960124 -0.600000
301251 -0.416195 1.004783 -0.507142
301252 0.431526 -1.041800 -0.410424
301253 -0.443573 1.070879 -0.310583
301254 -0.443573 1.070879 0.310583
301255 0.431526 -1.041800 0.410424
301256 -0.416195 1.004783 0.507142
301257 0.397696 -0.960124 0.600000
301258 -0.376171 0.908157 0.688292
301259 0.499437 -1.071050 -0.208378
301260 0.507142 -1.087570 0.000000
301261 0.499437 -1.071050 0.208378
301262 0.388493 -0.833126 0.771345
301263 -0.358603 0.769028 0.848528
301264 0.253571 -0.543785 1.039230
301265 0.479863 -0.921809 -0.600000
301266 -0.502184 0.964686 -0.507142
301267 -0.535218 1.028144 -0.310583
301268 -0.551990 1.060363 -0.104587
301269 -0.551990 1.060363 0.104587
301270 -0.535218 1.028144 0.310583
301271 -0.502184 0.964686 0.507142
301272 0.479863 -0.921809 0.600000
301273 -0.453891 0.871916 0.688292
301274 -0.317818 0.610522 0.982982
301275 -0.234172 0.449840 1.087569
301276 0.563816 -0.976557 -0.410424
301277 0.590885 -1.023440 -0.208378
301278 0.600000 -1.039230 0.000000
301279 0.590885 -1.023440 0.208378
301280 0.563816 -0.976557 0.410424
301281 0.385673 -0.668004 0.919253
301282 0.205212 -0.355438 1.127631
301283 0.558378 -0.876478 -0.600000
301284 -0.622790 0.977584 -0.310583
301285 -0.642306 1.008219 -0.104587
301286 -0.642306 1.008219 0.104587
301287 -0.622790 0.977584 0.310583
301288 0.558378 -0.876478 0.600000
301289 0.493914 -0.775290 0.771345
301290 -0.455914 0.715641 0.848528
301291 -0.623804 0.890885 -0.507142
301292 0.646783 -0.923701 -0.410424
301293 0.677835 -0.968049 -0.208378
301294 0.688292 -0.982982 0.000000
301295 0.677835 -0.968049 0.208378
301296 0.646783 -0.923701 0.410424
301297 -0.623804 0.890885 0.507142
301298 -0.563816 0.805212 0.688292
301299 -0.394788 0.563816 0.982982
301300 0.344146 -0.491491 1.039230
301301 -0.705622 0.919585 -0.310583
301302 -0.727734 0.948401 -0.104587
301303 -0.727734 0.948401 0.104587
301304 -0.705622 0.919585 0.310583
301305 0.559606 -0.729293 0.771345
301306 0.469565 -0.611949 0.919253
301307 0.668005 -0.796097 -0.600000
301308 -0.699076 0.833127 -0.507142
301309 0.724827 -0.863816 -0.410424
301310 0.759627 -0.905288 -0.208378
301311 0.771345 -0.919253 0.000000
301312 0.759627 -0.905288 0.208378
301313 0.724827 -0.863816 0.410424
301314 -0.699076 0.833127 0.507142
301315 0.668005 -0.796097 0.600000
301316 -0.631849 0.753008 0.688292
301317 -0.545423 0.650010 0.848528
301318 -0.325985 0.388493 1.087569
301319 -0.783084 0.854586 -0.310583
301320 -0.807623 0.881366 -0.104587
301321 -0.807623 0.881366 0.104587
301322 -0.783084 0.854586 0.310583
301323 0.734847 -0.734847 -0.600000
301324 -0.769028 0.769028 -0.507142
301325 0.797356 -0.797356 -0.410424
301326 0.835637 -0.835637 -0.208378
301327 0.848528 -0.848528 0.000000
301328 0.835637 -0.835637 0.208378
301329 0.797356 -0.797356 0.410424
301330 -0.769028 0.769028 0.507142
301331 0.734847 -0.734847 0.600000
301332 0.650010 -0.650010 0.771345
301333 0.545423 -0.545423 0.919253
301334 -0.486696 0.486696 0.982982
301335 0.424264 -0.424264 1.039230
301336 0.290214 -0.290214 1.127631
301337 0.147345 -0.147345 1.181769
301338 0.766201 -0.702094 -0.600000
301339 0.831377 -0.761817 -0.410424
301340 -0.854586 0.783084 -0.310583
301341 0.871292 -0.798392 -0.208378
301342 -0.881366 0.807623 -0.104587
301343 0.884733 -0.810708 0.000000
301344 -0.881366 0.807623 0.104587
301345 0.871292 -0.798392 0.208378
301346 -0.854586 0.783084 0.310583
301347 0.831377 -0.761817 0.410424
301348 0.766201 -0.702094 0.600000
301349 -0.724731 0.664093 0.688292
301350 0.677745 -0.621039 0.771345
301351 -0.625601 0.573257 0.848528
301352 0.796097 -0.668004 -0.600000
301353 -0.833126 0.699076 -0.507142
301354 0.863816 -0.724827 -0.410424
301355 0.905288 -0.759627 -0.208378
301356 0.919253 -0.771345 0.000000
301357 0.905288 -0.759627 0.208378
301358 0.863816 -0.724827 0.410424
301359 -0.833126 0.699076 0.507142
301360 0.796097 -0.668004 0.600000
301361 0.590885 -0.495811 0.919253
301362 0.459627 -0.385673 1.039230
301363 0.894610 -0.686458 -0.410424
301364 -0.919585 0.705622 -0.310583
301365 0.937561 -0.719416 -0.208378
301366 -0.948401 0.727734 -0.104587
301367 0.952024 -0.730514 0.000000
301368 -0.948401 0.727734 0.104587
301369 0.937561 -0.719416 0.208378
301370 -0.919585 0.705622 0.310583
301371 0.894610 -0.686458 0.410424
301372 -0.779852 0.598402 0.688292
301373 0.729293 -0.559606 0.771345
301374 0.611949 -0.469565 0.919253
301375 -0.402343 0.308728 1.087569
301376 0.325611 -0.249850 1.127631
301377 0.851288 -0.596078 -0.600000
301378 0.968049 -0.677835 -0.208378
301379 0.982982 -0.688292 0.000000
301380 0.968049 -0.677835 0.208378
301381 0.851288 -0.596078 0.600000
301382 0.753008 -0.527262 0.771345
301383 -0.695074 0.486696 0.848528
301384 -0.563816 0.394788 0.982982
301385 0.491491 -0.344146 1.039230
301386 0.876478 -0.558378 -0.600000
301387 -0.917247 0.584351 -0.507142
301388 0.951034 -0.605876 -0.410424
301389 0.996694 -0.634964 -0.208378
301390 -1.008220 0.642306 -0.104587
301391 1.012070 -0.644760 0.000000
301392 -1.008220 0.642306 0.104587
301393 0.996694 -0.634964 0.208378
301394 0.951034 -0.605876 0.410424
301395 -0.917247 0.584351 0.507142
301396 0.876478 -0.558378 0.600000
301397 0.650546 -0.414443 0.919253
301398 0.900000 -0.519615 -0.600000
301399 0.976557 -0.563816 -0.410424
301400 -1.003820 0.579555 -0.310583
301401 1.023442 -0.590885 -0.208378
301402 1.039230 -0.600000 0.000000
301403 1.023442 -0.590885 0.208378
301404 -1.003820 0.579555 0.310583
301405 0.976557 -0.563816 0.410424
301406 0.900000 -0.519615 0.600000
301407 -0.851288 0.491491 0.688292
301408 0.796097 -0.459627 0.771345
301409 0.519615 -0.300000 1.039230
301410 0.355438 -0.205212 1.127631
301411 0.180460 -0.104189 1.181769
301412 0.921809 -0.479863 -0.600000
301413 -0.964686 0.502184 -0.507142
301414 1.000221 -0.520682 -0.410424
301415 1.048242 -0.545680 -0.208378
301416 -1.060360 0.551990 -0.104587
301417 1.064413 -0.554098 0.000000
301418 -1.060360 0.551990 0.104587
301419 1.048242 -0.545680 0.208378
301420 1.000221 -0.520682 0.410424
301421 -0.964686 0.502184 0.507142
301422 0.921809 -0.479863 0.600000
301423 0.815388 -0.424464 0.771345
301424 -0.752654 0.391807 0.848528
301425 0.684192 -0.356168 0.919253
301426 -0.610522 0.317818 0.982982
301427 0.941863 -0.439198 -0.600000
301428 1.021981 -0.476558 -0.410424
301429 -1.050510 0.489862 -0.310583
301430 1.071047 -0.499437 -0.208378
301431 1.087569 -0.507142 0.000000
301432 1.071047 -0.499437 0.208378
301433 -1.050510 0.489862 0.310583
301434 1.021981 -0.476558 0.410424
301435 0.941863 -0.439198 0.600000
301436 -0.890885 0.415426 0.688292
301437 0.833127 -0.388493 0.771345
301438 0.699076 -0.325985 0.919253
301439 0.543785 -0.253571 1.039230
301440 -0.459627 0.214327 1.087569
301441 -1.004780 0.416195 -0.507142
301442 1.041795 -0.431526 -0.410424
301443 -1.104440 0.457473 -0.104587
301444 1.108655 -0.459220 0.000000
301445 -1.104440 0.457473 0.104587
301446 1.041795 -0.431526 0.410424
301447 -1.004780 0.416195 0.507142
301448 -0.783938 0.324718 0.848528
301449 0.379182 -0.157063 1.127631
301450 0.976557 -0.355438 -0.600000
301451 1.059627 -0.385673 -0.410424
301452 -1.089210 0.396439 -0.310583
301453 1.110500 -0.404189 -0.208378
301454 1.127631 -0.410424 0.000000
301455 1.110500 -0.404189 0.208378
301456 -1.089210 0.396439 0.310583
301457 1.059627 -0.385673 0.410424
301458 0.976557 -0.355438 0.600000
301459 0.863816 -0.314403 0.771345
301460 0.724827 -0.263816 0.919253
301461 0.563816 -0.205212 1.039230
301462 0.991132 -0.312503 -0.600000
301463 -1.037230 0.327038 -0.507142
301464 1.075441 -0.339085 -0.410424
301465 1.127073 -0.355365 -0.208378
301466 -1.140110 0.359474 -0.104587
301467 1.144460 -0.360847 0.000000
301468 -1.140110 0.359474 0.104587
301469 1.127073 -0.355365 0.208378
301470 1.075441 -0.339085 0.410424
301471 -1.037230 0.327038 0.507142
301472 0.991132 -0.312503 0.600000
301473 -0.937487 0.295589 0.688292
301474 0.876708 -0.276425 0.771345
301475 0.735645 -0.231948 0.919253
301476 -0.656435 0.206973 0.982982
301477 1.003820 -0.268973 -0.600000
301478 1.089208 -0.291852 -0.410424
301479 -1.119620 0.300000 -0.310583
301480 1.141501 -0.305864 -0.208378
301481 1.159111 -0.310583 0.000000
301482 1.141501 -0.305864 0.208378
301483 -1.119620 0.300000 0.310583
301484 1.089208 -0.291852 0.410424
301485 1.003820 -0.268973 0.600000
301486 0.887930 -0.237920 0.771345
301487 -0.819615 0.219615 0.848528
301488 0.579555 -0.155291 1.039230
301489 0.396439 -0.106226 1.127631
301490 0.201277 -0.053932 1.181769
301491 1.014597 -0.224931 -0.600000
301492 1.153757 -0.255782 -0.208378
301493 -1.167100 0.258739 -0.104587
301494 1.171555 -0.259728 0.000000
301495 -1.167100 0.258739 0.104587
301496 1.153757 -0.255782 0.208378
301497 1.014597 -0.224931 0.600000
301498 -0.959682 0.212756 0.688292
301499 0.753061 -0.166950 0.919253
301500 -0.495121 0.109766 1.087569
301501 1.023442 -0.180460 -0.600000
301502 -1.071050 0.188854 -0.507142
301503 1.110500 -0.195811 -0.410424
301504 -1.141500 0.201277 -0.310583
301505 1.163816 -0.205212 -0.208378
301506 1.181769 -0.208378 0.000000
301507 1.163816 -0.205212 0.208378
301508 -1.141500 0.201277 0.310583
301509 1.110500 -0.195811 0.410424
301510 -1.071050 0.188854 0.507142
301511 1.023442 -0.180460 0.600000
301512 0.905288 -0.159627 0.771345
301513 -0.677835 0.119521 0.982982
301514 0.590885 -0.104189 1.039230
301515 1.117984 -0.147185 -0.410424
301516 1.171659 -0.154252 -0.208378
301517 -1.185210 0.156035 -0.104587
301518 1.189734 -0.156631 0.000000
301519 -1.185210 0.156035 0.104587
301520 1.171659 -0.154252 0.208378
301521 1.117984 -0.147185 0.410424
301522 0.911389 -0.119987 0.771345
301523 -0.841269 0.110755 0.848528
301524 0.764746 -0.100681 0.919253
301525 0.406913 -0.053571 1.127631
301526 1.035276 -0.090575 -0.600000
301527 -1.083430 0.094788 -0.507142
301528 1.123340 -0.098280 -0.410424
301529 -1.154700 0.101023 -0.310583
301530 1.177272 -0.102998 -0.208378
301531 1.195434 -0.104587 0.000000
301532 1.177272 -0.102998 0.208378
301533 -1.154700 0.101023 0.310583
301534 1.123340 -0.098280 0.410424
301535 -1.083430 0.094788 0.507142
301536 1.035276 -0.090575 0.600000
301537 -0.979242 0.085673 0.688292
301538 0.768410 -0.067227 0.919253
301539 0.597717 -0.052293 1.039230
301540 1.038241 -0.045331 -0.600000
301541 1.126558 -0.049187 -0.410424
301542 1.180645 -0.051548 -0.208378
301543 -1.194300 0.052144 -0.104587
301544 1.198858 -0.052343 0.000000
301545 -1.194300 0.052144 0.104587
301546 1.180645 -0.051548 0.208378
301547 1.126558 -0.049187 0.410424
301548 1.038241 -0.045331 0.600000
301549 0.918378 -0.040097 0.771345
