Mesh2HRTF 1.0.0-dev
    1
    1  1225
200000 -1.133995E-03  1.569931E-04
200001  6.046229E-04 -9.931472E-04
200002 -9.553782E-04  7.125135E-04
200003  1.167794E-03 -1.346631E-04
200004 -9.991007E-04 -6.563797E-04
200005  9.993716E-05  1.189110E-03
200006  1.020198E-03 -6.252019E-04
200007 -8.409961E-04 -8.632554E-04
200008 -8.810337E-04  8.185644E-04
200009  5.443248E-04  1.074551E-03
200010  1.206430E-03  1.064608E-04
200011  9.745944E-04 -7.254681E-04
200012  5.742417E-04 -1.071307E-03
200013  4.111918E-04 -1.143048E-03
200014  5.739624E-04 -1.069400E-03
200015  9.741310E-04 -7.218274E-04
200016  1.205954E-03  1.115044E-04
200017  5.440536E-04  1.080545E-03
200018 -8.808802E-04  8.249794E-04
200019 -8.402351E-04 -8.569713E-04
200020  1.021676E-03 -6.195707E-04
200021  1.021486E-04  1.193645E-03
200022 -9.962416E-04 -6.532694E-04
200023  1.171124E-03 -1.331674E-04
200024 -9.518194E-04  7.123484E-04
200025  6.081317E-04 -9.948843E-04
200026 -3.656698E-04  1.118748E-03
200027  1.858077E-04 -1.141916E-03
200028 -1.427594E-04  1.155283E-03
200029  1.201140E-04 -1.139707E-03
200030 -1.784245E-04  1.138389E-03
200031  2.064933E-04 -1.115910E-03
200032 -2.472203E-04  1.112347E-03
200033  2.231234E-04 -1.103639E-03
200034 -1.382725E-04  1.117198E-03
200035 -3.735233E-05 -1.116830E-03
200036  3.416561E-04  1.062401E-03
200037 -7.044956E-04 -8.493780E-04
200038  1.055816E-03  3.574619E-04
200039 -1.012675E-03  3.986557E-04
200040  3.507157E-04 -1.046147E-03
200041  7.705217E-04  7.841556E-04
200042 -9.530262E-04  5.045116E-04
200043 -4.386006E-04 -9.949903E-04
200044  9.057219E-04 -6.161664E-04
200045  9.264829E-04  5.682846E-04
200046  1.198642E-04  1.069876E-03
200047 -5.573698E-04  9.166446E-04
200048 -8.687229E-04  6.301087E-04
200049 -9.452328E-04  5.099305E-04
200050 -8.698465E-04  6.294530E-04
200051 -5.594349E-04  9.153769E-04
200052  1.171890E-04  1.068082E-03
200053  9.236184E-04  5.660888E-04
200054  9.031065E-04 -6.186066E-04
200055 -4.405812E-04 -9.974938E-04
200056 -9.540934E-04  5.021384E-04
200057  7.705092E-04  7.821051E-04
200058  3.517582E-04 -1.047696E-03
200059 -1.010698E-03  3.977599E-04
200060  1.058517E-03  3.573393E-04
200061 -7.013309E-04 -8.486460E-04
200062  3.450092E-04  1.064030E-03
200063 -3.407781E-05 -1.114304E-03
200064 -1.353186E-04  1.120581E-03
200065  2.255473E-04 -1.099484E-03
200066 -2.454986E-04  1.117140E-03
200067  2.073828E-04 -1.110668E-03
200068 -1.784474E-04  1.143838E-03
200069  1.191580E-04 -1.134342E-03
200070 -1.446008E-04  1.160235E-03
200071  1.832015E-04 -1.137721E-03
200072 -3.688505E-04  1.121856E-03
200073  2.518575E-04 -1.175412E-03
200074  9.122512E-04 -8.055290E-04
200075  1.206122E-03  2.378808E-04
200076  1.501850E-04  1.223272E-03
200077 -1.234373E-03  5.566994E-05
200078  5.516492E-04 -1.130849E-03
200079  2.014483E-04  1.240015E-03
200080 -3.091479E-04 -1.232001E-03
200081 -2.344410E-04  1.245857E-03
200082  1.197267E-03 -4.625109E-04
200083 -4.189791E-04 -1.210241E-03
200084 -1.223946E-03 -3.848821E-04
200085 -1.286826E-03  9.517904E-06
200086 -1.228233E-03 -3.829481E-04
200087 -4.266488E-04 -1.206541E-03
200088  1.187801E-03 -4.574499E-04
200089 -2.438090E-04  1.251583E-03
200090 -3.166459E-04 -1.226548E-03
200091  1.971067E-04  1.244195E-03
200092  5.510479E-04 -1.128745E-03
200093 -1.231393E-03  5.529455E-05
200094  1.559602E-04  1.220485E-03
200095  1.213483E-03  2.331465E-04
200096  9.198143E-04 -8.115004E-04
200097  2.583083E-04 -1.181808E-03
200098 -2.232760E-04 -1.173017E-03
200099 -4.710631E-04 -1.083969E-03
200100 -5.610023E-04 -1.028380E-03
200101 -5.619660E-04 -1.015322E-03
200102 -5.262508E-04 -1.020274E-03
200103 -5.019822E-04 -1.017676E-03
200104 -5.358537E-04 -9.855824E-04
200105 -6.636399E-04 -8.884241E-04
200106 -8.802078E-04 -6.496001E-04
200107 -1.064976E-03 -1.569151E-04
200108 -8.884451E-04  5.844800E-04
200109  5.528331E-06  1.065207E-03
200110  1.026106E-03  3.046670E-04
200111  2.649521E-04 -1.025144E-03
200112 -1.045560E-03  1.566859E-04
200113  8.263298E-04  6.269269E-04
200114 -5.628096E-04 -8.733298E-04
200115  5.746405E-04  8.609191E-04
200116 -9.293172E-04 -4.554874E-04
200117  9.010783E-04 -4.709905E-04
200118  3.429472E-04  9.709378E-04
200119 -7.935472E-04  6.519691E-04
200120 -1.023109E-03 -5.332806E-05
200121 -9.813590E-04 -3.014382E-04
200122 -1.031482E-03 -5.227269E-05
200123 -8.082568E-04  6.537096E-04
200124  3.254081E-04  9.727420E-04
200125  8.847210E-04 -4.697795E-04
200126 -9.410630E-04 -4.553105E-04
200127  5.694719E-04  8.600227E-04
200128 -5.613190E-04 -8.749201E-04
200129  8.328357E-04  6.252552E-04
200130 -1.036748E-03  1.554630E-04
200131  2.732218E-04 -1.025757E-03
200132  1.031718E-03  3.043515E-04
200133  7.639062E-06  1.064541E-03
200134 -8.893534E-04  5.827868E-04
200135 -1.067485E-03 -1.600072E-04
200136 -8.826117E-04 -6.539628E-04
200137 -6.645942E-04 -8.934340E-04
200138 -5.348037E-04 -9.903097E-04
200139 -4.992635E-04 -1.021162E-03
200140 -5.228821E-04 -1.021792E-03
200141 -5.592563E-04 -1.014531E-03
200142 -5.601272E-04 -1.025357E-03
200143 -4.727394E-04 -1.079134E-03
200144 -2.276001E-04 -1.167017E-03
200145 -8.077252E-04  9.000827E-04
200146  1.236011E-03  2.837829E-05
200147 -3.686152E-04 -1.195858E-03
200148 -1.270808E-03  1.821361E-04
200149 -7.085891E-04  1.091555E-03
200150 -4.398213E-04  1.234404E-03
200151 -9.514138E-04  9.179742E-04
200152 -1.192588E-03 -5.932636E-04
200153  1.091217E-03 -7.779850E-04
200154 -9.193313E-04  9.824510E-04
200155  1.346949E-03 -1.203625E-04
200156  1.836043E-05 -1.350636E-03
200157 -6.245286E-04 -1.203946E-03
200158  1.700260E-05 -1.355487E-03
200159  1.345021E-03 -1.271934E-04
200160 -9.205487E-04  9.772289E-04
200161  1.091917E-03 -7.798855E-04
200162 -1.189514E-03 -5.929798E-04
200163 -9.467016E-04  9.178333E-04
200164 -4.352323E-04  1.232272E-03
200165 -7.060652E-04  1.088404E-03
200166 -1.271396E-03  1.807228E-04
200167 -3.718898E-04 -1.193277E-03
200168  1.231583E-03  3.487352E-05
200169 -8.117242E-04  9.081004E-04
200170  2.261236E-04 -1.180103E-03
200171  1.716267E-04  1.169587E-03
200172 -3.373955E-04 -1.113371E-03
200173  4.352769E-04  1.062336E-03
200174 -5.191629E-04 -1.005194E-03
200175  6.291561E-04  9.147429E-04
200176 -8.699172E-04 -6.833548E-04
200177  1.054334E-03  2.283730E-04
200178 -9.241525E-04  5.310769E-04
200179  4.097394E-05 -1.057196E-03
200180  1.042680E-03  2.054967E-04
200181  3.808392E-05  1.027564E-03
200182 -7.824189E-04  6.593017E-04
200183 -9.831433E-04  3.039295E-04
200184 -9.323167E-04  4.238774E-04
200185 -4.459760E-04  9.002321E-04
200186  7.282507E-04  6.657346E-04
200187  4.026224E-04 -9.036318E-04
200188 -8.204369E-04  5.053837E-04
200189  8.248856E-04 -5.547663E-04
200190 -2.247975E-04  9.313876E-04
200191 -8.637555E-04 -4.081428E-04
200192 -7.843919E-05 -9.756814E-04
200193  2.555301E-04 -9.510577E-04
200194 -8.270725E-05 -9.735267E-04
200195 -8.707179E-04 -4.036890E-04
200196 -2.316351E-04  9.373061E-04
200197  8.214446E-04 -5.499226E-04
200198 -8.179604E-04  5.059487E-04
200199  4.116110E-04 -9.088056E-04
200200  7.418732E-04  6.568509E-04
200201 -4.316364E-04  8.924482E-04
200202 -9.218924E-04  4.218624E-04
200203 -9.802408E-04  3.092616E-04
200204 -7.881378E-04  6.697072E-04
200205  2.568532E-05  1.038715E-03
200206  1.027818E-03  2.137693E-04
200207  2.836779E-05 -1.052998E-03
200208 -9.311784E-04  5.322911E-04
200209  1.053754E-03  2.286540E-04
200210 -8.654815E-04 -6.823402E-04
200211  6.359640E-04  9.171078E-04
200212 -5.125285E-04 -1.001965E-03
200213  4.402500E-04  1.065084E-03
200214 -3.341783E-04 -1.112838E-03
200215  1.740737E-04  1.166581E-03
200216  2.290561E-04 -1.186580E-03
200217 -8.519108E-04 -8.957340E-04
200218  4.603837E-04 -1.171571E-03
200219  1.182078E-03  4.996406E-04
200220 -1.095013E-03  6.894283E-04
200221  9.090514E-04 -9.612621E-04
200222 -1.290054E-03  3.675579E-04
200223  5.161763E-04  1.259734E-03
200224  1.200734E-03  6.910898E-04
200225  7.742282E-04  1.165794E-03
200226 -1.240115E-03  6.622206E-04
200227  1.090646E-03 -9.096575E-04
200228 -1.310292E-03 -5.691868E-04
200229 -1.380818E-03  3.764124E-04
200230 -1.308970E-03 -5.776386E-04
200231  1.092176E-03 -9.191585E-04
200232 -1.239535E-03  6.606659E-04
200233  7.739450E-04  1.175189E-03
200234  1.201023E-03  7.051781E-04
200235  5.180904E-04  1.267711E-03
200236 -1.287824E-03  3.635381E-04
200237  9.083982E-04 -9.728129E-04
200238 -1.100368E-03  6.806726E-04
200239  1.174238E-03  4.997271E-04
200240  4.550069E-04 -1.166085E-03
200241 -8.512959E-04 -8.930322E-04
200242 -1.210954E-03 -4.653439E-05
200243 -1.044458E-03  5.538904E-04
200244 -7.383989E-04  8.860201E-04
200245 -3.885393E-04  1.061968E-03
200246  3.743219E-05  1.112720E-03
200247  5.649867E-04  9.354071E-04
200248  1.017719E-03  3.124310E-04
200249  7.773620E-04 -7.046388E-04
200250 -5.417213E-04 -8.947190E-04
200251 -7.178116E-04  7.237714E-04
200252  1.018947E-03  5.192064E-05
200253 -9.362712E-04 -3.275072E-04
200254  9.667744E-04  3.132573E-05
200255 -6.073278E-04  7.767929E-04
200256 -8.037105E-04 -5.261371E-04
200257 -1.665990E-04 -9.303202E-04
200258 -1.257749E-04 -9.318890E-04
200259 -7.269424E-04 -5.656097E-04
200260 -5.699178E-04  7.428094E-04
200261  8.823776E-04 -1.487353E-04
200262 -9.307660E-04  2.649230E-04
200263  2.715206E-04 -8.492780E-04
200264  8.899666E-04  8.934553E-05
200265  7.772632E-04  4.625306E-04
200266  8.957260E-04  7.803167E-05
200267  2.798487E-04 -8.613496E-04
200268 -9.234094E-04  2.628143E-04
200269  8.869068E-04 -1.405296E-04
200270 -5.690764E-04  7.511376E-04
200271 -7.307319E-04 -5.673524E-04
200272 -1.342407E-04 -9.432182E-04
200273 -1.773707E-04 -9.404350E-04
200274 -8.128813E-04 -5.251389E-04
200275 -6.121401E-04  7.877187E-04
200276  9.667731E-04  4.137831E-05
200277 -9.319820E-04 -3.279232E-04
200278  1.027242E-03  4.110554E-05
200279 -7.063961E-04  7.107024E-04
200280 -5.299918E-04 -9.021113E-04
200281  7.854070E-04 -7.048448E-04
200282  1.019463E-03  3.152487E-04
200283  5.608848E-04  9.368686E-04
200284  2.999193E-05  1.112646E-03
200285 -3.971964E-04  1.063827E-03
200286 -7.475304E-04  8.922738E-04
200287 -1.053295E-03  5.620917E-04
200288 -1.217141E-03 -4.225360E-05
200289 -1.026537E-03 -6.671556E-04
200290 -6.566275E-04  1.067262E-03
200291  6.610336E-04  1.101682E-03
200292  1.080826E-03  7.551810E-04
200293  7.290704E-04  1.136470E-03
200294 -9.668875E-04  9.937803E-04
200295  1.155557E-04 -1.403161E-03
200296 -8.873052E-04  1.124853E-03
200297  6.942592E-04  1.275775E-03
200298  2.216826E-04  1.459466E-03
200299 -1.442553E-03 -3.480296E-04
200300  1.079680E-03  1.026487E-03
200301  1.482865E-03 -1.795321E-04
200302  1.080418E-03  1.027025E-03
200303 -1.440765E-03 -3.494986E-04
200304  2.225772E-04  1.456013E-03
200305  6.909664E-04  1.274616E-03
200306 -8.940015E-04  1.128233E-03
200307  1.116974E-04 -1.400519E-03
200308 -9.637748E-04  9.892817E-04
200309  7.349584E-04  1.128607E-03
200310  1.082998E-03  7.552081E-04
200311  6.606526E-04  1.112180E-03
200312 -6.529461E-04  1.076549E-03
200313 -1.018275E-03 -6.700259E-04
200314  1.000799E-03 -6.614591E-04
200315 -7.394994E-05  1.167198E-03
200316 -7.975360E-04 -8.300428E-04
200317  1.106148E-03  5.484284E-06
200318 -6.505900E-04  8.796287E-04
200319 -4.930844E-04 -9.336991E-04
200320  9.821539E-04 -3.791348E-04
200321  6.054623E-04  8.186770E-04
200322 -1.992017E-04  9.879052E-04
200323 -4.426687E-04  8.868618E-04
200324 -1.091760E-04  9.691868E-04
200325  7.490812E-04  6.131254E-04
200326  4.644035E-04 -8.237145E-04
200327 -8.715261E-04  3.691072E-04
200328  7.456397E-04 -5.405371E-04
200329  1.286699E-04  9.075868E-04
200330 -7.762909E-04  4.506721E-04
200331 -8.856079E-04  2.439801E-04
200332 -5.134083E-04  7.383500E-04
200333  7.984544E-04  3.639857E-04
200334 -5.199848E-04 -6.963059E-04
200335  8.894142E-04  2.539469E-04
200336 -1.950760E-04  8.303536E-04
200337 -5.804172E-04  5.970306E-04
200338 -1.965656E-04  8.186911E-04
200339  8.822124E-04  2.412428E-04
200340 -5.314972E-04 -6.978383E-04
200341  7.918514E-04  3.771755E-04
200342 -5.097071E-04  7.567845E-04
200343 -8.781369E-04  2.525408E-04
200344 -7.740386E-04  4.451127E-04
200345  1.273940E-04  9.006151E-04
200346  7.493673E-04 -5.358538E-04
200347 -8.615516E-04  3.807091E-04
200348  4.724253E-04 -8.209817E-04
200349  7.488398E-04  6.018756E-04
200350 -1.154200E-04  9.557646E-04
200351 -4.494228E-04  8.851869E-04
200352 -2.047619E-04  9.998190E-04
200353  5.992628E-04  8.348935E-04
200354  9.750371E-04 -3.696217E-04
200355 -4.968986E-04 -9.367228E-04
200356 -6.453883E-04  8.656804E-04
200357  1.120870E-03 -1.091666E-05
200358 -7.811612E-04 -8.379776E-04
200359 -6.641265E-05  1.172471E-03
200360  9.966287E-04 -6.505555E-04
200361 -6.627962E-05  1.221094E-03
200362 -1.005470E-03 -7.630120E-04
200363  1.261365E-03  2.710254E-04
200364 -1.169148E-03 -6.304363E-04
200365 -1.422158E-04  1.363996E-03
200366  9.875056E-04  9.966286E-04
200367  5.432410E-04  1.328295E-03
200368 -1.449429E-03  1.113805E-04
200369  1.422538E-03  4.530672E-04
200370  1.220760E-03 -9.025117E-04
200371  1.431898E-03  5.573709E-04
200372 -1.458219E-03 -4.826812E-04
200373 -1.115531E-03  1.066775E-03
200374 -1.464390E-03 -4.730820E-04
200375  1.428708E-03  5.680383E-04
200376  1.226530E-03 -9.011578E-04
200377  1.430077E-03  4.452691E-04
200378 -1.450019E-03  1.067983E-04
200379  5.388835E-04  1.333166E-03
200380  9.898716E-04  1.001070E-03
200381 -1.372880E-04  1.361032E-03
200382 -1.174041E-03 -6.323799E-04
200383  1.249539E-03  2.749078E-04
200384 -1.010048E-03 -7.620328E-04
200385 -6.214050E-05  1.217084E-03
200386  1.172998E-03 -2.189255E-04
200387 -2.169165E-04 -1.132759E-03
200388 -1.104607E-03  1.586863E-04
200389  1.562757E-04  1.076249E-03
200390  9.966041E-04 -3.568959E-04
200391 -7.576168E-04 -7.164984E-04
200392  1.311682E-04  1.008194E-03
200393  8.312703E-05 -9.866258E-04
200394  2.703547E-04  9.278039E-04
200395 -9.350654E-04 -2.452727E-04
200396  6.828889E-05 -9.333847E-04
200397  5.811074E-04 -7.129823E-04
200398  3.622485E-04 -8.247658E-04
200399 -6.153358E-04 -6.675592E-04
200400 -2.580194E-04  8.451222E-04
200401  3.242047E-04 -8.024422E-04
200402  5.009818E-04  7.069712E-04
200403 -4.258460E-04  7.569377E-04
200404 -3.952093E-04  7.500469E-04
200405  5.438632E-04  6.960956E-04
200406  2.650434E-04 -7.880468E-04
200407 -8.989533E-05  8.629702E-04
200408 -9.164157E-04 -1.414063E-04
200409 -6.842001E-04 -5.472496E-04
200410 -9.058021E-04 -1.293071E-04
200411 -8.067992E-05  8.742176E-04
200412  2.679522E-04 -7.939847E-04
200413  5.492838E-04  6.801669E-04
200414 -3.826981E-04  7.472369E-04
200415 -4.180670E-04  7.643767E-04
200416  4.947659E-04  7.017735E-04
200417  3.164424E-04 -8.197168E-04
200418 -2.525791E-04  8.354406E-04
200419 -6.051760E-04 -6.670316E-04
200420  3.607617E-04 -8.252704E-04
200421  5.700606E-04 -7.133663E-04
200422  6.100547E-05 -9.249250E-04
200423 -9.335435E-04 -2.331340E-04
200424  2.775833E-04  9.295982E-04
200425  9.233440E-05 -9.963672E-04
200426  1.369956E-04  1.000366E-03
200427 -7.612328E-04 -7.116517E-04
200428  9.845368E-04 -3.420951E-04
200429  1.449523E-04  1.088511E-03
200430 -1.107826E-03  1.588130E-04
200431 -2.154743E-04 -1.139534E-03
200432  1.170664E-03 -2.200131E-04
200433 -9.652761E-04 -7.273116E-04
200434 -1.016269E-03 -7.113608E-04
200435 -5.492007E-04 -1.152264E-03
200436  9.471266E-04 -9.273729E-04
200437  1.986835E-04  1.353254E-03
200438  1.327903E-04 -1.406939E-03
200439 -1.417643E-03 -2.778996E-04
200440 -1.391020E-03 -5.213474E-04
200441  1.120804E-03 -1.000779E-03
200442 -1.489473E-03 -4.182827E-04
200443 -1.439497E-03 -5.973412E-04
200444  1.532370E-03 -3.333146E-04
200445  1.299849E-04 -1.569585E-03
200446  1.530924E-03 -3.440512E-04
200447 -1.446359E-03 -6.024152E-04
200448 -1.494412E-03 -4.135267E-04
200449  1.122107E-03 -9.997517E-04
200450 -1.393102E-03 -5.249320E-04
200451 -1.424308E-03 -2.739010E-04
200452  1.339489E-04 -1.401575E-03
200453  2.071480E-04  1.347908E-03
200454  9.487666E-04 -9.332884E-04
200455 -5.514574E-04 -1.151519E-03
200456 -1.009001E-03 -7.154426E-04
200457 -9.581105E-04 -7.323436E-04
200458 -5.815815E-04 -1.012815E-03
200459  7.554386E-05 -1.126985E-03
200460  6.918274E-04 -8.485718E-04
200461  9.888552E-04 -4.038070E-04
200462  1.028541E-03 -1.554588E-04
200463  9.631030E-04 -2.835080E-04
200464  6.170956E-04 -7.608682E-04
200465 -4.442961E-04 -8.384461E-04
200466 -6.655182E-04  6.558645E-04
200467  8.963626E-04 -2.065956E-04
200468 -8.023639E-04  4.157392E-04
200469 -7.021292E-05 -8.746156E-04
200470  7.077214E-04 -5.079422E-04
200471  6.891211E-04 -5.093574E-04
200472 -7.236366E-05 -8.529632E-04
200473 -6.419576E-04  5.225404E-04
200474  5.853317E-04 -5.867576E-04
200475  3.941474E-04  6.782192E-04
200476 -5.709909E-05  8.012816E-04
200477  4.188665E-04  7.599364E-04
200478  5.198264E-04 -5.144826E-04
200479 -7.422693E-04  4.693065E-04
200480 -2.606663E-04 -8.894497E-04
200481  3.648503E-04 -9.509532E-04
200482 -2.590841E-04 -8.856979E-04
200483 -7.418004E-04  4.845373E-04
200484  5.221742E-04 -5.220586E-04
200485  4.235841E-04  7.280430E-04
200486 -5.656713E-05  7.992621E-04
200487  3.840984E-04  7.046799E-04
200488  5.685556E-04 -5.813397E-04
200489 -6.474995E-04  5.103463E-04
200490 -6.388042E-05 -8.493295E-04
200491  6.871716E-04 -4.959562E-04
200492  6.926514E-04 -5.078256E-04
200493 -7.067485E-05 -8.844083E-04
200494 -7.845440E-04  4.097367E-04
200495  9.077912E-04 -2.124083E-04
200496 -6.685924E-04  6.427068E-04
200497 -4.461877E-04 -8.518581E-04
200498  6.246434E-04 -7.680906E-04
200499  9.719898E-04 -2.922379E-04
200500  1.030964E-03 -1.660035E-04
200501  9.826893E-04 -4.036129E-04
200502  6.851318E-04 -8.443651E-04
200503  8.002666E-05 -1.134787E-03
200504 -5.759278E-04 -1.020584E-03
200505 -9.697061E-04 -6.588803E-04
200506 -3.089818E-04  1.177124E-03
200507  1.135696E-03  5.438811E-04
200508  1.284702E-03 -1.953922E-04
200509  1.302103E-03  3.384483E-04
200510 -4.703696E-04  1.309770E-03
200511  5.498276E-04 -1.329000E-03
200512 -1.160449E-03 -9.115638E-04
200513 -1.851586E-04 -1.509191E-03
200514  2.760529E-04  1.518071E-03
200515  1.168071E-03  1.065399E-03
200516 -1.486595E-03  5.543805E-04
200517  3.354804E-04  1.550378E-03
200518 -1.474402E-03  5.492535E-04
200519  1.167955E-03  1.061121E-03
200520  2.680576E-04  1.522537E-03
200521 -1.829226E-04 -1.509173E-03
200522 -1.152556E-03 -9.220247E-04
200523  5.510113E-04 -1.331381E-03
200524 -4.741510E-04  1.314971E-03
200525  1.301260E-03  3.372580E-04
200526  1.280846E-03 -1.925941E-04
200527  1.128060E-03  5.563261E-04
200528 -3.050248E-04  1.178968E-03
200529 -9.670202E-04 -6.650090E-04
200530  1.095865E-03 -3.160560E-04
200531 -5.855205E-04  9.317775E-04
200532 -2.086509E-04 -1.055609E-03
200533  9.142621E-04  4.743261E-04
200534 -7.318785E-04  6.812171E-04
200535 -7.071199E-04 -6.722137E-04
200536  1.163092E-04 -9.495588E-04
200537  3.882575E-04 -8.443718E-04
200538  4.148471E-06 -9.014141E-04
200539 -8.484423E-04 -2.543886E-04
200540  2.521148E-04  8.244161E-04
200541 -2.589721E-04 -8.130322E-04
200542  8.303928E-04  1.884730E-04
200543  2.793208E-04  7.675444E-04
200544  3.744047E-04  6.978224E-04
200545  7.803392E-04 -1.911485E-04
200546 -7.633998E-04 -2.332963E-04
200547  7.093608E-04 -3.060403E-04
200548  5.638122E-04  5.480598E-04
200549  6.527690E-04  5.068380E-04
200550  4.200933E-04 -5.858933E-04
200551 -7.185469E-04  2.889095E-04
200552  1.772807E-04 -1.005708E-03
200553  8.977853E-04 -9.309424E-04
200554  1.556157E-04 -1.018529E-03
200555 -7.516715E-04  3.145823E-04
200556  4.093779E-04 -5.748533E-04
200557  6.602824E-04  4.827521E-04
200558  5.647623E-04  5.551253E-04
200559  7.123507E-04 -2.868694E-04
200560 -7.554218E-04 -2.484813E-04
200561  7.916491E-04 -2.027307E-04
200562  3.862921E-04  7.141358E-04
200563  2.709187E-04  7.800314E-04
200564  8.213224E-04  1.804908E-04
200565 -2.426053E-04 -8.228912E-04
200566  2.602769E-04  8.308697E-04
200567 -8.694625E-04 -2.361725E-04
200568 -2.599626E-05 -8.807635E-04
200569  3.673714E-04 -8.178702E-04
200570  1.026479E-04 -9.129093E-04
200571 -7.164503E-04 -6.483186E-04
200572 -7.166020E-04  6.703148E-04
200573  9.383073E-04  4.624054E-04
200574 -2.101803E-04 -1.043135E-03
200575 -5.863709E-04  9.390911E-04
200576  1.107177E-03 -3.178658E-04
200577  4.991158E-04  1.027158E-03
200578 -8.015237E-04 -8.813471E-04
200579  5.580074E-04  1.099188E-03
200580  7.010580E-04 -1.063598E-03
200581 -5.759246E-04 -1.183951E-03
200582 -2.298233E-04 -1.351190E-03
200583  1.400942E-03  2.145642E-04
200584 -9.827795E-04 -1.077344E-03
200585 -1.249627E-03 -8.315091E-04
200586  1.459154E-03 -4.652854E-04
200587 -2.982673E-05 -1.556668E-03
200588  1.565341E-03  1.087494E-04
200589  1.402278E-04 -1.580226E-03
200590  1.565880E-03  1.237197E-04
200591 -3.508927E-05 -1.556051E-03
200592  1.458857E-03 -4.674247E-04
200593 -1.243358E-03 -8.307775E-04
200594 -9.777617E-04 -1.078572E-03
200595  1.404223E-03  2.181216E-04
200596 -2.329320E-04 -1.350187E-03
200597 -5.753427E-04 -1.191379E-03
200598  7.071412E-04 -1.070626E-03
200599  5.507264E-04  1.098394E-03
200600 -8.034909E-04 -8.852475E-04
200601  5.028690E-04  1.023340E-03
200602  1.762390E-04 -1.091772E-03
200603 -8.289217E-04  6.666226E-04
200604  1.037703E-03  3.662583E-05
200605 -8.674855E-04 -5.188684E-04
200606  7.518877E-04  6.169333E-04
200607 -8.765815E-04 -3.376864E-04
200608  7.827255E-04 -4.801758E-04
200609  5.213783E-04  7.275946E-04
200610 -8.368843E-05  8.610740E-04
200611  7.031201E-05  8.601420E-04
200612  7.923438E-04  2.795902E-04
200613 -2.320672E-04 -8.016714E-04
200614  3.498595E-04  7.334898E-04
200615 -7.814464E-04  1.730046E-04
200616 -7.207951E-04 -3.140096E-04
200617 -7.343314E-04  2.006665E-04
200618  4.787299E-04  6.297901E-04
200619 -5.740350E-04 -5.137189E-04
200620  5.233355E-04 -5.560537E-04
200621  6.391019E-04 -3.863074E-04
200622 -2.250248E-04 -7.063080E-04
200623 -2.560510E-04  6.426145E-04
200624 -4.346569E-04 -6.489719E-04
200625  1.832238E-04 -8.314886E-04
200626 -4.514177E-04 -6.514038E-04
200627 -2.872730E-04  6.746257E-04
200628 -2.183291E-04 -7.057358E-04
200629  6.575846E-04 -4.123133E-04
200630  5.106538E-04 -5.445707E-04
200631 -5.725109E-04 -5.132748E-04
200632  4.812492E-04  6.032514E-04
200633 -7.502349E-04  2.004030E-04
200634 -7.206800E-04 -3.072852E-04
200635 -7.855076E-04  1.603317E-04
200636  3.567788E-04  7.241374E-04
200637 -2.176641E-04 -7.912935E-04
200638  7.609957E-04  2.927274E-04
200639  5.759023E-05  8.476115E-04
200640 -4.819796E-05  8.239810E-04
200641  5.630188E-04  6.693092E-04
200642  8.086061E-04 -5.295611E-04
200643 -9.082637E-04 -3.369418E-04
200644  7.244044E-04  6.276647E-04
200645 -8.527378E-04 -5.254436E-04
200646  1.021362E-03  3.731003E-05
200647 -8.460349E-04  6.631996E-04
200648  1.851967E-04 -1.100320E-03
200649 -2.708906E-04  1.080408E-03
200650 -1.064799E-03 -4.261053E-04
200651  1.072073E-03 -5.415545E-04
200652 -1.078160E-03  6.173053E-04
200653  1.134540E-03  6.246458E-04
200654  1.296237E-03 -2.952605E-04
200655  1.016809E-03  9.183302E-04
200656 -1.207695E-03 -7.561804E-04
200657 -1.342903E-03  6.077832E-04
200658 -5.117542E-04 -1.408100E-03
200659 -1.337217E-03  7.380242E-04
200660 -9.723308E-04 -1.191657E-03
200661 -1.118963E-03  1.072135E-03
200662 -9.785583E-04 -1.185462E-03
200663 -1.340477E-03  7.256120E-04
200664 -5.039669E-04 -1.411511E-03
200665 -1.342988E-03  6.126958E-04
200666 -1.223817E-03 -7.523500E-04
200667  1.015101E-03  9.235068E-04
200668  1.300512E-03 -2.976271E-04
200669  1.134976E-03  6.268598E-04
200670 -1.064284E-03  6.205055E-04
200671  1.073025E-03 -5.432576E-04
200672 -1.066351E-03 -4.249846E-04
200673 -2.603984E-04  1.081781E-03
200674  9.711198E-04  4.312996E-04
200675  6.820212E-04 -7.754168E-04
200676 -5.605496E-04 -8.242417E-04
200677 -8.138083E-04  5.356217E-04
200678  7.522946E-04  5.632905E-04
200679 -2.049109E-04 -8.988096E-04
200680  1.284232E-04  8.897893E-04
200681 -6.263090E-04 -5.826796E-04
200682  6.052210E-04 -5.954392E-04
200683  8.206159E-04 -6.215930E-05
200684  7.504012E-04 -3.138994E-04
200685 -2.075439E-04 -7.771282E-04
200686 -2.239100E-04  7.397772E-04
200687 -2.845605E-04 -6.997006E-04
200688  5.548695E-04 -5.160529E-04
200689  4.876436E-04 -5.921719E-04
200690 -5.166587E-04 -5.095468E-04
200691  3.840939E-04  6.278770E-04
200692 -7.144157E-04  9.294552E-05
200693 -6.672913E-04 -2.179463E-04
200694 -5.569826E-04  4.806065E-04
200695  6.720442E-04 -2.262446E-05
200696 -5.266777E-04  5.238872E-04
200697 -7.728041E-04  7.288172E-05
200698 -5.309453E-04  5.197651E-04
200699  6.643636E-04 -2.448446E-05
200700 -5.306738E-04  4.546828E-04
200701 -6.558450E-04 -2.292960E-04
200702 -7.455366E-04  1.128388E-04
200703  3.918238E-04  6.245542E-04
200704 -5.156744E-04 -5.163714E-04
200705  4.580051E-04 -5.741481E-04
200706  5.686822E-04 -5.152897E-04
200707 -2.865049E-04 -7.146762E-04
200708 -2.211985E-04  7.401835E-04
200709 -2.010568E-04 -7.609356E-04
200710  7.039937E-04 -3.230332E-04
200711  8.741919E-04 -1.053505E-04
200712  6.823836E-04 -5.803135E-04
200713 -6.147901E-04 -5.419473E-04
200714  2.092042E-04  8.640594E-04
200715 -1.838927E-04 -9.232803E-04
200716  7.124874E-04  5.757463E-04
200717 -7.922202E-04  5.403176E-04
200718 -5.633260E-04 -8.280143E-04
200719  6.796379E-04 -7.780206E-04
200720  9.864269E-04  4.290017E-04
200721  6.601890E-04 -8.479917E-04
200722  1.124067E-03  3.447798E-05
200723  2.528632E-05  1.156241E-03
200724 -8.783849E-04 -8.338601E-04
200725  5.830410E-04  1.102526E-03
200726  1.224007E-03 -3.722070E-04
200727  1.335070E-03  8.021253E-05
200728 -1.094809E-03  8.289559E-04
200729  6.816305E-04  1.243444E-03
200730 -1.016598E-03  1.021555E-03
200731  1.387182E-03  5.217803E-04
200732 -1.595897E-05  1.486163E-03
200733  1.484711E-03 -1.750717E-04
200734 -1.373554E-05  1.486096E-03
200735  1.388748E-03  5.115794E-04
200736 -1.013852E-03  1.027615E-03
200737  6.837415E-04  1.243398E-03
200738 -1.106638E-03  8.202801E-04
200739  1.339133E-03  7.969278E-05
200740  1.232618E-03 -3.754680E-04
200741  5.668675E-04  1.111826E-03
200742 -8.802034E-04 -8.240876E-04
200743  2.492889E-05  1.157225E-03
200744  1.114742E-03  3.904532E-05
200745  6.712267E-04 -8.457940E-04
200746  7.493767E-05 -1.035575E-03
200747 -3.844714E-04 -9.304610E-04
200748 -7.624102E-04 -6.032241E-04
200749 -9.337488E-04  8.219283E-05
200750 -3.016929E-04  8.600550E-04
200751  8.565753E-04  2.100274E-04
200752 -4.203381E-04 -7.585886E-04
200753  3.730447E-04  7.562062E-04
200754 -7.863596E-04 -2.345741E-04
200755  5.204211E-05 -7.957040E-04
200756  2.801898E-04 -7.311187E-04
200757 -3.591950E-04 -6.831549E-04
200758 -4.424316E-04  6.082189E-04
200759  3.422474E-04 -6.636989E-04
200760  6.094025E-04  3.934897E-04
200761  4.627294E-04  5.360614E-04
200762  6.873005E-04 -1.857642E-04
200763 -6.779888E-04 -2.141531E-04
200764  5.795445E-04 -4.067270E-04
200765  6.966655E-04  7.690387E-05
200766  5.532890E-04 -4.079110E-04
200767 -6.722820E-04 -4.847720E-05
200768  5.287411E-04 -4.380334E-04
200769  6.579693E-04  6.278300E-05
200770  5.338137E-04 -4.480355E-04
200771 -6.529559E-04 -6.633800E-05
200772  5.709681E-04 -4.192323E-04
200773  6.853299E-04  9.300410E-05
200774  5.587911E-04 -3.956968E-04
200775 -6.514169E-04 -2.187575E-04
200776  6.967447E-04 -1.784174E-04
200777  4.464246E-04  5.478915E-04
200778  6.419607E-04  3.951308E-04
200779  3.266556E-04 -6.669335E-04
200780 -4.498554E-04  6.062706E-04
200781 -3.420362E-04 -6.720831E-04
200782  2.391012E-04 -7.473500E-04
200783  1.476315E-04 -8.121889E-04
200784 -8.073863E-04 -6.870481E-05
200785  1.500397E-04  1.027418E-03
200786 -3.952617E-04 -6.307375E-04
200787  9.239210E-04  1.999734E-04
200788 -3.374115E-04  8.517707E-04
200789 -9.105457E-04  9.400619E-05
200790 -7.644724E-04 -6.045039E-04
200791 -3.816331E-04 -9.244640E-04
200792  8.575501E-05 -1.027005E-03
200793  4.049485E-04 -9.582426E-04
200794  8.296166E-04 -6.911074E-04
200795  1.025232E-03  4.126183E-04
200796 -8.001746E-04  8.406588E-04
200797  8.029097E-04 -8.947125E-04
200798 -1.038741E-03 -6.791376E-04
200799 -1.003332E-03 -7.905932E-04
200800  1.275500E-03 -3.597014E-04
200801 -4.453288E-04 -1.286709E-03
200802  1.016293E-03 -9.582444E-04
200803 -1.352667E-03 -4.038658E-04
200804 -1.733833E-04 -1.420587E-03
200805 -1.378892E-03  3.790360E-04
200806 -1.722637E-04 -1.416426E-03
200807 -1.356350E-03 -4.051140E-04
200808  1.007805E-03 -9.507610E-04
200809 -4.340537E-04 -1.290110E-03
200810  1.282052E-03 -3.683114E-04
200811 -9.962604E-04 -7.886893E-04
200812 -1.031918E-03 -6.830151E-04
200813  7.867841E-04 -8.945207E-04
200814 -8.034218E-04  8.375758E-04
200815  1.029384E-03  4.096076E-04
200816  8.163654E-04 -6.941879E-04
200817  4.100180E-04 -9.583984E-04
200818  2.989279E-04 -9.569380E-04
200819  3.198972E-04 -9.100975E-04
200820  3.051180E-04 -8.861875E-04
200821  8.660371E-05 -9.083405E-04
200822 -4.323773E-04 -7.599000E-04
200823 -8.445573E-04  8.901965E-05
200824  2.756151E-04  7.788111E-04
200825  1.728947E-04 -7.956920E-04
200826  1.005323E-04  7.837627E-04
200827 -7.650785E-04 -8.688687E-05
200828 -4.905858E-04 -5.819089E-04
200829 -6.821473E-04 -3.241474E-04
200830 -2.731255E-04  6.868008E-04
200831  4.145698E-04 -5.996049E-04
200832  3.504426E-04  6.121353E-04
200833 -5.954979E-05  7.035150E-04
200834  4.768374E-04  4.947342E-04
200835  2.575277E-05 -6.748863E-04
200836  3.975846E-04  5.466278E-04
200837 -1.586013E-04  6.344980E-04
200838  2.841095E-04  6.034648E-04
200839  2.942295E-04 -5.894427E-04
200840  2.103600E-04  6.566437E-04
200841 -3.204799E-04  5.926972E-04
200842  2.127940E-04  6.575653E-04
200843  3.200510E-04 -5.837410E-04
200844  2.722038E-04  6.163749E-04
200845 -1.798819E-04  6.514803E-04
200846  4.068534E-04  5.400275E-04
200847  4.533286E-05 -6.793470E-04
200848  4.788181E-04  4.987719E-04
200849 -6.391805E-05  6.956743E-04
200850  3.785447E-04  6.148695E-04
200851  3.921542E-04 -5.990394E-04
200852 -2.762007E-04  6.769725E-04
200853 -6.533285E-04 -3.120594E-04
200854 -5.353983E-04 -5.938354E-04
200855 -6.686326E-04 -8.290968E-05
200856  3.155900E-06  9.656539E-04
200857 -1.986971E-04 -5.241293E-04
200858  2.443404E-04  9.412694E-04
200859 -7.729513E-04  7.913804E-05
200860 -4.652749E-04 -7.907594E-04
200861  1.018081E-04 -8.974738E-04
200862  2.935308E-04 -8.987217E-04
200863  3.205103E-04 -9.113656E-04
200864  2.997185E-04 -9.560389E-04
200865  8.324572E-04  5.462972E-04
200866  6.619324E-04  8.021896E-04
200867 -2.631458E-04  1.038038E-03
200868 -9.648057E-04 -5.409933E-04
200869  1.058466E-03  4.516448E-04
200870  2.679311E-04 -1.156526E-03
200871  3.595319E-04 -1.174613E-03
200872  7.313873E-04  1.019178E-03
200873  1.023758E-03 -7.801585E-04
200874  1.135731E-03  6.765190E-04
200875  5.527830E-05 -1.336863E-03
200876  1.275642E-03 -4.425464E-04
200877 -6.197011E-04 -1.205093E-03
200878  1.270408E-03 -4.411728E-04
200879  5.147208E-05 -1.338271E-03
200880  1.126358E-03  6.769846E-04
200881  1.033804E-03 -7.804840E-04
200882  7.382208E-04  1.021727E-03
200883  3.587156E-04 -1.169115E-03
200884  2.696118E-04 -1.161550E-03
200885  1.059447E-03  4.508554E-04
200886 -9.564400E-04 -5.472693E-04
200887 -2.543273E-04  1.037103E-03
200888  6.542615E-04  7.946711E-04
200889  8.312110E-04  5.429112E-04
200890  7.540956E-04  6.038727E-04
200891  5.447229E-04  7.608714E-04
200892  3.366335E-04  8.470418E-04
200893  2.885742E-04  8.214022E-04
200894  5.276732E-04  6.615652E-04
200895  8.269423E-04  3.868869E-05
200896  7.589242E-05 -8.008458E-04
200897 -6.358507E-04  4.626330E-04
200898  6.017164E-04 -4.810447E-04
200899  1.008971E-04  7.479761E-04
200900 -5.698703E-04  4.567927E-04
200901 -5.043781E-04  5.196974E-04
200902  4.099167E-04  5.851492E-04
200903 -1.029763E-04 -6.919123E-04
200904  5.944866E-04  3.374757E-04
200905  1.643877E-04  6.706849E-04
200906  5.325334E-04  4.221561E-04
200907  5.865950E-05 -6.558024E-04
200908  2.868345E-04  5.993344E-04
200909 -3.342144E-04  5.558598E-04
200910  3.378694E-05  6.343454E-04
200911  4.959698E-04 -4.128019E-04
200912 -1.252278E-04  6.416130E-04
200913 -5.556503E-04  3.499978E-04
200914 -1.360323E-04  6.490465E-04
200915  5.064825E-04 -3.923001E-04
200916  5.538843E-06  6.415436E-04
200917 -3.407489E-04  5.568383E-04
200918  3.142492E-04  5.911185E-04
200919  5.033853E-05 -6.614358E-04
200920  5.255259E-04  4.186217E-04
200921  1.661852E-04  6.558690E-04
200922  6.041796E-04  3.391245E-04
200923 -1.148913E-04 -6.899549E-04
200924  4.129506E-04  5.756325E-04
200925 -4.791980E-04  5.328459E-04
200926 -6.162888E-04  4.418019E-04
200927  1.800405E-04  7.528484E-04
200928  5.450859E-04 -3.776769E-04
200929 -9.074315E-04  5.779644E-04
200930  7.600637E-05 -7.004029E-04
200931  8.818596E-04  2.362625E-05
200932  5.024010E-04  6.337054E-04
200933  2.996002E-04  8.361739E-04
200934  3.277184E-04  8.290049E-04
200935  5.505197E-04  7.596375E-04
200936  7.515581E-04  5.937981E-04
200937 -6.766034E-04 -6.786182E-04
200938 -3.869603E-04 -9.068419E-04
200939  6.240695E-04 -8.196935E-04
200940  5.115737E-04  9.320021E-04
200941 -4.618118E-04 -1.007708E-03
200942 -1.037987E-03  4.575455E-04
200943 -1.162916E-03  1.459530E-04
200944  8.046873E-04 -8.844515E-04
200945 -7.339436E-04 -9.807937E-04
200946  8.371674E-04 -9.250337E-04
200947 -1.179804E-03 -4.823270E-04
200948  1.384762E-04 -1.269277E-03
200949 -1.279653E-03  1.046045E-05
200950  1.341075E-04 -1.274171E-03
200951 -1.175349E-03 -4.834381E-04
200952  8.349278E-04 -9.277086E-04
200953 -7.331836E-04 -9.805455E-04
200954  8.009011E-04 -8.796331E-04
200955 -1.169553E-03  1.494492E-04
200956 -1.040578E-03  4.506592E-04
200957 -4.524418E-04 -9.984181E-04
200958  5.202455E-04  9.335106E-04
200959  6.293026E-04 -8.174442E-04
200960 -3.879090E-04 -9.102995E-04
200961 -6.808548E-04 -6.847488E-04
200962 -6.224742E-04 -6.956173E-04
200963 -4.098029E-04 -8.075509E-04
200964 -1.765470E-04 -8.489432E-04
200965 -1.081877E-04 -8.395590E-04
200966 -3.233792E-04 -7.637716E-04
200967 -7.396874E-04 -3.144071E-04
200968 -4.154285E-04  6.591028E-04
200969  7.559240E-04 -2.812859E-05
200970 -7.424689E-04 -3.138683E-05
200971  4.706431E-04 -5.578974E-04
200972  6.853995E-04  2.100330E-04
200973  6.710216E-04  1.966428E-04
200974  3.977767E-04 -5.674925E-04
200975 -6.296586E-04  2.478633E-04
200976  2.650404E-04 -6.092684E-04
200977  6.453788E-04 -1.454085E-04
200978  4.740165E-04 -4.537964E-04
200979 -6.063939E-04 -1.813939E-04
200980  6.246115E-04 -1.099721E-04
200981  3.918196E-04  4.984287E-04
200982  5.989950E-04  2.202552E-04
200983 -1.530458E-04 -6.263579E-04
200984  4.959115E-04  3.873768E-04
200985  3.549107E-05  6.272916E-04
200986  4.799640E-04  3.872780E-04
200987 -1.537913E-04 -6.161815E-04
200988  5.800619E-04  2.107418E-04
200989  4.049887E-04  4.942682E-04
200990  6.464592E-04 -1.094160E-04
200991 -6.324202E-04 -1.924982E-04
200992  4.692471E-04 -4.570867E-04
200993  6.492137E-04 -1.528027E-04
200994  2.599147E-04 -6.126752E-04
200995 -6.279916E-04  2.543213E-04
200996  3.993412E-04 -5.744861E-04
200997  6.861265E-04  2.051580E-04
200998  6.524063E-04  1.924518E-04
200999  5.212021E-04 -5.552332E-04
201000 -7.348999E-04  2.257923E-05
201001  6.653542E-04 -4.914165E-06
201002 -3.712968E-04  7.190506E-04
201003 -7.131174E-04 -3.285315E-04
201004 -3.428810E-04 -7.731431E-04
201005 -1.024899E-04 -8.217391E-04
201006 -1.805749E-04 -8.612198E-04
201007 -4.041096E-04 -7.977974E-04
201008 -6.260656E-04 -7.090867E-04
201009 -5.614762E-04  7.409064E-04
201010 -9.248243E-04  2.278789E-04
201011 -4.076112E-04 -8.998128E-04
201012  9.533318E-04  3.450931E-04
201013 -7.298374E-04 -7.635973E-04
201014 -1.012854E-03  3.813906E-04
201015 -1.051947E-03 -3.629513E-04
201016  1.139194E-03  2.075712E-05
201017  6.177783E-04 -9.808910E-04
201018  9.402492E-04  7.246177E-04
201019  6.229328E-04 -1.024849E-03
201020  1.118561E-03  4.796503E-04
201021  4.141811E-04 -1.142134E-03
201022  1.119122E-03  4.738376E-04
201023  6.324790E-04 -1.020545E-03
201024  9.431799E-04  7.241990E-04
201025  6.124010E-04 -9.842019E-04
201026  1.131192E-03  1.953519E-05
201027 -1.057242E-03 -3.615258E-04
201028 -1.016734E-03  3.727134E-04
201029 -7.249739E-04 -7.483688E-04
201030  9.521983E-04  3.496720E-04
201031 -4.066444E-04 -8.991136E-04
201032 -9.241949E-04  2.311817E-04
201033 -5.661014E-04  7.335490E-04
201034 -3.917368E-04  8.092791E-04
201035 -4.052841E-04  7.628516E-04
201036 -4.392619E-04  7.172515E-04
201037 -3.700142E-04  7.330665E-04
201038 -5.909315E-05  7.928486E-04
201039  5.551348E-04  5.353208E-04
201040  5.702333E-04 -5.058282E-04
201041 -7.321971E-04 -1.265545E-04
201042  7.051633E-04  1.613266E-04
201043 -5.424095E-04  4.471297E-04
201044 -6.257514E-04 -2.971786E-04
201045 -6.131469E-04 -2.942402E-04
201046 -4.708029E-04  4.653877E-04
201047  6.506749E-04 -1.176859E-04
201048 -3.808217E-04  5.347808E-04
201049 -6.417458E-04 -2.795365E-06
201050 -5.461984E-04  3.186887E-04
201051  5.449969E-04  3.529543E-04
201052 -6.225937E-04 -6.994693E-05
201053 -2.314648E-04 -5.837578E-04
201054 -4.717335E-04 -3.883868E-04
201055 -7.350546E-05  6.096943E-04
201056 -3.098072E-04 -5.391931E-04
201057  1.721997E-04 -5.986442E-04
201058 -3.181897E-04 -5.462488E-04
201059 -7.107388E-05  6.060927E-04
201060 -4.737319E-04 -4.020143E-04
201061 -2.111876E-04 -5.815826E-04
201062 -6.165438E-04 -6.643019E-05
201063  5.203406E-04  3.379986E-04
201064 -5.464783E-04  3.225889E-04
201065 -6.399707E-04 -1.005377E-06
201066 -3.899137E-04  5.253366E-04
201067  6.581499E-04 -1.064585E-04
201068 -4.710255E-04  4.575308E-04
201069 -6.049485E-04 -2.919287E-04
201070 -6.409535E-04 -3.087893E-04
201071 -5.196157E-04  4.439085E-04
201072  7.319514E-04  2.016115E-04
201073 -7.189944E-04 -1.073314E-04
201074  6.161859E-04 -4.573944E-04
201075  5.582069E-04  5.182303E-04
201076 -7.634025E-05  7.972405E-04
201077 -3.685938E-04  7.450383E-04
201078 -4.421271E-04  7.108961E-04
201079 -4.064916E-04  7.780572E-04
201080 -3.965612E-04  7.954448E-04
201081  1.575380E-04  8.879359E-04
201082 -7.609138E-04  5.026885E-04
201083 -2.459189E-04 -9.184536E-04
201084  4.792414E-04  8.430870E-04
201085  4.669096E-04 -8.897143E-04
201086 -1.157804E-04 -1.007151E-03
201087  9.473337E-04 -4.692713E-04
201088 -1.035569E-03  2.953620E-04
201089 -7.257113E-04  8.273567E-04
201090 -3.906977E-04 -1.049432E-03
201091 -1.111437E-03  2.012063E-04
201092 -1.546371E-04 -1.128822E-03
201093 -1.128058E-03  1.514742E-04
201094 -1.516719E-04 -1.131191E-03
201095 -1.104028E-03  2.104469E-04
201096 -3.871272E-04 -1.047011E-03
201097 -7.316714E-04  8.208005E-04
201098 -1.040051E-03  2.894920E-04
201099  9.447572E-04 -4.667624E-04
201100 -1.184314E-04 -1.016702E-03
201101  4.654981E-04 -8.770406E-04
201102  4.703020E-04  8.430683E-04
201103 -2.447437E-04 -9.198688E-04
201104 -7.634603E-04  5.093692E-04
201105  1.534520E-04  8.806079E-04
201106  6.354275E-04  5.896883E-04
201107  7.806547E-04  2.919443E-04
201108  8.152114E-04  4.032216E-05
201109  7.439668E-04 -2.786525E-04
201110  3.744596E-04 -6.741814E-04
201111 -4.536447E-04 -6.051517E-04
201112 -5.063570E-04  5.211660E-04
201113  7.099844E-04 -7.182448E-05
201114 -6.814064E-04  1.769233E-04
201115  1.590818E-04 -6.790829E-04
201116  6.383259E-04 -2.142479E-04
201117  5.982271E-04 -2.867781E-04
201118 -1.416142E-04 -6.473919E-04
201119 -1.845388E-04  6.213558E-04
201120 -3.328399E-04 -5.390159E-04
201121  2.100990E-04 -5.984470E-04
201122 -1.398203E-04 -6.099455E-04
201123 -4.375065E-04  4.301320E-04
201124  1.970311E-04 -5.758037E-04
201125  5.869348E-04 -1.106520E-04
201126  4.617288E-04 -3.854249E-04
201127 -5.853403E-04 -1.566262E-04
201128  5.630896E-04 -2.449918E-04
201129  5.458604E-04  2.412937E-04
201130  5.637003E-04 -2.503136E-04
201131 -5.746725E-04 -1.629628E-04
201132  4.681684E-04 -3.926706E-04
201133  6.032423E-04 -1.019552E-04
201134  1.924400E-04 -5.773314E-04
201135 -4.530041E-04  4.167696E-04
201136 -1.410598E-04 -6.001209E-04
201137  2.086413E-04 -5.928850E-04
201138 -3.383587E-04 -5.506367E-04
201139 -1.787592E-04  6.344191E-04
201140 -1.388350E-04 -6.557019E-04
201141  6.037444E-04 -2.884556E-04
201142  6.332168E-04 -2.165291E-04
201143  1.679838E-04 -6.902629E-04
201144 -6.649554E-04  2.085117E-04
201145  7.426912E-04 -3.508223E-05
201146 -4.814148E-04  5.589956E-04
201147 -4.572019E-04 -6.275585E-04
201148  3.581691E-04 -6.646614E-04
201149  7.472824E-04 -2.750712E-04
201150  8.125156E-04  3.699387E-05
201151  7.746039E-04  3.041878E-04
201152  6.310625E-04  5.753710E-04
201153  3.698882E-04  7.875442E-04
201154 -8.566566E-04  1.793482E-04
201155  6.309348E-04 -6.526179E-04
201156 -8.705031E-04  3.345319E-04
201157  2.334544E-04  9.262116E-04
201158  1.684196E-04  9.820835E-04
201159 -9.880653E-04 -1.299006E-04
201160  6.242298E-04  8.227540E-04
201161  6.706222E-04  8.083402E-04
201162 -1.024792E-03 -2.547652E-04
201163 -7.291887E-04  7.795921E-04
201164 -5.805466E-04 -9.084487E-04
201165 -9.425474E-04  5.088490E-04
201166 -5.788070E-04 -9.076337E-04
201167 -7.269873E-04  7.896617E-04
201168 -1.022744E-03 -2.511853E-04
201169  6.664913E-04  8.004545E-04
201170  6.248689E-04  8.169040E-04
201171 -9.908515E-04 -1.255722E-04
201172  1.683607E-04  9.727666E-04
201173  2.301657E-04  9.336919E-04
201174 -8.806421E-04  3.275624E-04
201175  6.341547E-04 -6.530682E-04
201176 -8.630884E-04  1.842747E-04
201177  3.664765E-04  7.804405E-04
201178  8.256139E-04 -1.034876E-04
201179  3.692564E-04 -7.204832E-04
201180 -2.802282E-04 -7.424526E-04
201181 -7.344157E-04 -2.147588E-04
201182 -4.740550E-04  5.825514E-04
201183  5.591170E-04  4.656808E-04
201184  1.049600E-04 -7.143607E-04
201185 -3.234581E-04  6.242120E-04
201186  7.511179E-06 -6.820034E-04
201187  6.580465E-04  1.315402E-04
201188  3.813267E-04  5.409725E-04
201189  5.374157E-04  3.684669E-04
201190  3.698486E-04 -5.293069E-04
201191 -5.095810E-04  3.729615E-04
201192 -3.610595E-05 -6.195837E-04
201193  3.887555E-04 -4.812959E-04
201194  3.636102E-06 -6.141184E-04
201195 -4.766861E-04  3.624120E-04
201196  2.087173E-04 -5.543228E-04
201197  5.744914E-04 -1.292492E-04
201198  4.186667E-04 -4.163026E-04
201199 -5.891451E-04 -8.427843E-05
201200  5.079814E-04 -3.158784E-04
201201  5.591503E-04  1.493587E-04
201202  5.112039E-04 -3.157426E-04
201203 -5.747808E-04 -8.436039E-05
201204  4.243890E-04 -4.171709E-04
201205  5.837851E-04 -1.182011E-04
201206  2.028768E-04 -5.624189E-04
201207 -4.852737E-04  3.530242E-04
201208 -2.055253E-06 -6.042418E-04
201209  3.857076E-04 -4.762149E-04
201210 -3.720804E-05 -6.286501E-04
201211 -5.083144E-04  3.843028E-04
201212  3.770049E-04 -5.337373E-04
201213  5.426993E-04  3.657609E-04
201214  3.782650E-04  5.442395E-04
201215  6.661482E-04  1.170502E-04
201216  1.151782E-05 -6.610506E-04
201217 -3.065665E-04  6.663670E-04
201218  1.131880E-04 -6.903009E-04
201219  5.608706E-04  4.430338E-04
201220 -4.906420E-04  5.916484E-04
201221 -7.254797E-04 -2.138799E-04
201222 -2.831901E-04 -7.439395E-04
201223  3.626237E-04 -7.129368E-04
201224  8.239575E-04 -1.180024E-04
