Mesh2HRTF 1.0.0-dev
    1
    1  1225
200000 -1.390639E-03 -1.049334E-03
200001  5.001982E-04  1.366100E-03
200002  4.808835E-04  1.373020E-03
200003  4.225829E-04  1.392222E-03
200004  3.244419E-04  1.419035E-03
200005  1.857327E-04  1.445724E-03
200006  6.841349E-06  1.461690E-03
200007 -2.094883E-04  1.453985E-03
200008 -4.568391E-04  1.408299E-03
200009 -7.240079E-04  1.310523E-03
200010 -9.944384E-04  1.148889E-03
200011 -1.246556E-03  9.164784E-04
200012 -1.455266E-03  6.137113E-04
200013 -1.594681E-03  2.502414E-04
200014 -1.641815E-03 -1.543493E-04
200015 -1.580663E-03 -5.715504E-04
200016 -1.405830E-03 -9.667875E-04
200017 -1.124788E-03 -1.303870E-03
200018 -7.580606E-04 -1.550279E-03
200019 -3.370616E-04 -1.682243E-03
200020  1.001292E-04 -1.688493E-03
200021  5.142226E-04 -1.571859E-03
200022  8.702825E-04 -1.348405E-03
200023  1.142265E-03 -1.044350E-03
200024  1.315708E-03 -6.915698E-04
200025  1.388258E-03 -3.226804E-04
200026  1.368213E-03  3.328969E-05
200027  1.271706E-03  3.539539E-04
200028  1.119281E-03  6.250344E-04
200029  9.326075E-04  8.403311E-04
200030  7.318628E-04  1.000552E-03
200031  5.340460E-04  1.111492E-03
200032  3.522339E-04  1.182016E-03
200033  1.956134E-04  1.222206E-03
200034  7.003790E-05  1.241865E-03
200035 -2.115977E-05  1.249441E-03
200036 -7.632405E-05  1.251338E-03
200037 -9.477052E-05  1.251523E-03
200038 -7.632429E-05  1.251336E-03
200039 -2.116024E-05  1.249437E-03
200040  7.003721E-05  1.241860E-03
200041  1.956125E-04  1.222200E-03
200042  3.522328E-04  1.182008E-03
200043  5.340447E-04  1.111483E-03
200044  7.318612E-04  1.000542E-03
200045  9.326058E-04  8.403194E-04
200046  1.119279E-03  6.250215E-04
200047  1.271704E-03  3.539399E-04
200048  1.368210E-03  3.327470E-05
200049  1.388255E-03 -3.226963E-04
200050  1.315706E-03 -6.915865E-04
200051  1.142262E-03 -1.044368E-03
200052  8.702796E-04 -1.348423E-03
200053  5.142196E-04 -1.571877E-03
200054  1.001261E-04 -1.688511E-03
200055 -3.370648E-04 -1.682262E-03
200056 -7.580638E-04 -1.550297E-03
200057 -1.124791E-03 -1.303888E-03
200058 -1.405834E-03 -9.668055E-04
200059 -1.580667E-03 -5.715679E-04
200060 -1.641818E-03 -1.543661E-04
200061 -1.594684E-03  2.502253E-04
200062 -1.455269E-03  6.136961E-04
200063 -1.246558E-03  9.164642E-04
200064 -9.944412E-04  1.148876E-03
200065 -7.240104E-04  1.310511E-03
200066 -4.568414E-04  1.408288E-03
200067 -2.094903E-04  1.453976E-03
200068  6.839561E-06  1.461682E-03
200069  1.857313E-04  1.445718E-03
200070  3.244408E-04  1.419031E-03
200071  4.225821E-04  1.392219E-03
200072  4.808831E-04  1.373019E-03
200073  1.467751E-03  4.982987E-04
200074  1.452912E-03  5.367859E-04
200075  1.402605E-03  6.493831E-04
200076  1.300453E-03  8.261447E-04
200077  1.122860E-03  1.046438E-03
200078  8.456663E-04  1.274617E-03
200079  4.547374E-04  1.457723E-03
200080 -4.046221E-05  1.528906E-03
200081 -5.940084E-04  1.420014E-03
200082 -1.118149E-03  1.084163E-03
200083 -1.493363E-03  5.236783E-04
200084 -1.598461E-03 -1.877806E-04
200085 -1.356508E-03 -9.038847E-04
200086 -7.806061E-04 -1.436275E-03
200087  4.067986E-06 -1.615130E-03
200088  7.816615E-04 -1.359513E-03
200089  1.312134E-03 -7.250313E-04
200090  1.419923E-03  9.963359E-05
200091  1.065376E-03  8.535262E-04
200092  3.636450E-04  1.298183E-03
200093 -4.594891E-04  1.303984E-03
200094 -1.153867E-03  8.896831E-04
200095 -1.532942E-03  2.013362E-04
200096 -1.526445E-03 -5.533271E-04
200097 -1.182253E-03 -1.181252E-03
200098 -6.271508E-04 -1.559224E-03
200099 -1.120968E-05 -1.652392E-03
200100  5.397056E-04 -1.499764E-03
200101  9.495220E-04 -1.181985E-03
200102  1.194740E-03 -7.880866E-04
200103  1.291986E-03 -3.920702E-04
200104  1.280080E-03 -4.254116E-05
200105  1.204049E-03  2.370002E-04
200106  1.104552E-03  4.418217E-04
200107  1.012908E-03  5.778272E-04
200108  9.501371E-04  6.543312E-04
200109  9.279704E-04  6.788872E-04
200110  9.501366E-04  6.543289E-04
200111  1.012907E-03  5.778226E-04
200112  1.104551E-03  4.418148E-04
200113  1.204047E-03  2.369911E-04
200114  1.280077E-03 -4.255246E-05
200115  1.291983E-03 -3.920836E-04
200116  1.194737E-03 -7.881020E-04
200117  9.495184E-04 -1.182003E-03
200118  5.397016E-04 -1.499783E-03
200119 -1.121404E-05 -1.652412E-03
200120 -6.271555E-04 -1.559246E-03
200121 -1.182258E-03 -1.181276E-03
200122 -1.526451E-03 -5.533524E-04
200123 -1.532947E-03  2.013097E-04
200124 -1.153873E-03  8.896555E-04
200125 -4.594953E-04  1.303955E-03
200126  3.636386E-04  1.298154E-03
200127  1.065369E-03  8.534967E-04
200128  1.419916E-03  9.960400E-05
200129  1.312127E-03 -7.250607E-04
200130  7.816542E-04 -1.359542E-03
200131  4.060492E-06 -1.615158E-03
200132 -7.806137E-04 -1.436302E-03
200133 -1.356515E-03 -9.039101E-04
200134 -1.598469E-03 -1.878043E-04
200135 -1.493370E-03  5.236565E-04
200136 -1.118156E-03  1.084143E-03
200137 -5.940149E-04  1.419996E-03
200138 -4.046816E-05  1.528891E-03
200139  4.547321E-04  1.457710E-03
200140  8.456617E-04  1.274606E-03
200141  1.122856E-03  1.046429E-03
200142  1.300451E-03  8.261383E-04
200143  1.402603E-03  6.493789E-04
200144  1.452911E-03  5.367838E-04
200145  5.679472E-04  1.490373E-03
200146  5.105262E-04  1.510605E-03
200147  3.348389E-04  1.557722E-03
200148  3.595161E-05  1.590537E-03
200149 -3.769832E-04  1.541722E-03
200150 -8.578599E-04  1.328852E-03
200151 -1.303220E-03  8.839100E-04
200152 -1.553317E-03  2.030016E-04
200153 -1.436940E-03 -6.007117E-04
200154 -8.661167E-04 -1.281706E-03
200155  5.487982E-05 -1.532146E-03
200156  9.887461E-04 -1.146821E-03
200157  1.476461E-03 -2.084236E-04
200158  1.197535E-03  8.537412E-04
200159  2.323177E-04  1.446109E-03
200160 -8.951881E-04  1.179390E-03
200161 -1.501203E-03  1.750657E-04
200162 -1.197636E-03 -9.577899E-04
200163 -1.792800E-04 -1.510603E-03
200164  8.991587E-04 -1.155636E-03
200165  1.371965E-03 -1.526315E-04
200166  9.920351E-04  8.612628E-04
200167  3.603209E-05  1.308527E-03
200168 -9.388328E-04  1.002040E-03
200169 -1.458180E-03  1.740913E-04
200170 -1.358332E-03 -7.408277E-04
200171 -7.828925E-04 -1.370573E-03
200172 -2.529124E-05 -1.554056E-03
200173  6.439861E-04 -1.337711E-03
200174  1.073776E-03 -8.816504E-04
200175  1.239834E-03 -3.577706E-04
200176  1.200617E-03  1.118461E-04
200177  1.044293E-03  4.699865E-04
200178  8.519143E-04  7.100298E-04
200179  6.817232E-04  8.523645E-04
200180  5.684533E-04  9.239803E-04
200181  5.290622E-04  9.453657E-04
200182  5.684526E-04  9.239782E-04
200183  6.817216E-04  8.523604E-04
200184  8.519120E-04  7.100238E-04
200185  1.044290E-03  4.699786E-04
200186  1.200613E-03  1.118366E-04
200187  1.239830E-03 -3.577817E-04
200188  1.073771E-03 -8.816630E-04
200189  6.439805E-04 -1.337725E-03
200190 -2.529740E-05 -1.554072E-03
200191 -7.828991E-04 -1.370589E-03
200192 -1.358340E-03 -7.408458E-04
200193 -1.458187E-03  1.740718E-04
200194 -9.388406E-04  1.002019E-03
200195  3.602391E-05  1.308504E-03
200196  9.920266E-04  8.612384E-04
200197  1.371956E-03 -1.526575E-04
200198  8.991494E-04 -1.155664E-03
200199 -1.792899E-04 -1.510631E-03
200200 -1.197647E-03 -9.578193E-04
200201 -1.501214E-03  1.750360E-04
200202 -8.951995E-04  1.179361E-03
200203  2.323059E-04  1.446080E-03
200204  1.197523E-03  8.537142E-04
200205  1.476449E-03 -2.084486E-04
200206  9.887339E-04 -1.146844E-03
200207  5.486797E-05 -1.532165E-03
200208 -8.661280E-04 -1.281723E-03
200209 -1.436950E-03 -6.007257E-04
200210 -1.553326E-03  2.029904E-04
200211 -1.303228E-03  8.839013E-04
200212 -8.578670E-04  1.328845E-03
200213 -3.769889E-04  1.541717E-03
200214  3.594728E-05  1.590534E-03
200215  3.348360E-04  1.557720E-03
200216  5.105247E-04  1.510604E-03
200217 -1.268961E-03 -8.263795E-04
200218 -1.223855E-03 -8.886389E-04
200219 -1.071483E-03 -1.060194E-03
200220 -7.694753E-04 -1.288340E-03
200221 -2.798261E-04 -1.468750E-03
200222  3.772994E-04 -1.446093E-03
200223  1.060881E-03 -1.062196E-03
200224  1.489913E-03 -2.708197E-04
200225  1.344680E-03  7.240719E-04
200226  5.119036E-04  1.441665E-03
200227 -6.663940E-04  1.360257E-03
200228 -1.435842E-03  3.756334E-04
200229 -1.143005E-03 -8.944570E-04
200230  8.869062E-05 -1.428225E-03
200231  1.244945E-03 -6.950802E-04
200232  1.247362E-03  6.928880E-04
200233  5.283866E-05  1.425512E-03
200234 -1.194628E-03  7.772285E-04
200235 -1.281557E-03 -6.153817E-04
200236 -1.583151E-04 -1.395210E-03
200237  1.057766E-03 -8.609814E-04
200238  1.249742E-03  4.123940E-04
200239  3.273401E-04  1.255851E-03
200240 -8.577761E-04  1.017884E-03
200241 -1.392177E-03 -6.219933E-06
200242 -1.006359E-03 -1.020504E-03
200243 -8.625157E-05 -1.419245E-03
200244  7.764400E-04 -1.112864E-03
200245  1.198462E-03 -3.996347E-04
200246  1.126539E-03  3.403279E-04
200247  7.256063E-04  8.611664E-04
200248  2.104412E-04  1.099059E-03
200249 -2.618399E-04  1.113082E-03
200250 -6.184888E-04  1.005389E-03
200251 -8.495047E-04  8.681982E-04
200252 -9.737567E-04  7.639800E-04
200253 -1.012331E-03  7.258910E-04
200254 -9.737575E-04  7.639790E-04
200255 -8.495062E-04  8.681962E-04
200256 -6.184910E-04  1.005386E-03
200257 -2.618429E-04  1.113079E-03
200258  2.104374E-04  1.099055E-03
200259  7.256017E-04  8.611626E-04
200260  1.126533E-03  3.403242E-04
200261  1.198456E-03 -3.996381E-04
200262  7.764332E-04 -1.112867E-03
200263 -8.625900E-05 -1.419248E-03
200264 -1.006367E-03 -1.020507E-03
200265 -1.392185E-03 -6.223912E-06
200266 -8.577850E-04  1.017878E-03
200267  3.273309E-04  1.255844E-03
200268  1.249732E-03  4.123848E-04
200269  1.057756E-03 -8.609933E-04
200270 -1.583257E-04 -1.395224E-03
200271 -1.281569E-03 -6.153990E-04
200272 -1.194640E-03  7.772090E-04
200273  5.282555E-05  1.425491E-03
200274  1.247348E-03  6.928665E-04
200275  1.244930E-03 -6.951011E-04
200276  8.867519E-05 -1.428244E-03
200277 -1.143021E-03 -8.944735E-04
200278 -1.435858E-03  3.756202E-04
200279 -6.664087E-04  1.360248E-03
200280  5.118900E-04  1.441659E-03
200281  1.344668E-03  7.240699E-04
200282  1.489903E-03 -2.708187E-04
200283  1.060872E-03 -1.062193E-03
200284  3.772927E-04 -1.446089E-03
200285 -2.798312E-04 -1.468745E-03
200286 -7.694789E-04 -1.288336E-03
200287 -1.071485E-03 -1.060190E-03
200288 -1.223856E-03 -8.886371E-04
200289  5.710575E-05  1.528872E-03
200290 -3.160279E-05  1.528202E-03
200291 -2.941118E-04  1.494947E-03
200292 -7.018917E-04  1.340642E-03
200293 -1.156084E-03  9.483975E-04
200294 -1.447555E-03  2.523867E-04
200295 -1.294091E-03 -6.318496E-04
200296 -5.283653E-04 -1.316803E-03
200297  6.143929E-04 -1.278710E-03
200298  1.404934E-03 -3.171094E-04
200299  1.089201E-03  9.761912E-04
200300 -2.357849E-04  1.436416E-03
200301 -1.329705E-03  4.707713E-04
200302 -9.422790E-04 -9.794633E-04
200303  5.674479E-04 -1.221619E-03
200304  1.370009E-03  9.852726E-05
200305  4.188616E-04  1.324700E-03
200306 -1.059279E-03  8.587070E-04
200307 -1.133848E-03 -6.744109E-04
200308  2.472149E-04 -1.271432E-03
200309  1.274909E-03 -2.282465E-04
200310  7.180446E-04  1.081373E-03
200311 -6.624978E-04  1.115632E-03
200312 -1.297827E-03 -5.113617E-05
200313 -6.408267E-04 -1.124890E-03
200314  5.347157E-04 -1.151144E-03
200315  1.190899E-03 -2.809812E-04
200316  9.539404E-04  6.975349E-04
200317  1.542119E-04  1.161128E-03
200318 -6.659757E-04  9.960079E-04
200319 -1.161930E-03  4.469168E-04
200320 -1.277828E-03 -1.769170E-04
200321 -1.133157E-03 -6.795514E-04
200322 -8.842152E-04 -1.003154E-03
200323 -6.482739E-04 -1.175324E-03
200324 -4.895401E-04 -1.249855E-03
200325 -4.344735E-04 -1.269506E-03
200326 -4.895403E-04 -1.249855E-03
200327 -6.482743E-04 -1.175323E-03
200328 -8.842158E-04 -1.003153E-03
200329 -1.133158E-03 -6.795493E-04
200330 -1.277829E-03 -1.769135E-04
200331 -1.161932E-03  4.469221E-04
200332 -6.659779E-04  9.960153E-04
200333  1.542089E-04  1.161138E-03
200334  9.539366E-04  6.975472E-04
200335  1.190894E-03 -2.809667E-04
200336  5.347103E-04 -1.151128E-03
200337 -6.408328E-04 -1.124873E-03
200338 -1.297834E-03 -5.111932E-05
200339 -6.625048E-04  1.115648E-03
200340  7.180372E-04  1.081386E-03
200341  1.274901E-03 -2.282379E-04
200342  2.472062E-04 -1.271428E-03
200343 -1.133857E-03 -6.744118E-04
200344 -1.059290E-03  8.587017E-04
200345  4.188490E-04  1.324692E-03
200346  1.369995E-03  9.851692E-05
200347  5.674323E-04 -1.221630E-03
200348 -9.422953E-04 -9.794717E-04
200349 -1.329721E-03  4.707663E-04
200350 -2.358007E-04  1.436416E-03
200351  1.089187E-03  9.761961E-04
200352  1.404922E-03 -3.170996E-04
200353  6.143839E-04 -1.278696E-03
200354 -5.283714E-04 -1.316786E-03
200355 -1.294094E-03 -6.318310E-04
200356 -1.447556E-03  2.524052E-04
200357 -1.156083E-03  9.484144E-04
200358 -7.018904E-04  1.340656E-03
200359 -2.941104E-04  1.494957E-03
200360 -3.160196E-05  1.528207E-03
200361  1.082967E-03  9.596051E-04
200362  1.016857E-03  1.029375E-03
200363  7.937473E-04  1.209175E-03
200364  3.615273E-04  1.397870E-03
200365 -2.864579E-04  1.407592E-03
200366 -9.970515E-04  1.012391E-03
200367 -1.390509E-03  1.315340E-04
200368 -1.026292E-03 -9.084253E-04
200369  1.142376E-04 -1.352675E-03
200370  1.221464E-03 -6.156286E-04
200371  1.133196E-03  8.002598E-04
200372 -2.469824E-04  1.358655E-03
200373 -1.312142E-03  2.424567E-04
200374 -5.680016E-04 -1.156122E-03
200375  1.008878E-03 -8.133223E-04
200376  1.053145E-03  8.154389E-04
200377 -5.298423E-04  1.209745E-03
200378 -1.231563E-03 -2.532178E-04
200379  4.714463E-05 -1.221291E-03
200380  1.236801E-03 -1.892387E-04
200381  5.133385E-04  1.168717E-03
200382 -9.420092E-04  8.192219E-04
200383 -1.025411E-03 -6.232416E-04
200384  2.473391E-04 -1.155536E-03
200385  1.168640E-03 -2.300729E-04
200386  7.547812E-04  9.297894E-04
200387 -3.843131E-04  1.129439E-03
200388 -1.132513E-03  3.590975E-04
200389 -1.016564E-03 -6.130550E-04
200390 -3.192409E-04 -1.139365E-03
200391  4.414274E-04 -1.083583E-03
200392  9.376090E-04 -6.637425E-04
200393  1.114652E-03 -1.574707E-04
200394  1.075349E-03  2.617375E-04
200395  9.523049E-04  5.389902E-04
200396  8.437405E-04  6.865145E-04
200397  8.023004E-04  7.316341E-04
200398  8.437413E-04  6.865158E-04
200399  9.523067E-04  5.389929E-04
200400  1.075352E-03  2.617420E-04
200401  1.114656E-03 -1.574641E-04
200402  9.376135E-04 -6.637331E-04
200403  4.414325E-04 -1.083571E-03
200404 -3.192357E-04 -1.139348E-03
200405 -1.016559E-03 -6.130343E-04
200406 -1.132509E-03  3.591228E-04
200407 -3.843101E-04  1.129469E-03
200408  7.547829E-04  9.298229E-04
200409  1.168641E-03 -2.300366E-04
200410  2.473388E-04 -1.155498E-03
200411 -1.025412E-03 -6.232051E-04
200412 -9.420108E-04  8.192555E-04
200413  5.133362E-04  1.168746E-03
200414  1.236798E-03 -1.892168E-04
200415  4.713973E-05 -1.221276E-03
200416 -1.231570E-03 -2.532101E-04
200417 -5.298518E-04  1.209747E-03
200418  1.053134E-03  8.154377E-04
200419  1.008864E-03 -8.133240E-04
200420 -5.680166E-04 -1.156121E-03
200421 -1.312157E-03  2.424617E-04
200422 -2.469955E-04  1.358666E-03
200423  1.133187E-03  8.002778E-04
200424  1.221459E-03 -6.156044E-04
200425  1.142369E-04 -1.352646E-03
200426 -1.026288E-03 -9.083936E-04
200427 -1.390501E-03  1.315661E-04
200428 -9.970408E-04  1.012422E-03
200429 -2.864463E-04  1.407618E-03
200430  3.615379E-04  1.397891E-03
200431  7.937555E-04  1.209189E-03
200432  1.016861E-03  1.029382E-03
200433  6.638256E-04  1.185073E-03
200434  5.750471E-04  1.229974E-03
200435  2.938290E-04  1.323824E-03
200436 -1.935099E-04  1.339062E-03
200437 -8.096548E-04  1.077625E-03
200438 -1.283129E-03  3.851749E-04
200439 -1.182712E-03 -6.040166E-04
200440 -2.763530E-04 -1.286408E-03
200441  9.285128E-04 -9.228705E-04
200442  1.246109E-03  4.039676E-04
200443  1.071023E-04  1.301615E-03
200444 -1.180885E-03  4.986800E-04
200445 -7.366836E-04 -1.009320E-03
200446  8.739801E-04 -8.876165E-04
200447  1.019864E-03  7.487693E-04
200448 -5.946785E-04  1.101231E-03
200449 -1.101594E-03 -4.702259E-04
200450  4.159217E-04 -1.103655E-03
200451  1.166898E-03  3.405398E-04
200452 -1.757999E-04  1.206368E-03
200453 -1.160243E-03 -1.905018E-06
200454 -1.328708E-04 -1.113236E-03
200455  1.100967E-03 -3.321630E-04
200456  6.426618E-04  9.899130E-04
200457 -6.885864E-04  9.305189E-04
200458 -1.076211E-03 -2.668605E-04
200459 -2.134476E-04 -1.063612E-03
200460  8.153593E-04 -7.295382E-04
200461  1.088989E-03  2.165601E-04
200462  5.882174E-04  9.472437E-04
200463 -1.807958E-04  1.094081E-03
200464 -7.766424E-04  7.789666E-04
200465 -1.053304E-03  2.933754E-04
200466 -1.080322E-03 -1.444623E-04
200467 -9.923844E-04 -4.470932E-04
200468 -8.991628E-04 -6.123278E-04
200469 -8.618735E-04 -6.635215E-04
200470 -8.991606E-04 -6.123258E-04
200471 -9.923800E-04 -4.470890E-04
200472 -1.080315E-03 -1.444556E-04
200473 -1.053294E-03  2.933849E-04
200474 -7.766301E-04  7.789794E-04
200475 -1.807814E-04  1.094097E-03
200476  5.882332E-04  9.472647E-04
200477  1.089005E-03  2.165861E-04
200478  8.153750E-04 -7.295065E-04
200479 -2.134333E-04 -1.063575E-03
200480 -1.076199E-03 -2.668173E-04
200481 -6.885757E-04  9.305668E-04
200482  6.426710E-04  9.899638E-04
200483  1.100975E-03 -3.321120E-04
200484 -1.328638E-04 -1.113187E-03
200485 -1.160237E-03 -1.862467E-06
200486 -1.757954E-04  1.206402E-03
200487  1.166900E-03  3.405646E-04
200488  4.159207E-04 -1.103639E-03
200489 -1.101598E-03 -4.702181E-04
200490 -5.946868E-04  1.101234E-03
200491  1.019853E-03  7.487713E-04
200492  8.739675E-04 -8.876118E-04
200493 -7.366954E-04 -1.009309E-03
200494 -1.180893E-03  4.986984E-04
200495  1.070990E-04  1.301641E-03
200496  1.246112E-03  4.040016E-04
200497  9.285240E-04 -9.228316E-04
200498 -2.763348E-04 -1.286367E-03
200499 -1.182689E-03 -6.039768E-04
200500 -1.283102E-03  3.852110E-04
200501 -8.096285E-04  1.077655E-03
200502 -1.934869E-04  1.339085E-03
200503  2.938461E-04  1.323840E-03
200504  5.750561E-04  1.229982E-03
200505 -9.121696E-04  8.971783E-04
200506 -9.794601E-04  8.236097E-04
200507 -1.143675E-03  5.760536E-04
200508 -1.277318E-03  1.061594E-04
200509 -1.156187E-03 -5.534325E-04
200510 -5.618625E-04 -1.147780E-03
200511  4.331755E-04 -1.190916E-03
200512  1.199940E-03 -3.541025E-04
200513  8.866281E-04  8.617864E-04
200514 -4.398996E-04  1.147289E-03
200515 -1.221377E-03 -6.295271E-05
200516 -2.184261E-04 -1.192147E-03
200517  1.132421E-03 -3.996714E-04
200518  5.106538E-04  1.078853E-03
200519 -1.030861E-03  5.674825E-04
200520 -5.705492E-04 -1.001909E-03
200521  1.008786E-03 -5.561011E-04
200522  5.638980E-04  1.014415E-03
200523 -9.808598E-04  5.671413E-04
200524 -5.418062E-04 -9.499665E-04
200525  9.544546E-04 -5.549038E-04
200526  6.565787E-04  9.194994E-04
200527 -7.850425E-04  7.750512E-04
200528 -8.537536E-04 -6.113757E-04
200529  4.242118E-04 -9.534219E-04
200530  1.072719E-03  1.151538E-04
200531  3.532213E-04  1.036498E-03
200532 -7.036004E-04  8.058077E-04
200533 -1.020706E-03 -1.300212E-04
200534 -5.173971E-04 -8.609920E-04
200535  2.552739E-04 -9.713312E-04
200536  8.159793E-04 -6.070169E-04
200537  1.025751E-03 -9.521687E-05
200538  9.823852E-04  3.369847E-04
200539  8.410069E-04  6.159182E-04
200540  7.171369E-04  7.582367E-04
200541  6.701705E-04  8.003345E-04
200542  7.171399E-04  7.582393E-04
200543  8.410134E-04  6.159234E-04
200544  9.823956E-04  3.369927E-04
200545  1.025766E-03 -9.520604E-05
200546  8.159991E-04 -6.070031E-04
200547  2.552980E-04 -9.713140E-04
200548 -5.173699E-04 -8.609710E-04
200549 -1.020677E-03 -1.299957E-04
200550 -7.035719E-04  8.058386E-04
200551  3.532482E-04  1.036535E-03
200552  1.072743E-03  1.151977E-04
200553  4.242333E-04 -9.533718E-04
200554 -8.537345E-04 -6.113211E-04
200555 -7.850251E-04  7.751076E-04
200556  6.565947E-04  9.195539E-04
200557  9.544692E-04 -5.548551E-04
200558 -5.417937E-04 -9.499269E-04
200559 -9.808504E-04  5.671699E-04
200560  5.639032E-04  1.014432E-03
200561  1.008786E-03 -5.560931E-04
200562 -5.705541E-04 -1.001907E-03
200563 -1.030870E-03  5.674835E-04
200564  5.106433E-04  1.078858E-03
200565  1.132412E-03 -3.996598E-04
200566 -2.184304E-04 -1.192126E-03
200567 -1.221374E-03 -6.292239E-05
200568 -4.398864E-04  1.147327E-03
200569  8.866518E-04  8.618288E-04
200570  1.199973E-03 -3.540594E-04
200571  4.332153E-04 -1.190875E-03
200572 -5.618197E-04 -1.147745E-03
200573 -1.156146E-03 -5.534051E-04
200574 -1.277282E-03  1.061792E-04
200575 -1.143649E-03  5.760662E-04
200576 -9.794465E-04  8.236157E-04
200577 -3.724344E-04 -1.173242E-03
200578 -2.778769E-04 -1.198339E-03
200579  1.222858E-05 -1.226992E-03
200580  4.798335E-04 -1.121588E-03
200581  9.839240E-04 -6.990775E-04
200582  1.185058E-03  9.963243E-05
200583  6.974712E-04  9.434577E-04
200584 -4.005227E-04  1.097992E-03
200585 -1.167747E-03  1.419792E-04
200586 -5.615087E-04 -1.037356E-03
200587  8.304841E-04 -8.129889E-04
200588  9.232622E-04  6.607784E-04
200589 -5.707083E-04  9.702577E-04
200590 -9.955834E-04 -5.314585E-04
200591  5.234582E-04 -9.887153E-04
200592  9.507373E-04  5.534474E-04
200593 -6.088922E-04  9.016504E-04
200594 -8.455846E-04 -6.668719E-04
200595  7.217195E-04 -7.887678E-04
200596  7.519479E-04  7.589349E-04
200597 -7.567346E-04  7.317774E-04
200598 -7.171328E-04 -7.318980E-04
200599  7.014956E-04 -7.449310E-04
200600  8.434376E-04  6.118380E-04
200601 -4.088995E-04  9.488683E-04
200602 -9.856317E-04 -1.294041E-04
200603 -1.878340E-04 -9.516572E-04
200604  8.034708E-04 -5.680920E-04
200605  9.294763E-04  3.957570E-04
200606  2.794593E-04  9.795760E-04
200607 -4.837085E-04  8.803158E-04
200608 -9.061418E-04  3.723607E-04
200609 -9.412391E-04 -1.737946E-04
200610 -7.567065E-04 -5.621315E-04
200611 -5.290358E-04 -7.716641E-04
200612 -3.641766E-04 -8.590149E-04
200613 -3.057963E-04 -8.808904E-04
200614 -3.641734E-04 -8.590119E-04
200615 -5.290288E-04 -7.716582E-04
200616 -7.566944E-04 -5.621227E-04
200617 -9.412208E-04 -1.737833E-04
200618 -9.061167E-04  3.723743E-04
200619 -4.836770E-04  8.803315E-04
200620  2.794957E-04  9.795938E-04
200621  9.295154E-04  3.957777E-04
200622  8.035101E-04 -5.680671E-04
200623 -1.877966E-04 -9.516268E-04
200624 -9.855977E-04 -1.293668E-04
200625 -4.088692E-04  9.489126E-04
200626  8.434646E-04  6.118883E-04
200627  7.015202E-04 -7.448774E-04
200628 -7.171099E-04 -7.318451E-04
200629 -7.567134E-04  7.318252E-04
200630  7.519668E-04  7.589735E-04
200631  7.217346E-04 -7.887410E-04
200632 -8.455748E-04 -6.668572E-04
200633 -6.088887E-04  9.016548E-04
200634  9.507345E-04  5.534456E-04
200635  5.234505E-04 -9.887182E-04
200636 -9.955931E-04 -5.314573E-04
200637 -5.707161E-04  9.702671E-04
200638  9.232606E-04  6.607982E-04
200639  8.304924E-04 -8.129592E-04
200640 -5.614880E-04 -1.037319E-03
200641 -1.167714E-03  1.420197E-04
200642 -4.004775E-04  1.098032E-03
200643  6.975242E-04  9.434924E-04
200644  1.185114E-03  9.965991E-05
200645  9.839773E-04 -6.990581E-04
200646  4.798787E-04 -1.121576E-03
200647  1.226134E-05 -1.226986E-03
200648 -2.778597E-04 -1.198336E-03
200649  8.318415E-04  7.638597E-04
200650  7.642672E-04  8.296714E-04
200651  5.335374E-04  9.901224E-04
200652  8.948569E-05  1.117923E-03
200653 -5.311066E-04  9.879365E-04
200654 -1.056814E-03  3.927858E-04
200655 -9.960756E-04 -5.450785E-04
200656 -1.005494E-04 -1.129972E-03
200657  9.488601E-04 -5.848232E-04
200658  8.394440E-04  6.891077E-04
200659 -4.917899E-04  9.583890E-04
200660 -1.030858E-03 -3.574658E-04
200661  2.640461E-04 -1.056141E-03
200662  1.027643E-03  2.434876E-04
200663 -3.063467E-04  9.919654E-04
200664 -9.719913E-04 -3.965273E-04
200665  4.754910E-04 -9.289975E-04
200666  8.463872E-04  5.618257E-04
200667 -6.576278E-04  7.619173E-04
200668 -6.975081E-04 -7.276883E-04
200669  7.612077E-04 -6.449397E-04
200670  6.158176E-04  7.710666E-04
200671 -7.491009E-04  6.285068E-04
200672 -6.768797E-04 -6.852937E-04
200673  5.791525E-04 -7.615966E-04
200674  8.811829E-04  3.927664E-04
200675 -7.871241E-05  9.621679E-04
200676 -8.883216E-04  3.237878E-04
200677 -6.983180E-04 -5.992803E-04
200678  9.446195E-05 -9.055809E-04
200679  7.477784E-04 -5.345975E-04
200680  9.307980E-04  8.501828E-05
200681  7.428292E-04  5.862196E-04
200682  4.187301E-04  8.538923E-04
200683  1.295091E-04  9.421328E-04
200684 -5.269386E-05  9.479473E-04
200685 -1.132968E-04  9.418287E-04
200686 -5.269137E-05  9.479505E-04
200687  1.295151E-04  9.421393E-04
200688  4.187415E-04  8.539017E-04
200689  7.428479E-04  5.862313E-04
200690  9.308250E-04  8.503135E-05
200691  7.478134E-04 -5.345839E-04
200692  9.450354E-05 -9.055671E-04
200693 -6.982727E-04 -5.992658E-04
200694 -8.882757E-04  3.238043E-04
200695 -7.866877E-05  9.621885E-04
200696  8.812225E-04  3.927932E-04
200697  5.791876E-04 -7.615625E-04
200698 -6.768486E-04 -6.852527E-04
200699 -7.490727E-04  6.285525E-04
200700  6.158440E-04  7.711129E-04
200701  7.612325E-04 -6.448974E-04
200702 -6.974859E-04 -7.276547E-04
200703 -6.576097E-04  7.619393E-04
200704  8.463994E-04  5.618355E-04
200705  4.754959E-04 -9.289980E-04
200706 -9.719936E-04 -3.965340E-04
200707 -3.063546E-04  9.919580E-04
200708  1.027633E-03  2.434849E-04
200709  2.640383E-04 -1.056135E-03
200710 -1.030858E-03 -3.574490E-04
200711 -4.917793E-04  9.584156E-04
200712  8.394688E-04  6.891410E-04
200713  9.488995E-04 -5.847879E-04
200714 -1.004972E-04 -1.129940E-03
200715 -9.960149E-04 -5.450525E-04
200716 -1.056750E-03  3.928033E-04
200717 -5.310467E-04  9.879458E-04
200718  8.953614E-05  1.117926E-03
200719  5.335737E-04  9.901220E-04
200720  7.642861E-04  8.296705E-04
200721 -8.540894E-04 -6.745462E-04
200722 -7.956158E-04 -7.429167E-04
200723 -5.901045E-04 -9.150105E-04
200724 -1.787351E-04 -1.072981E-03
200725  4.210444E-04 -9.977065E-04
200726  9.630960E-04 -4.695687E-04
200727  9.643825E-04  4.261396E-04
200728  1.426633E-04  1.030627E-03
200729 -8.814107E-04  5.549458E-04
200730 -8.158547E-04 -6.650560E-04
200731  4.511488E-04 -9.450138E-04
200732  9.677431E-04  3.112981E-04
200733 -2.809872E-04  9.583229E-04
200734 -9.661958E-04 -3.098119E-04
200735  3.487065E-04 -9.523834E-04
200736  8.807088E-04  4.237645E-04
200737 -5.498721E-04  7.937889E-04
200738 -7.253584E-04 -6.656141E-04
200739  7.299134E-04 -6.387761E-04
200740  5.215671E-04  7.801511E-04
200741 -8.362567E-04  4.312984E-04
200742 -3.988470E-04 -8.597473E-04
200743  8.403722E-04 -3.989480E-04
200744  4.334233E-04  8.067695E-04
200745 -7.456317E-04  5.307083E-04
200746 -6.736588E-04 -6.110834E-04
200747  3.826078E-04 -8.135075E-04
200748  8.961071E-04  4.513437E-05
200749  3.946167E-04  8.108028E-04
200750 -4.270121E-04  7.921644E-04
200751 -8.621455E-04  2.140159E-04
200752 -7.754798E-04 -4.018022E-04
200753 -4.048674E-04 -7.613252E-04
200754 -9.666130E-06 -8.571508E-04
200755  2.796665E-04 -8.094504E-04
200756  4.404574E-04 -7.353401E-04
200757  4.904102E-04 -7.035711E-04
200758  4.404586E-04 -7.353365E-04
200759  2.796704E-04 -8.094434E-04
200760 -9.657197E-06 -8.571408E-04
200761 -4.048510E-04 -7.613131E-04
200762 -7.754543E-04 -4.017894E-04
200763 -8.621108E-04  2.140279E-04
200764 -4.269699E-04  7.921747E-04
200765  3.946634E-04  8.108115E-04
200766  8.961545E-04  4.514291E-05
200767  3.826527E-04 -8.134966E-04
200768 -6.736184E-04 -6.110674E-04
200769 -7.455964E-04  5.307312E-04
200770  4.334542E-04  8.067998E-04
200771  8.404002E-04 -3.989122E-04
200772 -3.988208E-04 -8.597097E-04
200773 -8.362319E-04  4.313330E-04
200774  5.215896E-04  7.801781E-04
200775  7.299319E-04 -6.387599E-04
200776 -7.253461E-04 -6.656094E-04
200777 -5.498674E-04  7.937839E-04
200778  8.807059E-04  4.237538E-04
200779  3.486977E-04 -9.523943E-04
200780 -9.662070E-04 -3.098178E-04
200781 -2.809960E-04  9.583258E-04
200782  9.677417E-04  3.113114E-04
200783  4.511593E-04 -9.449913E-04
200784 -8.158294E-04 -6.650280E-04
200785 -8.813701E-04  5.549744E-04
200786  1.427171E-04  1.030651E-03
200787  9.644449E-04  4.261563E-04
200788  9.631609E-04 -4.695611E-04
200789  4.211052E-04 -9.977069E-04
200790 -1.786843E-04 -1.072987E-03
200791 -5.900683E-04 -9.150170E-04
200792 -7.955970E-04 -7.429209E-04
200793  6.676145E-04  7.681781E-04
200794  6.005559E-04  8.203956E-04
200795  3.777299E-04  9.408198E-04
200796 -3.328638E-05  1.009243E-03
200797 -5.752755E-04  8.258039E-04
200798 -9.787745E-04  2.328857E-04
200799 -8.113616E-04 -5.997672E-04
200800  6.539613E-05 -1.007045E-03
200801  9.255383E-04 -3.724119E-04
200802  6.304559E-04  7.463238E-04
200803 -6.013201E-04  7.589755E-04
200804 -8.348674E-04 -5.117274E-04
200805  4.541572E-04 -8.648060E-04
200806  8.308487E-04  4.515358E-04
200807 -5.251455E-04  7.715415E-04
200808 -7.232198E-04 -6.204981E-04
200809  6.841147E-04 -6.462853E-04
200810  5.111936E-04  7.454238E-04
200811 -8.285718E-04  3.763199E-04
200812 -2.880552E-04 -8.801391E-04
200813  8.729637E-04 -2.097764E-04
200814  1.285690E-04  8.646417E-04
200815 -8.821405E-04  1.062730E-04
200816 -1.678962E-04 -8.761799E-04
200817  8.259237E-04 -2.723224E-04
200818  4.129814E-04  7.501735E-04
200819 -6.091925E-04  6.086650E-04
200820 -7.974048E-04 -3.279135E-04
200821 -9.199519E-05 -8.472521E-04
200822  6.407436E-04 -5.470145E-04
200823  8.311958E-04  1.270964E-04
200824  5.366395E-04  6.521881E-04
200825  7.681825E-05  8.444763E-04
200826 -3.105139E-04  7.896857E-04
200827 -5.509325E-04  6.434627E-04
200828 -6.668574E-04  5.195671E-04
200829 -6.996014E-04  4.732750E-04
200830 -6.668575E-04  5.195708E-04
200831 -5.509312E-04  6.434700E-04
200832 -3.105084E-04  7.896961E-04
200833  7.683080E-05  8.444887E-04
200834  5.366611E-04  6.522007E-04
200835  8.312270E-04  1.271074E-04
200836  6.407826E-04 -5.470066E-04
200837 -9.195148E-05 -8.472476E-04
200838 -7.973603E-04 -3.279109E-04
200839 -6.091506E-04  6.086682E-04
200840  4.130186E-04  7.501806E-04
200841  8.259556E-04 -2.723091E-04
200842 -1.678687E-04 -8.761594E-04
200843 -8.821158E-04  1.062994E-04
200844  1.285922E-04  8.646706E-04
200845  8.729859E-04 -2.097495E-04
200846 -2.880348E-04 -8.801186E-04
200847 -8.285551E-04  3.763308E-04
200848  5.112045E-04  7.454244E-04
200849  6.841182E-04 -6.462934E-04
200850 -7.232238E-04 -6.205110E-04
200851 -5.251552E-04  7.715287E-04
200852  8.308366E-04  4.515280E-04
200853  4.541473E-04 -8.648055E-04
200854 -8.348701E-04 -5.117173E-04
200855 -6.013114E-04  7.589936E-04
200856  6.304790E-04  7.463464E-04
200857  9.255762E-04 -3.723898E-04
200858  6.544669E-05 -1.007028E-03
200859 -8.113028E-04 -5.997585E-04
200860 -9.787135E-04  2.328855E-04
200861 -5.752187E-04  8.257965E-04
200862 -3.323928E-05  1.009232E-03
200863  3.777632E-04  9.408093E-04
200864  6.005731E-04  8.203893E-04
200865 -3.098231E-04 -9.167344E-04
200866 -2.331969E-04 -9.392033E-04
200867  3.047387E-06 -9.678138E-04
200868  3.860408E-04 -8.872547E-04
200869  7.986666E-04 -5.431675E-04
200870  9.540897E-04  1.120717E-04
200871  5.311159E-04  7.891422E-04
200872 -3.768362E-04  8.629400E-04
200873 -9.389115E-04  2.388116E-05
200874 -3.284187E-04 -8.835082E-04
200875  7.765347E-04 -5.230119E-04
200876  6.085201E-04  6.843684E-04
200877 -6.559233E-04  6.266480E-04
200878 -6.255654E-04 -6.724939E-04
200879  6.915153E-04 -5.910784E-04
200880  4.949887E-04  7.264794E-04
200881 -7.967997E-04  3.764348E-04
200882 -2.793328E-04 -8.525896E-04
200883  8.529520E-04 -1.736513E-04
200884  3.982510E-05  8.441501E-04
200885 -8.627615E-04 -5.960179E-05
200886  8.560597E-05 -8.643862E-04
200887  8.311711E-04  8.392929E-05
200888 -6.770082E-05  8.202145E-04
200889 -8.401537E-04  2.543938E-05
200890 -2.116514E-04 -8.152792E-04
200891  6.986698E-04 -4.320931E-04
200892  6.449654E-04  4.847955E-04
200893 -1.344553E-04  7.984124E-04
200894 -7.393468E-04  3.462050E-04
200895 -7.503116E-04 -3.200758E-04
200896 -3.483148E-04 -7.296934E-04
200897  1.249725E-04 -7.907390E-04
200898  4.701027E-04 -6.413346E-04
200899  6.564736E-04 -4.442744E-04
200900  7.330494E-04 -2.995316E-04
200901  7.518634E-04 -2.481168E-04
200902  7.330481E-04 -2.995280E-04
200903  6.564726E-04 -4.442672E-04
200904  4.701048E-04 -6.413243E-04
200905  1.249807E-04 -7.907267E-04
200906 -3.482981E-04 -7.296809E-04
200907 -7.502859E-04 -3.200655E-04
200908 -7.393135E-04  3.462115E-04
200909 -1.344175E-04  7.984146E-04
200910  6.450039E-04  4.847945E-04
200911  6.987058E-04 -4.320946E-04
200912 -2.116201E-04 -8.152781E-04
200913 -8.401274E-04  2.544581E-05
200914 -6.767871E-05  8.202275E-04
200915  8.311908E-04  8.394786E-05
200916  8.562458E-05 -8.643649E-04
200917 -8.627434E-04 -5.958175E-05
200918  3.984196E-05  8.441649E-04
200919  8.529658E-04 -1.736446E-04
200920 -2.793241E-04 -8.525917E-04
200921 -7.967976E-04  3.764254E-04
200922  4.949839E-04  7.264661E-04
200923  6.915053E-04 -5.910913E-04
200924 -6.255775E-04 -6.725022E-04
200925 -6.559335E-04  6.266471E-04
200926  6.085162E-04  6.843759E-04
200927  7.765410E-04 -5.229977E-04
200928 -3.283995E-04 -8.834907E-04
200929 -9.388790E-04  2.389753E-05
200930 -3.767922E-04  8.629511E-04
200931  5.311674E-04  7.891454E-04
200932  9.541431E-04  1.120667E-04
200933  7.987161E-04 -5.431787E-04
200934  3.860815E-04 -8.872684E-04
200935  3.075895E-06 -9.678260E-04
200936 -2.331823E-04 -9.392104E-04
200937 -1.137942E-04  9.126852E-04
200938 -1.873541E-04  8.995268E-04
200939 -3.974373E-04  8.254095E-04
200940 -6.867314E-04  6.000861E-04
200941 -8.965174E-04  1.419267E-04
200942 -7.693040E-04 -4.772016E-04
200943 -1.466600E-04 -8.937890E-04
200944  6.616831E-04 -6.184954E-04
200945  8.439967E-04  3.102156E-04
200946 -6.229876E-06  8.869856E-04
200947 -8.586488E-04  1.976907E-04
200948 -3.254832E-04 -8.222320E-04
200949  7.857077E-04 -3.907138E-04
200950  3.850074E-04  7.665136E-04
200951 -7.874310E-04  3.340488E-04
200952 -2.754997E-04 -8.199856E-04
200953  8.240581E-04 -1.948321E-04
200954  7.293711E-05  8.206981E-04
200955 -8.366510E-04 -4.362329E-05
200956  1.132251E-04 -8.346335E-04
200957  7.924440E-04  1.692107E-04
200958 -2.299424E-04  7.657029E-04
200959 -7.853685E-04 -2.378143E-04
200960  1.640773E-04 -8.006459E-04
200961  7.861857E-04  5.329413E-05
200962  8.839945E-05  7.728976E-04
200963 -7.291175E-04  3.093679E-04
200964 -5.800413E-04 -5.495304E-04
200965  1.905299E-04 -7.644428E-04
200966  7.216885E-04 -2.739292E-04
200967  6.722470E-04  3.635142E-04
200968  2.552801E-04  7.215384E-04
200969 -1.994302E-04  7.433596E-04
200970 -5.154353E-04  5.759984E-04
200971 -6.771197E-04  3.757004E-04
200972 -7.387164E-04  2.331458E-04
200973 -7.526532E-04  1.831412E-04
200974 -7.387185E-04  2.331491E-04
200975 -6.771224E-04  3.757070E-04
200976 -5.154359E-04  5.760080E-04
200977 -1.994258E-04  7.433712E-04
200978  2.552918E-04  7.215502E-04
200979  6.722666E-04  3.635238E-04
200980  7.217148E-04 -2.739234E-04
200981  1.905603E-04 -7.644416E-04
200982 -5.800103E-04 -5.495327E-04
200983 -7.290889E-04  3.093643E-04
200984  8.842388E-05  7.728957E-04
200985  7.862056E-04  5.329638E-05
200986  1.640936E-04 -8.006382E-04
200987 -7.853543E-04 -2.378016E-04
200988 -2.299288E-04  7.657181E-04
200989  7.924575E-04  1.692251E-04
200990  1.132379E-04 -8.346233E-04
200991 -8.366404E-04 -4.361971E-05
200992  7.294352E-05  8.206946E-04
200993  8.240589E-04 -1.948414E-04
200994 -2.755046E-04 -8.199979E-04
200995 -7.874403E-04  3.340370E-04
200996  3.849962E-04  7.665057E-04
200997  7.856981E-04 -3.907156E-04
200998 -3.254877E-04 -8.222269E-04
200999 -8.586449E-04  1.977013E-04
201000 -6.215253E-06  8.869986E-04
201001  8.440226E-04  3.102273E-04
201002  6.617188E-04 -6.184886E-04
201003 -1.466180E-04 -8.937890E-04
201004 -7.692604E-04 -4.772085E-04
201005 -8.964771E-04  1.419148E-04
201006 -6.866986E-04  6.000726E-04
201007 -3.974145E-04  8.253979E-04
201008 -1.873426E-04  8.995201E-04
201009  4.948908E-04 -7.221008E-04
201010  5.507816E-04 -6.807225E-04
201011  6.958075E-04 -5.325564E-04
201012  8.468806E-04 -2.264936E-04
201013  8.413077E-04  2.427379E-04
201014  4.932624E-04  7.183241E-04
201015 -1.960054E-04  8.408937E-04
201016 -7.962457E-04  3.117828E-04
201017 -6.396471E-04 -5.624343E-04
201018  2.937568E-04 -8.002099E-04
201019  8.452246E-04  6.562753E-05
201020  8.356681E-05  8.318191E-04
201021 -8.159559E-04  1.574630E-04
201022 -1.877655E-04 -8.122626E-04
201023  8.034274E-04 -1.800534E-04
201024  1.235850E-04  7.970459E-04
201025 -8.097533E-04  4.552834E-05
201026  1.962572E-05 -8.150149E-04
201027  7.873814E-04  8.743079E-05
201028 -1.712033E-04  7.606364E-04
201029 -7.631438E-04 -2.259770E-04
201030  2.222173E-04 -7.612285E-04
201031  7.391572E-04  1.958709E-04
201032 -1.567244E-04  7.417497E-04
201033 -7.737559E-04 -4.857999E-05
201034 -1.464612E-04 -7.624709E-04
201035  6.577008E-04 -3.724594E-04
201036  5.833118E-04  4.553828E-04
201037 -1.261543E-04  7.315591E-04
201038 -6.780674E-04  3.250977E-04
201039 -7.025008E-04 -2.796271E-04
201040 -3.518678E-04 -6.652513E-04
201041  7.451111E-05 -7.418147E-04
201042  3.950613E-04 -6.246198E-04
201043  5.753258E-04 -4.570335E-04
201044  6.536359E-04 -3.307392E-04
201045  6.739533E-04 -2.853967E-04
201046  6.536336E-04 -3.307365E-04
201047  5.753225E-04 -4.570280E-04
201048  3.950591E-04 -6.246115E-04
201049  7.451268E-05 -7.418046E-04
201050 -3.518605E-04 -6.652409E-04
201051 -7.024871E-04 -2.796184E-04
201052 -6.780482E-04  3.251029E-04
201053 -1.261319E-04  7.315603E-04
201054  5.833348E-04  4.553806E-04
201055  6.577218E-04 -3.724631E-04
201056 -1.464437E-04 -7.624737E-04
201057 -7.737421E-04 -4.857971E-05
201058 -1.567134E-04  7.417542E-04
201059  7.391665E-04  1.958792E-04
201060  2.222263E-04 -7.612181E-04
201061 -7.631347E-04 -2.259673E-04
201062 -1.711945E-04  7.606428E-04
201063  7.873887E-04  8.743228E-05
201064  1.963008E-05 -8.150187E-04
201065 -8.097531E-04  4.552026E-05
201066  1.235807E-04  7.970356E-04
201067  8.034198E-04 -1.800632E-04
201068 -1.877747E-04 -8.122695E-04
201069 -8.159640E-04  1.574609E-04
201070  8.356253E-05  8.318222E-04
201071  8.452267E-04  6.563479E-05
201072  2.937670E-04 -8.002008E-04
201073 -6.396282E-04 -5.624263E-04
201074 -7.962191E-04  3.117869E-04
201075 -1.959738E-04  8.408923E-04
201076  4.932953E-04  7.183174E-04
201077  8.413380E-04  2.427276E-04
201078  8.469051E-04 -2.265049E-04
201079  6.958243E-04 -5.325659E-04
201080  5.507901E-04 -6.807279E-04
201081 -6.910635E-04  4.648654E-04
201082 -7.244060E-04  4.094131E-04
201083 -7.972186E-04  2.307162E-04
201084 -8.224938E-04 -8.608372E-05
201085 -6.613146E-04 -4.923909E-04
201086 -2.052079E-04 -7.979003E-04
201087  4.390888E-04 -6.985648E-04
201088  8.230272E-04 -5.999729E-05
201089  4.553177E-04  6.823073E-04
201090 -4.462286E-04  6.777975E-04
201091 -7.729080E-04 -2.286699E-04
201092  6.216468E-05 -8.028244E-04
201093  7.982376E-04 -4.997754E-05
201094  1.025091E-04  7.826996E-04
201095 -7.796423E-04  1.102242E-04
201096 -9.911512E-05 -7.823609E-04
201097  7.723454E-04 -6.759869E-05
201098  9.382739E-06  7.628775E-04
201099 -7.692445E-04 -4.496728E-05
201100  6.937055E-05 -7.675301E-04
201101  7.441947E-04  8.380410E-05
201102 -9.541718E-05  7.341190E-04
201103 -7.513978E-04 -6.106669E-05
201104 -3.921980E-05 -7.526283E-04
201105  7.121206E-04 -1.714227E-04
201106  3.244411E-04  6.428070E-04
201107 -5.130385E-04  5.165393E-04
201108 -6.942280E-04 -2.484777E-04
201109 -1.477347E-04 -7.186737E-04
201110  4.783471E-04 -5.399469E-04
201111  7.106154E-04 -1.287164E-05
201112  5.420392E-04  4.532711E-04
201113  1.984662E-04  6.789517E-04
201114 -1.240262E-04  6.989106E-04
201115 -3.440450E-04  6.233267E-04
201116 -4.603306E-04  5.447533E-04
201117 -4.954020E-04  5.135991E-04
201118 -4.603326E-04  5.447552E-04
201119 -3.440481E-04  6.233307E-04
201120 -1.240287E-04  6.989168E-04
201121  1.984661E-04  6.789595E-04
201122  5.420430E-04  4.532793E-04
201123  7.106238E-04 -1.286465E-05
201124  4.783594E-04 -5.399424E-04
201125 -1.477199E-04 -7.186723E-04
201126 -6.942129E-04 -2.484789E-04
201127 -5.130248E-04  5.165367E-04
201128  3.244523E-04  6.428048E-04
201129  7.121292E-04 -1.714229E-04
201130 -3.921323E-05 -7.526257E-04
201131 -7.513924E-04 -6.106152E-05
201132 -9.541206E-05  7.341255E-04
201133  7.442001E-04  8.381000E-05
201134  6.937590E-05 -7.675265E-04
201135 -7.692400E-04 -4.496711E-05
201136  9.385398E-06  7.628741E-04
201137  7.723453E-04 -6.760479E-05
201138 -9.911814E-05 -7.823683E-04
201139 -7.796477E-04  1.102170E-04
201140  1.025028E-04  7.826943E-04
201141  7.982319E-04 -4.997980E-05
201142  6.216135E-05 -8.028231E-04
201143 -7.729073E-04 -2.286658E-04
201144 -4.462224E-04  6.778030E-04
201145  4.553297E-04  6.823120E-04
201146  8.230446E-04 -5.999512E-05
201147  4.391097E-04 -6.985663E-04
201148 -2.051860E-04 -7.979053E-04
201149 -6.612944E-04 -4.923982E-04
201150 -8.224776E-04 -8.609147E-05
201151 -7.972076E-04  2.307099E-04
201152 -7.244005E-04  4.094095E-04
201153  7.624523E-04 -2.490844E-04
201154  7.789693E-04 -1.915242E-04
201155  8.020847E-04 -1.439682E-05
201156  7.528146E-04  2.758305E-04
201157  5.201390E-04  6.077270E-04
201158  4.567935E-05  7.945456E-04
201159 -5.254472E-04  5.896504E-04
201160 -7.819680E-04 -5.590333E-05
201161 -3.515144E-04 -6.974407E-04
201162  4.843411E-04 -6.115958E-04
201163  7.352203E-04  2.511942E-04
201164 -5.966831E-05  7.682420E-04
201165 -7.627601E-04  7.315676E-05
201166 -1.592671E-04 -7.473041E-04
201167  7.280287E-04 -2.059551E-04
201168  2.158537E-04  7.158970E-04
201169 -7.188481E-04  2.089775E-04
201170 -2.034354E-04 -7.206775E-04
201171  7.096904E-04 -1.911210E-04
201172  1.718664E-04  7.039684E-04
201173 -7.099918E-04  1.770804E-04
201174 -2.218443E-04 -6.989626E-04
201175  6.581136E-04 -2.838288E-04
201176  3.596548E-04  6.060046E-04
201177 -5.290302E-04  4.752225E-04
201178 -6.140654E-04 -3.724683E-04
201179  1.158825E-04 -7.015657E-04
201180  6.673317E-04 -2.013314E-04
201181  5.106186E-04  4.631598E-04
201182 -6.219224E-05  6.880285E-04
201183 -5.429118E-04  4.347673E-04
201184 -6.982767E-04 -6.118713E-06
201185 -5.868811E-04 -3.778807E-04
201186 -3.677731E-04 -5.908460E-04
201187 -1.637841E-04 -6.740515E-04
201188 -3.189103E-05 -6.913200E-04
201189  1.258821E-05 -6.913769E-04
201190 -3.189228E-05 -6.913190E-04
201191 -1.637862E-04 -6.740493E-04
201192 -3.677751E-04 -5.908424E-04
201193 -5.868819E-04 -3.778758E-04
201194 -6.982755E-04 -6.113374E-06
201195 -5.429081E-04  4.347721E-04
201196 -6.218627E-05  6.880318E-04
201197  5.106260E-04  4.631614E-04
201198  6.673393E-04 -2.013314E-04
201199  1.158894E-04 -7.015665E-04
201200 -6.140598E-04 -3.724690E-04
201201 -5.290259E-04  4.752227E-04
201202  3.596578E-04  6.060061E-04
201203  6.581159E-04 -2.838261E-04
201204 -2.218422E-04 -6.989595E-04
201205 -7.099897E-04  1.770830E-04
201206  1.718687E-04  7.039696E-04
201207  7.096924E-04 -1.911217E-04
201208 -2.034342E-04 -7.206798E-04
201209 -7.188481E-04  2.089739E-04
201210  2.158522E-04  7.158928E-04
201211  7.280261E-04 -2.059593E-04
201212 -1.592702E-04 -7.473076E-04
201213 -7.627629E-04  7.315457E-05
201214 -5.967011E-05  7.682415E-04
201215  7.352204E-04  2.511953E-04
201216  4.843437E-04 -6.115937E-04
201217 -3.515089E-04 -6.974388E-04
201218 -7.819596E-04 -5.590260E-05
201219 -5.254369E-04  5.896493E-04
201220  4.569031E-05  7.945430E-04
201221  5.201491E-04  6.077234E-04
201222  7.528225E-04  2.758269E-04
201223  8.020900E-04 -1.439962E-05
201224  7.789718E-04 -1.915258E-04
