Mesh2HRTF 1.0.0-dev
    1
    1  1225
200000 -6.403098E-06  4.609242E-06
200001  5.657433E-06 -3.312227E-06
200002  5.675424E-06 -3.362871E-06
200003  5.726708E-06 -3.518994E-06
200004  5.796993E-06 -3.772821E-06
200005  5.862957E-06 -4.110855E-06
200006  5.892806E-06 -4.512526E-06
200007  5.847522E-06 -4.948648E-06
200008  5.683171E-06 -5.380094E-06
200009  5.354575E-06 -5.757297E-06
200010  4.820487E-06 -6.021251E-06
200011  4.050141E-06 -6.106688E-06
200012  3.030581E-06 -5.947861E-06
200013  1.773734E-06 -5.486934E-06
200014  3.217775E-07 -4.684256E-06
200015 -1.250878E-06 -3.529053E-06
200016 -2.840442E-06 -2.048368E-06
200017 -4.322237E-06 -3.118142E-07
200018 -5.564499E-06  1.569996E-06
200019 -6.445755E-06  3.454465E-06
200020 -6.872861E-06  5.182989E-06
200021 -6.796060E-06  6.601656E-06
200022 -6.217710E-06  7.582929E-06
200023 -5.192507E-06  8.044005E-06
200024 -3.818933E-06  7.958001E-06
200025 -2.223728E-06  7.355717E-06
200026 -5.427311E-07  6.317947E-06
200027  1.097890E-06  4.960413E-06
200028  2.596495E-06  3.414957E-06
200029  3.884686E-06  1.811010E-06
200030  4.929312E-06  2.607514E-07
200031  5.728742E-06 -1.149983E-06
200032  6.305285E-06 -2.364593E-06
200033  6.695957E-06 -3.353282E-06
200034  6.943421E-06 -4.107016E-06
200035  7.088325E-06 -4.629814E-06
200036  7.163588E-06 -4.931115E-06
200037  7.190605E-06 -5.019522E-06
200038  7.177146E-06 -4.898763E-06
200039  7.116655E-06 -4.566283E-06
200040  6.988851E-06 -4.014614E-06
200041  6.761741E-06 -3.235390E-06
200042  6.395331E-06 -2.225562E-06
200043  5.847285E-06 -9.950175E-07
200044  5.080543E-06  4.257409E-07
200045  4.072359E-06  1.979571E-06
200046  2.823533E-06  3.580286E-06
200047  1.366012E-06  5.115572E-06
200048 -2.333422E-07  6.456118E-06
200049 -1.874688E-06  7.470482E-06
200050 -3.433814E-06  8.043652E-06
200051 -4.776866E-06  8.095874E-06
200052 -5.778960E-06  7.597696E-06
200053 -6.343166E-06  6.577632E-06
200054 -6.415875E-06  5.120317E-06
200055 -5.995215E-06  3.355208E-06
200056 -5.130743E-06  1.438096E-06
200057 -3.914703E-06 -4.707357E-07
200058 -2.467045E-06 -2.227356E-06
200059 -9.175091E-07 -3.720293E-06
200060  6.115340E-07 -4.879630E-06
200061  2.018666E-06 -5.678611E-06
200062  3.231688E-06 -6.128851E-06
200063  4.210295E-06 -6.271308E-06
200064  4.943956E-06 -6.165455E-06
200065  5.446503E-06 -5.878827E-06
200066  5.749066E-06 -5.478454E-06
200067  5.892809E-06 -5.024901E-06
200068  5.922489E-06 -4.568941E-06
200069  5.881379E-06 -4.150447E-06
200070  5.807694E-06 -3.798843E-06
200071  5.732359E-06 -3.534425E-06
200072  5.677806E-06 -3.369977E-06
200073 -6.032604E-06  2.980079E-06
200074 -6.061207E-06  3.040363E-06
200075 -6.141149E-06  3.255855E-06
200076 -6.224282E-06  3.615380E-06
200077 -6.234803E-06  4.091382E-06
200078 -6.076028E-06  4.630113E-06
200079 -5.641048E-06  5.140198E-06
200080 -4.828763E-06  5.485625E-06
200081 -3.567798E-06  5.492372E-06
200082 -1.849975E-06  4.977572E-06
200083  2.298364E-07  3.804325E-06
200084  2.439996E-06  1.954069E-06
200085  4.407022E-06 -4.052611E-07
200086  5.664709E-06 -2.887997E-06
200087  5.770753E-06 -4.930146E-06
200088  4.474240E-06 -5.917523E-06
200089  1.878734E-06 -5.386781E-06
200090 -1.480552E-06 -3.239945E-06
200091 -4.716727E-06  1.195487E-07
200092 -6.842053E-06  3.817241E-06
200093 -7.116554E-06  6.737555E-06
200094 -5.351004E-06  7.894562E-06
200095 -2.016517E-06  6.800948E-06
200096  1.907893E-06  3.669888E-06
200097  5.291402E-06 -6.508536E-07
200098  7.250639E-06 -4.988181E-06
200099  7.416413E-06 -8.255775E-06
200100  5.971011E-06 -9.788699E-06
200101  3.479277E-06 -9.475744E-06
200102  6.252783E-07 -7.675204E-06
200103 -2.019055E-06 -4.996775E-06
200104 -4.116390E-06 -2.067552E-06
200105 -5.570319E-06  6.285871E-07
200106 -6.456482E-06  2.807847E-06
200107 -6.930789E-06  4.359820E-06
200108 -7.151533E-06  5.279529E-06
200109 -7.229168E-06  5.597013E-06
200110 -7.201344E-06  5.328347E-06
200111 -7.025905E-06  4.458394E-06
200112 -6.588321E-06  2.957756E-06
200113 -5.726926E-06  8.314957E-07
200114 -4.283206E-06 -1.810640E-06
200115 -2.179597E-06 -4.686375E-06
200116  4.888564E-07 -7.314260E-06
200117  3.385644E-06 -9.070527E-06
200118  5.938942E-06 -9.349609E-06
200119  7.463717E-06 -7.797905E-06
200120  7.392568E-06 -4.531431E-06
200121  5.538536E-06 -2.193567E-07
200122  2.263687E-06  4.049178E-06
200123 -1.558090E-06  7.100531E-06
200124 -4.807065E-06  8.089334E-06
200125 -6.515466E-06  6.808069E-06
200126 -6.221613E-06  3.752781E-06
200127 -4.120299E-06 -7.950823E-08
200128 -9.516004E-07 -3.561032E-06
200129  2.302786E-06 -5.805698E-06
200130  4.767611E-06 -6.400816E-06
200131  5.923169E-06 -5.439092E-06
200132  5.682658E-06 -3.383556E-06
200133  4.312055E-06 -8.530564E-07
200134  2.264363E-06  1.579773E-06
200135  1.036263E-08  3.518430E-06
200136 -2.078428E-06  4.783985E-06
200137 -3.777810E-06  5.385547E-06
200138 -5.003522E-06  5.453036E-06
200139 -5.774611E-06  5.164917E-06
200140 -6.170980E-06  4.692982E-06
200141 -6.298424E-06  4.172695E-06
200142 -6.264735E-06  3.696348E-06
200143 -6.164924E-06  3.320152E-06
200144 -6.072243E-06  3.075792E-06
200145  6.029613E-06 -3.023675E-06
200146  6.042575E-06 -3.060361E-06
200147  6.053743E-06 -3.230262E-06
200148  6.000818E-06 -3.578619E-06
200149  5.813924E-06 -4.096659E-06
200150  5.401448E-06 -4.650927E-06
200151  4.616878E-06 -4.969580E-06
200152  3.268354E-06 -4.712112E-06
200153  1.223639E-06 -3.604546E-06
200154 -1.408371E-06 -1.591268E-06
200155 -4.123830E-06  1.050008E-06
200156 -6.041297E-06  3.678843E-06
200157 -6.190820E-06  5.401543E-06
200158 -4.042460E-06  5.365863E-06
200159 -4.793130E-08  3.215405E-06
200160  4.189341E-06 -4.778171E-07
200161  6.455722E-06 -4.135493E-06
200162  5.144200E-06 -5.743425E-06
200163  5.175176E-07 -4.001397E-06
200164 -4.970593E-06  5.687534E-07
200165 -7.899162E-06  5.468876E-06
200166 -6.124045E-06  7.506294E-06
200167 -4.673172E-07  4.917032E-06
200168  5.607877E-06 -1.172752E-06
200169  8.305870E-06 -7.225780E-06
200170  6.080279E-06 -9.557191E-06
200171  5.064102E-07 -6.741282E-06
200172 -5.078266E-06 -3.768002E-07
200173 -7.879351E-06  6.202121E-06
200174 -7.105853E-06  1.008379E-05
200175 -3.825047E-06  1.020369E-05
200176  1.961324E-07  7.336090E-06
200177  3.588241E-06  3.121939E-06
200178  5.805458E-06 -9.491494E-07
200179  6.954629E-06 -4.028980E-06
200180  7.409465E-06 -5.860241E-06
200181  7.499115E-06 -6.473422E-06
200182  7.349036E-06 -5.909474E-06
200183  6.836534E-06 -4.115195E-06
200184  5.632954E-06 -1.050395E-06
200185  3.362980E-06  3.033016E-06
200186 -8.108742E-08  7.287550E-06
200187 -4.150278E-06  1.022051E-05
200188 -7.466923E-06  1.018553E-05
200189 -8.252787E-06  6.401359E-06
200190 -5.430028E-06 -7.632300E-08
200191  2.167310E-07 -6.347427E-06
200192  5.893427E-06 -9.092141E-06
200193  8.256511E-06 -6.726659E-06
200194  5.718295E-06 -6.885270E-07
200195 -1.931741E-07  5.332268E-06
200196 -5.705170E-06  7.801879E-06
200197 -7.378811E-06  5.605816E-06
200198 -4.412502E-06  5.263211E-07
200199  1.038522E-06 -4.221186E-06
200200  5.555792E-06 -6.113903E-06
200201  6.702839E-06 -4.607029E-06
200202  4.246244E-06 -9.842482E-07
200203 -1.717832E-07  2.745322E-06
200204 -4.304561E-06  4.993520E-06
200205 -6.525124E-06  5.163660E-06
200206 -6.372351E-06  3.577793E-06
200207 -4.382221E-06  1.054067E-06
200208 -1.544882E-06 -1.536045E-06
200209  1.227203E-06 -3.554391E-06
200210  3.394430E-06 -4.705922E-06
200211  4.817039E-06 -5.018515E-06
200212  5.612639E-06 -4.741140E-06
200213  5.981930E-06 -4.201673E-06
200214  6.100316E-06 -3.673099E-06
200215  6.093293E-06 -3.298084E-06
200216  6.050558E-06 -3.094943E-06
200217 -6.542600E-06  2.774220E-06
200218 -6.317087E-06  3.009476E-06
200219 -6.034892E-06  3.584682E-06
200220 -5.968953E-06  4.306228E-06
200221 -6.027201E-06  4.831879E-06
200222 -5.682812E-06  4.808583E-06
200223 -4.340216E-06  4.048094E-06
200224 -1.786359E-06  2.561398E-06
200225  1.586439E-06  4.902174E-07
200226  4.813249E-06 -1.862740E-06
200227  6.579196E-06 -3.881251E-06
200228  5.700618E-06 -4.638172E-06
200229  1.930121E-06 -3.340791E-06
200230 -3.261531E-06 -1.174457E-07
200231 -6.810608E-06  3.470143E-06
200232 -5.820707E-06  4.970649E-06
200233 -2.824088E-07  2.814011E-06
200234  5.713992E-06 -1.822495E-06
200235  6.611659E-06 -5.098260E-06
200236  7.627321E-07 -3.537148E-06
200237 -6.703174E-06  2.107688E-06
200238 -8.001335E-06  6.454294E-06
200239 -9.830111E-07  4.407914E-06
200240  7.565948E-06 -2.905749E-06
200241  8.663148E-06 -8.246771E-06
200242  1.044034E-06 -5.588042E-06
200243 -7.387671E-06  3.058923E-06
200244 -8.309792E-06  9.387927E-06
200245 -1.420741E-06  7.298644E-06
200246  6.554158E-06 -1.452631E-06
200247  9.393681E-06 -9.942924E-06
200248  6.307771E-06 -1.280851E-05
200249  5.652445E-07 -9.721257E-06
200250 -4.468454E-06 -3.766178E-06
200251 -7.464558E-06  1.840880E-06
200252 -8.751889E-06  5.423915E-06
200253 -9.078759E-06  6.585221E-06
200254 -8.771940E-06  5.332088E-06
200255 -7.493497E-06  1.672147E-06
200256 -4.498753E-06 -3.989146E-06
200257  5.226709E-07 -9.976732E-06
200258  6.222437E-06 -1.307905E-05
200259  9.229200E-06 -1.021097E-05
200260  6.288288E-06 -1.692566E-06
200261 -1.780196E-06  7.123970E-06
200262 -8.721592E-06  9.320337E-06
200263 -7.788620E-06  3.128585E-06
200264  7.192349E-07 -5.380413E-06
200265  8.464416E-06 -7.938056E-06
200266  7.518444E-06 -2.562033E-06
200267 -8.815797E-07  4.712884E-06
200268 -7.779433E-06  6.661799E-06
200269 -6.410687E-06  2.186813E-06
200270  1.062249E-06 -3.588394E-06
200271  6.850656E-06 -5.257592E-06
200272  5.833167E-06 -2.048790E-06
200273 -3.181650E-07  2.574190E-06
200274 -6.006318E-06  4.773505E-06
200275 -7.094617E-06  3.363298E-06
200276 -3.559116E-06 -1.050500E-07
200277  1.705709E-06 -3.207630E-06
200278  5.603526E-06 -4.419014E-06
200279  6.614835E-06 -3.650826E-06
200280  4.950093E-06 -1.720490E-06
200281  1.781176E-06  4.602622E-07
200282 -1.576208E-06  2.336073E-06
200283 -4.164089E-06  3.680431E-06
200284 -5.602636E-06  4.396889E-06
200285 -6.093655E-06  4.466393E-06
200286 -6.175736E-06  4.034488E-06
200287 -6.294849E-06  3.413663E-06
200288 -6.496935E-06  2.928499E-06
200289  6.121954E-06 -3.315060E-06
200290  6.608294E-06 -3.725711E-06
200291  7.292392E-06 -4.413069E-06
200292  7.273251E-06 -4.595208E-06
200293  6.297264E-06 -4.113940E-06
200294  4.584684E-06 -3.270143E-06
200295  2.145234E-06 -2.063918E-06
200296 -1.127645E-06 -2.214575E-07
200297 -4.704431E-06  2.063099E-06
200298 -7.053526E-06  3.848740E-06
200299 -6.306396E-06  4.001918E-06
200300 -1.840110E-06  2.029319E-06
200301  4.231500E-06 -1.281390E-06
200302  7.443994E-06 -3.835238E-06
200303  4.318951E-06 -3.416286E-06
200304 -3.305759E-06  1.325078E-07
200305 -8.051437E-06  3.742710E-06
200306 -3.992604E-06  3.382052E-06
200307  4.989866E-06 -1.149818E-06
200308  7.511783E-06 -4.540699E-06
200309 -8.267137E-07 -1.761922E-06
200310 -9.035396E-06  4.240473E-06
200311 -4.494926E-06  4.787796E-06
200312  7.280446E-06 -2.167394E-06
200313  8.695227E-06 -7.027121E-06
200314 -3.052985E-06 -1.696861E-06
200315 -1.033167E-05  6.871656E-06
200316 -1.955782E-06  5.505316E-06
200317  9.860026E-06 -5.244355E-06
200318  8.670826E-06 -1.093962E-05
200319 -3.331029E-06 -3.330957E-06
200320 -1.180947E-05  9.659765E-06
200321 -9.903974E-06  1.583360E-05
200322 -2.281838E-06  1.221342E-05
200323  4.405504E-06  4.246769E-06
200324  7.832927E-06 -2.178977E-06
200325  8.757053E-06 -4.486321E-06
200326  7.858593E-06 -2.208560E-06
200327  4.473801E-06  4.209727E-06
200328 -2.162718E-06  1.218555E-05
200329 -9.746998E-06  1.579799E-05
200330 -1.163953E-05  9.568369E-06
200331 -3.182255E-06 -3.520191E-06
200332  8.749618E-06 -1.122063E-05
200333  9.822116E-06 -5.552339E-06
200334 -2.116299E-06  5.264038E-06
200335 -1.056222E-05  6.772752E-06
200336 -3.268515E-06 -1.630772E-06
200337  8.569093E-06 -6.837229E-06
200338  7.278024E-06 -1.942461E-06
200339 -4.389798E-06  4.953093E-06
200340 -8.879359E-06  4.292787E-06
200341 -6.851629E-07 -1.815520E-06
200342  7.596999E-06 -4.653735E-06
200343  5.006741E-06 -1.272005E-06
200344 -4.040772E-06  3.286935E-06
200345 -8.156470E-06  3.699958E-06
200346 -3.450379E-06  1.569594E-07
200347  4.173855E-06 -3.335371E-06
200348  7.365471E-06 -3.741684E-06
200349  4.291484E-06 -1.227179E-06
200350 -1.621864E-06  2.016468E-06
200351 -6.010503E-06  3.911657E-06
200352 -6.835989E-06  3.655784E-06
200353 -4.692670E-06  1.739300E-06
200354 -1.326946E-06 -6.395473E-07
200355  1.834878E-06 -2.446104E-06
200356  4.259587E-06 -3.474473E-06
200357  5.976830E-06 -4.105102E-06
200358  6.940212E-06 -4.463534E-06
200359  6.978109E-06 -4.280005E-06
200360  6.408007E-06 -3.654956E-06
200361 -6.969016E-06  4.380627E-06
200362 -6.801740E-06  3.867944E-06
200363 -6.612031E-06  3.125925E-06
200364 -6.477238E-06  3.084880E-06
200365 -5.244054E-06  3.056948E-06
200366 -2.278603E-06  1.827816E-06
200367  1.552169E-06 -3.479463E-07
200368  5.097126E-06 -2.300659E-06
200369  7.301049E-06 -3.432235E-06
200370  6.613633E-06 -3.341606E-06
200371  2.125193E-06 -1.442722E-06
200372 -4.249495E-06  1.682606E-06
200373 -7.681600E-06  3.714462E-06
200374 -4.127559E-06  2.553375E-06
200375  4.075458E-06 -1.097537E-06
200376  7.833183E-06 -3.502662E-06
200377  1.331543E-06 -1.603621E-06
200378 -7.574175E-06  2.429289E-06
200379 -5.311940E-06  2.880129E-06
200380  5.742018E-06 -1.209728E-06
200381  6.994495E-06 -3.196322E-06
200382 -5.305331E-06  8.617328E-07
200383 -9.131553E-06  3.959631E-06
200384  4.397743E-06 -5.712122E-07
200385  1.025833E-05 -5.180963E-06
200386 -3.889257E-06 -3.464220E-07
200387 -1.023314E-05  5.534023E-06
200388  5.105653E-06 -1.162844E-07
200389  1.213697E-05 -7.674103E-06
200390 -4.172590E-06 -7.074432E-07
200391 -1.474393E-05  1.123448E-05
200392 -1.953218E-06  7.004231E-06
200393  1.347041E-05 -1.011907E-05
200394  1.311436E-05 -1.981804E-05
200395  3.282091E-06 -1.540480E-05
200396 -4.422586E-06 -6.423796E-06
200397 -6.829928E-06 -2.453970E-06
200398 -4.402901E-06 -6.458187E-06
200399  3.337254E-06 -1.543890E-05
200400  1.319289E-05 -1.981259E-05
200401  1.354613E-05 -1.006800E-05
200402 -1.866764E-06  7.059216E-06
200403 -1.461082E-05  1.122698E-05
200404 -4.012233E-06 -8.163548E-07
200405  1.223554E-05 -7.853287E-06
200406  5.068453E-06 -2.815256E-07
200407 -1.038774E-05  5.457424E-06
200408 -4.063530E-06 -3.091264E-07
200409  1.017742E-05 -5.059775E-06
200410  4.475566E-06 -4.511694E-07
200411 -8.930399E-06  3.976435E-06
200412 -5.109739E-06  7.461631E-07
200413  7.066275E-06 -3.358555E-06
200414  5.677765E-06 -1.300242E-06
200415 -5.440247E-06  2.890738E-06
200416 -7.686184E-06  2.462094E-06
200417  1.286794E-06 -1.627608E-06
200418  7.864727E-06 -3.564052E-06
200419  4.153281E-06 -1.131919E-06
200420 -4.037869E-06  2.524951E-06
200421 -7.589445E-06  3.584477E-06
200422 -4.153412E-06  1.399165E-06
200423  2.192669E-06 -1.801462E-06
200424  6.553637E-06 -3.667609E-06
200425  7.004287E-06 -3.697153E-06
200426  4.590440E-06 -2.502604E-06
200427  1.053907E-06 -4.099024E-07
200428 -2.527132E-06  1.994238E-06
200429 -5.189500E-06  3.396419E-06
200430 -6.255432E-06  3.409244E-06
200431 -6.389101E-06  3.299145E-06
200432 -6.673386E-06  3.912377E-06
200433  5.769264E-06 -2.375150E-06
200434  5.897941E-06 -2.367402E-06
200435  5.424246E-06 -2.071712E-06
200436  3.772364E-06 -9.635621E-07
200437  1.958583E-06  3.790974E-07
200438 -3.777558E-07  1.314313E-06
200439 -4.311203E-06  2.581472E-06
200440 -7.763549E-06  4.139372E-06
200441 -7.358092E-06  3.758529E-06
200442 -2.604978E-06  7.875051E-07
200443  4.197379E-06 -2.245948E-06
200444  8.400591E-06 -3.131569E-06
200445  4.974769E-06 -1.426765E-06
200446 -4.132377E-06  1.645285E-06
200447 -8.287901E-06  2.771330E-06
200448 -8.631396E-07  1.981526E-07
200449  8.292255E-06 -2.542084E-06
200450  3.973513E-06 -1.197212E-06
200451 -7.692501E-06  1.945121E-06
200452 -4.971973E-06  1.239487E-06
200453  7.919417E-06 -1.859821E-06
200454  3.885778E-06 -1.025619E-06
200455 -9.876404E-06  1.983930E-06
200456 -1.850962E-06  4.992456E-07
200457  1.151202E-05 -2.449868E-06
200458 -1.814963E-06  1.731106E-08
200459 -1.074986E-05  2.595978E-06
200460  8.331894E-06 -1.747744E-06
200461  8.876920E-06 -3.198721E-06
200462 -1.429877E-05  4.790374E-06
200463 -6.297351E-06  4.197009E-06
200464  1.801613E-05 -9.712457E-06
200465  7.363270E-06 -8.819399E-06
200466 -1.722707E-05  1.298129E-05
200467 -1.839227E-05  2.695312E-05
200468 -6.182827E-06  2.303064E-05
200469 -4.710698E-07  1.820865E-05
200470 -6.164018E-06  2.298575E-05
200471 -1.832477E-05  2.688517E-05
200472 -1.713983E-05  1.290501E-05
200473  7.411433E-06 -8.894529E-06
200474  1.803423E-05 -9.749601E-06
200475 -6.246057E-06  4.215665E-06
200476 -1.419639E-05  4.800358E-06
200477  8.955426E-06 -3.254742E-06
200478  8.293999E-06 -1.815638E-06
200479 -1.090598E-05  2.608438E-06
200480 -1.990783E-06  1.368366E-07
200481  1.145383E-05 -2.263138E-06
200482 -1.707295E-06  6.461371E-07
200483 -9.618267E-06  1.953490E-06
200484  4.026177E-06 -1.235167E-06
200485  7.818024E-06 -2.050313E-06
200486 -5.190595E-06  1.257105E-06
200487 -7.854719E-06  2.128178E-06
200488  3.889380E-06 -1.077888E-06
200489  8.208885E-06 -2.630101E-06
200490 -1.007660E-06  2.183717E-08
200491 -8.480079E-06  2.710051E-06
200492 -4.292473E-06  1.703000E-06
200493  4.854339E-06 -1.422265E-06
200494  8.209991E-06 -3.281368E-06
200495  3.910898E-06 -2.455708E-06
200496 -2.870969E-06  6.907807E-07
200497 -7.569141E-06  3.830274E-06
200498 -7.991022E-06  4.294022E-06
200499 -4.498136E-06  2.738366E-06
200500 -3.516281E-07  1.448828E-06
200501  2.216385E-06  4.445418E-07
200502  4.085957E-06 -1.028472E-06
200503  5.646092E-06 -2.240407E-06
200504  6.002667E-06 -2.511143E-06
200505 -3.595907E-06  6.338929E-08
200506 -2.767127E-06 -1.578175E-08
200507 -1.499746E-06 -7.039897E-07
200508 -2.810995E-07 -1.994071E-06
200509  2.227888E-06 -3.201237E-06
200510  5.593584E-06 -4.182368E-06
200511  7.365676E-06 -3.988323E-06
200512  6.915789E-06 -1.797512E-06
200513  3.524877E-06  6.988712E-07
200514 -3.629899E-06  2.470083E-06
200515 -8.983981E-06  3.453742E-06
200516 -5.397658E-06  1.447894E-06
200517  4.233739E-06 -2.397075E-06
200518  9.024874E-06 -2.656039E-06
200519  1.866985E-06  6.745059E-07
200520 -8.369942E-06  2.316470E-06
200521 -4.298034E-06  6.323956E-08
200522  7.984446E-06 -1.960405E-06
200523  4.097284E-06 -2.468402E-08
200524 -8.690658E-06  1.327609E-06
200525 -1.671138E-06 -6.307434E-07
200526  9.568750E-06 -4.170978E-07
200527 -3.516251E-06  1.094875E-06
200528 -8.912278E-06 -5.745067E-07
200529  9.356159E-06 -6.590668E-07
200530  3.222461E-06  9.053384E-07
200531 -1.171245E-05 -6.066447E-07
200532  8.175385E-06 -7.496958E-07
200533  6.842743E-06  1.134084E-06
200534 -1.719702E-05  1.103888E-06
200535  6.687623E-06 -2.399889E-06
200536  1.692158E-05 -2.908824E-06
200537 -2.152690E-05  9.172962E-06
200538 -1.528392E-05  9.532403E-06
200539  2.408124E-05 -1.922627E-05
200540  2.911034E-05 -4.200398E-05
200541  2.128961E-05 -4.530115E-05
200542  2.898579E-05 -4.205248E-05
200543  2.405143E-05 -1.926306E-05
200544 -1.515556E-05  9.530638E-06
200545 -2.139116E-05  9.134668E-06
200546  1.696068E-05 -2.975371E-06
200547  6.683745E-06 -2.390968E-06
200548 -1.715141E-05  1.148251E-06
200549  6.900303E-06  1.095530E-06
200550  8.127570E-06 -8.286208E-07
200551 -1.187455E-05 -5.971102E-07
200552  3.052277E-06  1.044293E-06
200553  9.330463E-06 -4.305557E-07
200554 -8.697181E-06 -3.840598E-07
200555 -3.208908E-06  1.059822E-06
200556  9.649652E-06 -6.578164E-07
200557 -1.891949E-06 -7.876338E-07
200558 -8.913317E-06  1.436522E-06
200559  4.107250E-06  1.991363E-07
200560  8.101854E-06 -1.894858E-06
200561 -4.312049E-06 -7.150463E-08
200562 -8.616430E-06  2.229443E-06
200563  1.496704E-06  7.793915E-07
200564  8.793856E-06 -2.507083E-06
200565  4.207652E-06 -2.321771E-06
200566 -5.494571E-06  1.498672E-06
200567 -9.258359E-06  3.515233E-06
200568 -3.794251E-06  2.540011E-06
200569  3.606312E-06  7.854102E-07
200570  7.005704E-06 -1.727599E-06
200571  7.293884E-06 -3.996072E-06
200572  5.446225E-06 -4.286584E-06
200573  2.056396E-06 -3.344574E-06
200574 -5.668240E-07 -2.087648E-06
200575 -1.874017E-06 -7.276620E-07
200576 -3.030039E-06 -1.272260E-08
200577 -2.121932E-06  2.865385E-06
200578 -2.491822E-06  3.225550E-06
200579 -3.617074E-06  3.717728E-06
200580 -5.728566E-06  3.935102E-06
200581 -8.015775E-06  4.476424E-06
200582 -8.675460E-06  3.993409E-06
200583 -7.036428E-06  1.351375E-06
200584 -2.158279E-06 -1.708634E-06
200585  4.897579E-06 -3.813475E-06
200586  8.475354E-06 -3.446501E-06
200587  5.085392E-06  4.856183E-07
200588 -3.224567E-06  3.255303E-06
200589 -9.252358E-06  1.652510E-06
200590 -2.700598E-06 -9.672153E-07
200591  9.109366E-06 -1.916758E-06
200592  4.945100E-06  4.822791E-07
200593 -8.270528E-06  1.948117E-06
200594 -4.364636E-06 -1.343306E-06
200595  8.779095E-06 -1.185945E-06
200596  1.466489E-06  1.739106E-06
200597 -9.409357E-06 -8.407253E-07
200598  4.270335E-06 -1.253204E-06
200599  6.172169E-06  2.354264E-06
200600 -1.025831E-05 -1.401082E-06
200601  2.489880E-06 -1.404460E-06
200602  8.936075E-06  3.470752E-06
200603 -1.125557E-05 -2.885768E-06
200604  4.778355E-06 -3.159050E-07
200605  7.659638E-06  4.427101E-06
200606 -1.716029E-05 -4.853969E-06
200607  1.335446E-05 -7.136017E-08
200608  4.773465E-06  5.853858E-06
200609 -2.945342E-05 -2.337045E-06
200610  2.700113E-05 -1.189222E-05
200611  3.046366E-05 -8.616337E-06
200612 -3.405974E-05  3.325495E-05
200613 -5.385387E-05  6.660555E-05
200614 -3.459780E-05  3.336433E-05
200615  3.001151E-05 -8.502894E-06
200616  2.696068E-05 -1.178733E-05
200617 -2.933196E-05 -2.310511E-06
200618  4.787023E-06  5.797573E-06
200619  1.328930E-05 -7.267152E-08
200620 -1.714050E-05 -4.832834E-06
200621  7.721852E-06  4.354689E-06
200622  4.715549E-06 -4.520030E-07
200623 -1.143202E-05 -2.991349E-06
200624  8.732555E-06  3.475497E-06
200625  2.394376E-06 -1.241939E-06
200626 -1.011317E-05 -1.195608E-06
200627  6.405584E-06  2.359109E-06
200628  4.289008E-06 -1.424732E-06
200629 -9.629286E-06 -8.761946E-07
200630  1.323483E-06  1.945667E-06
200631  8.898240E-06 -9.587221E-07
200632 -4.190608E-06 -1.345583E-06
200633 -8.272470E-06  1.772306E-06
200634  4.767645E-06  4.815105E-07
200635  8.893995E-06 -1.686438E-06
200636 -2.774859E-06 -7.971977E-07
200637 -9.148350E-06  1.737575E-06
200638 -3.152652E-06  3.434625E-06
200639  5.056527E-06  6.779913E-07
200640  8.565354E-06 -3.406967E-06
200641  5.138590E-06 -3.877542E-06
200642 -1.975669E-06 -1.764339E-06
200643 -7.007800E-06  1.341078E-06
200644 -8.713781E-06  4.027881E-06
200645 -8.039625E-06  4.628046E-06
200646 -5.795381E-06  4.293043E-06
200647 -3.760847E-06  4.146457E-06
200648 -2.609295E-06  3.488146E-06
200649  7.746744E-06 -4.232615E-06
200650  7.565652E-06 -4.206650E-06
200651  8.205320E-06 -3.808460E-06
200652  8.943768E-06 -2.891031E-06
200653  7.835330E-06 -1.074307E-06
200654  4.922013E-06  1.272974E-06
200655 -2.649770E-07  2.874098E-06
200656 -6.923192E-06  3.565491E-06
200657 -1.001107E-05  2.533371E-06
200658 -5.429331E-06 -1.051216E-06
200659  4.489606E-06 -3.324198E-06
200660  1.013369E-05 -1.698935E-06
200661  1.742914E-06  1.828307E-06
200662 -9.562597E-06  3.042248E-06
200663 -4.645013E-06 -1.714782E-06
200664  7.948484E-06 -2.524317E-06
200665  5.255027E-06  2.756311E-06
200666 -8.604161E-06  4.299798E-07
200667 -2.358419E-06 -2.935326E-06
200668  9.864431E-06  1.464357E-06
200669 -4.169698E-06  1.156393E-06
200670 -5.838893E-06 -3.652933E-06
200671  9.437750E-06  2.456570E-06
200672 -3.869609E-06  1.172860E-06
200673 -5.921256E-06 -4.741329E-06
200674  1.099405E-05  5.568033E-06
200675 -7.387612E-06 -2.533780E-06
200676 -7.631361E-07 -2.765809E-06
200677  1.019648E-05  7.732847E-06
200678 -1.612773E-05 -9.143173E-06
200679  1.430562E-05  4.233323E-06
200680 -3.148216E-06  6.316028E-06
200681 -1.921042E-05 -1.737855E-05
200682  4.862646E-05  1.105483E-05
200683 -4.031004E-05  2.937849E-05
200684 -6.842754E-05  1.525466E-05
200685  1.839103E-05  1.180934E-05
200686 -6.898970E-05  1.553800E-05
200687 -4.080160E-05  2.961506E-05
200688  4.853348E-05  1.118521E-05
200689 -1.915399E-05 -1.737098E-05
200690 -3.145051E-06  6.255287E-06
200691  1.427971E-05  4.258009E-06
200692 -1.606922E-05 -9.137376E-06
200693  1.027508E-05  7.651248E-06
200694 -8.087658E-07 -2.877906E-06
200695 -7.495989E-06 -2.683567E-06
200696  1.083423E-05  5.468871E-06
200697 -6.047554E-06 -4.656263E-06
200698 -3.813702E-06  1.332284E-06
200699  9.524421E-06  2.449161E-06
200700 -5.909719E-06 -3.752323E-06
200701 -4.361175E-06  1.209779E-06
200702  9.756892E-06  1.665829E-06
200703 -2.265439E-06 -2.748947E-06
200704 -8.502707E-06  4.177727E-07
200705  5.166375E-06  2.569273E-06
200706  7.755510E-06 -2.518475E-06
200707 -4.752268E-06 -1.433357E-06
200708 -9.532381E-06  3.306254E-06
200709  1.906195E-06  1.992648E-06
200710  1.037884E-05 -1.563638E-06
200711  4.765563E-06 -3.338335E-06
200712 -5.130422E-06 -1.276538E-06
200713 -9.775995E-06  2.293833E-06
200714 -6.735137E-06  3.440592E-06
200715 -3.281790E-08  2.886605E-06
200716  5.204933E-06  1.394303E-06
200717  8.215171E-06 -8.666791E-07
200718  9.409284E-06 -2.556338E-06
200719  8.589318E-06 -3.472000E-06
200720  7.747715E-06 -4.028980E-06
200721 -6.989292E-06 -6.413114E-07
200722 -6.959256E-06 -1.329331E-06
200723 -5.727094E-06 -2.355880E-06
200724 -3.112345E-06 -3.502682E-06
200725  4.539083E-07 -5.046550E-06
200726  4.989760E-06 -5.460478E-06
200727  8.834843E-06 -3.647903E-06
200728  8.372663E-06 -7.465104E-08
200729  2.029223E-06  3.907312E-06
200730 -6.291455E-06  4.087634E-06
200731 -9.774189E-06 -1.111115E-07
200732 -1.486283E-06 -3.380252E-06
200733  9.235101E-06 -1.988204E-06
200734  4.978947E-06  3.132251E-06
200735 -8.052621E-06  1.549123E-06
200736 -6.120795E-06 -3.283698E-06
200737  9.469595E-06  2.638864E-07
200738  2.572139E-06  2.821101E-06
200739 -1.034086E-05 -1.859296E-06
200740  4.773639E-06 -2.136820E-06
200741  5.904023E-06  4.352005E-06
200742 -8.729127E-06 -2.668792E-06
200743  3.331283E-06 -1.757690E-06
200744  4.675180E-06  5.777174E-06
200745 -9.582577E-06 -7.025723E-06
200746  7.592087E-06  3.984183E-06
200747 -7.970805E-07  1.601617E-06
200748 -6.047731E-06 -7.054683E-06
200749  1.173805E-05  1.062849E-05
200750 -1.386299E-05 -1.015133E-05
200751  1.157365E-05  4.959969E-06
200752 -4.606584E-06  5.854116E-06
200753 -1.006543E-05 -2.259848E-05
200754  4.254463E-05  3.893872E-05
200755 -1.040371E-04 -4.664824E-06
200756  2.154563E-05 -1.643374E-04
200757  2.885287E-04 -2.298202E-04
200758  2.136521E-05 -1.643011E-04
200759 -1.041654E-04 -4.636353E-06
200760  4.255554E-05  3.902807E-05
200761 -1.009827E-05 -2.259130E-05
200762 -4.644033E-06  5.791712E-06
200763  1.159325E-05  5.010181E-06
200764 -1.379329E-05 -1.015555E-05
200765  1.179787E-05  1.055842E-05
200766 -6.063186E-06 -7.089459E-06
200767 -8.099586E-07  1.504476E-06
200768  7.533102E-06  3.872985E-06
200769 -9.630976E-06 -7.010497E-06
200770  4.729033E-06  5.827542E-06
200771  3.335014E-06 -1.821925E-06
200772 -8.825279E-06 -2.702981E-06
200773  5.764609E-06  4.451497E-06
200774  4.685838E-06 -1.999601E-06
200775 -1.027554E-05 -1.717736E-06
200776  2.646201E-06  2.876666E-06
200777  9.362601E-06  1.921089E-07
200778 -6.317402E-06 -3.233675E-06
200779 -8.105432E-06  1.776290E-06
200780  5.078560E-06  3.337411E-06
200781  9.431843E-06 -1.925091E-06
200782 -1.228645E-06 -3.420412E-06
200783 -9.524383E-06 -2.820599E-07
200784 -6.101301E-06  3.781778E-06
200785  2.100892E-06  3.643069E-06
200786  8.441251E-06 -2.650264E-07
200787  9.003518E-06 -3.742201E-06
200788  5.198054E-06 -5.448679E-06
200789  7.371644E-07 -5.021254E-06
200790 -2.685067E-06 -3.447676E-06
200791 -5.328973E-06 -2.288856E-06
200792 -6.797147E-06 -1.280117E-06
200793 -4.984599E-06  5.288489E-06
200794 -5.534851E-06  5.029531E-06
200795 -7.116399E-06  4.769956E-06
200796 -9.481466E-06  4.166858E-06
200797 -1.083159E-05  2.341342E-06
200798 -9.888742E-06 -5.398900E-07
200799 -4.962376E-06 -3.136805E-06
200800  3.911696E-06 -4.720816E-06
200801  1.045108E-05 -2.786767E-06
200802  8.728831E-06  1.922835E-06
200803 -3.217752E-06  3.756343E-06
200804 -1.165532E-05  1.050942E-06
200805 -2.652809E-06 -3.858170E-06
200806  9.939574E-06 -1.388009E-06
200807  4.260793E-06  4.085702E-06
200808 -1.057711E-05  2.350841E-07
200809 -1.226907E-06 -3.876544E-06
200810  9.999807E-06  1.831169E-06
200811 -4.651832E-06  3.307390E-06
200812 -5.037417E-06 -5.830483E-06
200813  8.153321E-06  3.091890E-06
200814 -2.522292E-06  2.777884E-06
200815 -4.820250E-06 -7.140140E-06
200816  8.380811E-06  7.631207E-06
200817 -6.698561E-06 -4.402218E-06
200818  1.244208E-06 -1.444495E-06
200819  4.782093E-06  7.154688E-06
200820 -8.645955E-06 -1.016578E-05
200821  1.044657E-05  1.061969E-05
200822 -9.980772E-06 -7.341808E-06
200823  7.119599E-06  9.358060E-07
200824 -2.386828E-06  9.018142E-06
200825 -7.285625E-06 -2.450454E-05
200826  3.313126E-05  4.618516E-05
200827 -1.110879E-04 -3.711438E-05
200828  9.809427E-05 -2.143379E-04
200829  4.400258E-04 -2.451818E-04
200830  9.809001E-05 -2.145721E-04
200831 -1.110867E-04 -3.721532E-05
200832  3.320136E-05  4.629035E-05
200833 -7.328964E-06 -2.450216E-05
200834 -2.463414E-06  8.939035E-06
200835  7.136067E-06  9.758343E-07
200836 -9.930285E-06 -7.353354E-06
200837  1.047441E-05  1.057740E-05
200838 -8.642675E-06 -1.015513E-05
200839  4.799108E-06  7.111147E-06
200840  1.240146E-06 -1.513068E-06
200841 -6.665543E-06 -4.416909E-06
200842  8.429341E-06  7.620399E-06
200843 -4.838766E-06 -7.204901E-06
200844 -2.565575E-06  2.787478E-06
200845  8.065846E-06  3.165080E-06
200846 -5.114748E-06 -5.758557E-06
200847 -4.590623E-06  3.403836E-06
200848  1.005473E-05  1.904733E-06
200849 -1.311608E-06 -3.839153E-06
200850 -1.068749E-05  3.066644E-07
200851  4.280703E-06  4.159688E-06
200852  1.003625E-05 -1.350399E-06
200853 -2.556733E-06 -3.931061E-06
200854 -1.159164E-05  9.946887E-07
200855 -3.167168E-06  3.736891E-06
200856  8.796689E-06  1.810339E-06
200857  1.047033E-05 -2.930022E-06
200858  3.909314E-06 -4.874249E-06
200859 -4.916749E-06 -3.229081E-06
200860 -9.786478E-06 -5.556787E-07
200861 -1.067125E-05  2.313065E-06
200862 -9.218651E-06  4.155274E-06
200863 -6.849850E-06  4.777657E-06
200864 -5.447665E-06  5.072241E-06
200865  9.078744E-06  2.125696E-06
200866  8.805415E-06  2.662730E-06
200867  7.508424E-06  3.789662E-06
200868  4.330563E-06  5.116645E-06
200869 -3.257828E-08  6.562160E-06
200870 -5.813852E-06  5.986653E-06
200871 -1.077645E-05  2.882355E-06
200872 -9.383852E-06 -2.324788E-06
200873 -1.722940E-06 -6.090570E-06
200874  8.403536E-06 -3.365733E-06
200875  9.719219E-06  2.571736E-06
200876 -2.170709E-06  5.238373E-06
200877 -1.032879E-05 -1.133666E-06
200878 -1.296167E-06 -5.551585E-06
200879  1.037548E-05  2.055449E-06
200880 -6.528897E-07  4.789013E-06
200881 -9.465103E-06 -4.268758E-06
200882  5.254236E-06 -2.842321E-06
200883  4.929713E-06  7.286572E-06
200884 -8.135762E-06 -4.530045E-06
200885  2.713997E-06 -2.608266E-06
200886  4.861619E-06  7.889194E-06
200887 -8.087011E-06 -8.234611E-06
200888  6.194701E-06  4.171759E-06
200889 -1.325300E-06  1.922843E-06
200890 -3.630344E-06 -7.310576E-06
200891  6.718150E-06  1.015409E-05
200892 -7.793574E-06 -9.589174E-06
200893  7.087125E-06  6.640847E-06
200894 -5.489503E-06 -1.473749E-06
200895  3.132941E-06 -5.592427E-06
200896  2.893350E-07  1.420451E-05
200897 -7.038585E-06 -2.553652E-05
200898  2.623541E-05  3.952896E-05
200899 -7.922977E-05 -3.076854E-05
200900  7.462684E-05 -1.250802E-04
200901  3.338501E-04 -6.946205E-05
200902  7.455560E-05 -1.251099E-04
200903 -7.935594E-05 -3.059182E-05
200904  2.632543E-05  3.966383E-05
200905 -6.979498E-06 -2.563783E-05
200906  2.049232E-07  1.410823E-05
200907  3.126398E-06 -5.555013E-06
200908 -5.451215E-06 -1.470565E-06
200909  7.086318E-06  6.634260E-06
200910 -7.782116E-06 -9.590570E-06
200911  6.713721E-06  1.012530E-05
200912 -3.634858E-06 -7.313094E-06
200913 -1.264241E-06  1.925793E-06
200914  6.196834E-06  4.168266E-06
200915 -8.107506E-06 -8.248615E-06
200916  4.882991E-06  7.898260E-06
200917  2.646177E-06 -2.625195E-06
200918 -8.230410E-06 -4.503654E-06
200919  4.979380E-06  7.329599E-06
200920  5.265945E-06 -2.848849E-06
200921 -9.547995E-06 -4.220257E-06
200922 -6.645977E-07  4.828109E-06
200923  1.043197E-05  2.018248E-06
200924 -1.284058E-06 -5.539645E-06
200925 -1.037292E-05 -1.156099E-06
200926 -2.231345E-06  5.310973E-06
200927  9.770347E-06  2.694722E-06
200928  8.559602E-06 -3.387922E-06
200929 -1.623861E-06 -6.193594E-06
200930 -9.354712E-06 -2.408795E-06
200931 -1.069850E-05  2.893231E-06
200932 -5.609036E-06  5.998333E-06
200933  1.981294E-07  6.540941E-06
200934  4.536346E-06  5.122997E-06
200935  7.698108E-06  3.755268E-06
200936  8.897029E-06  2.647178E-06
200937  9.362564E-06 -3.900911E-06
200938  9.772947E-06 -3.242122E-06
200939  1.103719E-05 -2.095094E-06
200940  1.199104E-05 -4.413414E-07
200941  1.150629E-05  2.931375E-06
200942  7.596239E-06  5.662207E-06
200943 -7.389468E-07  6.043024E-06
200944 -9.081799E-06  3.153481E-06
200945 -1.197369E-05 -2.873147E-06
200946 -3.829092E-06 -5.583041E-06
200947  9.578174E-06 -1.790311E-06
200948  9.741283E-06  4.994071E-06
200949 -4.862376E-06  3.484190E-06
200950 -1.065352E-05 -5.419093E-06
200951  4.901374E-06 -2.897245E-06
200952  8.775791E-06  6.026750E-06
200953 -7.911258E-06 -1.188969E-07
200954 -3.088223E-06 -6.897166E-06
200955  8.835810E-06  6.125931E-06
200956 -4.729915E-06  1.090665E-06
200957 -3.090043E-06 -7.669423E-06
200958  7.675522E-06  8.535422E-06
200959 -6.498638E-06 -4.160565E-06
200960  2.138063E-06 -2.250250E-06
200961  2.262981E-06  7.659888E-06
200962 -4.965307E-06 -1.011031E-05
200963  5.577148E-06  9.067432E-06
200964 -5.107944E-06 -5.482970E-06
200965  3.733325E-06  5.292189E-07
200966 -2.241095E-06  5.061378E-06
200967  1.013459E-06 -1.131521E-05
200968  1.198607E-06  1.786400E-05
200969 -5.624467E-06 -2.427341E-05
200970  1.783646E-05  2.856137E-05
200971 -4.030309E-05 -1.203164E-05
200972  1.116323E-05 -4.992894E-05
200973  1.276638E-04  4.901725E-05
200974  1.101916E-05 -4.951854E-05
200975 -4.054820E-05 -1.149784E-05
200976  1.795117E-05  2.863522E-05
200977 -5.454821E-06 -2.451907E-05
200978  1.108358E-06  1.777473E-05
200979  9.864887E-07 -1.126245E-05
200980 -2.208631E-06  5.085984E-06
200981  3.708389E-06  5.400919E-07
200982 -5.084875E-06 -5.522025E-06
200983  5.551894E-06  9.035097E-06
200984 -4.988712E-06 -1.005903E-05
200985  2.313299E-06  7.685900E-06
200986  2.095575E-06 -2.236827E-06
200987 -6.516969E-06 -4.125505E-06
200988  7.728882E-06  8.536562E-06
200989 -3.146774E-06 -7.754233E-06
200990 -4.842220E-06  1.103447E-06
200991  8.866742E-06  6.130048E-06
200992 -3.106842E-06 -6.989681E-06
200993 -7.996828E-06 -9.546109E-08
200994  8.815518E-06  6.037397E-06
200995  4.936017E-06 -2.946152E-06
200996 -1.072964E-05 -5.314311E-06
200997 -4.954089E-06  3.589015E-06
200998  9.717373E-06  5.145793E-06
200999  9.770816E-06 -1.711661E-06
201000 -3.558209E-06 -5.689156E-06
201001 -1.184015E-05 -3.026129E-06
201002 -9.022907E-06  3.101477E-06
201003 -5.902149E-07  6.127353E-06
201004  7.888477E-06  5.667513E-06
201005  1.176144E-05  2.891970E-06
201006  1.211324E-05 -4.582016E-07
201007  1.112585E-05 -2.235584E-06
201008  9.871081E-06 -3.372333E-06
201009 -9.080139E-09 -6.874899E-06
201010  5.865062E-07 -6.650784E-06
201011  3.087276E-06 -6.369598E-06
201012  7.016667E-06 -5.678133E-06
201013  1.080875E-05 -2.860174E-06
201014  1.265418E-05  1.274372E-06
201015  9.071871E-06  5.131428E-06
201016 -3.280902E-07  6.821820E-06
201017 -1.050718E-05  2.522174E-06
201018 -1.157183E-05 -4.287670E-06
201019  1.427649E-06 -5.678868E-06
201020  1.224748E-05  1.487994E-06
201021  3.622876E-06  6.687368E-06
201022 -1.083240E-05 -1.737286E-06
201023 -2.832886E-06 -6.938808E-06
201024  1.073530E-05  3.602005E-06
201025 -2.267883E-06  4.978766E-06
201026 -7.573641E-06 -7.605496E-06
201027  7.482771E-06  1.405584E-06
201028 -5.063666E-07  6.712552E-06
201029 -5.497083E-06 -9.097297E-06
201030  6.675300E-06  5.218792E-06
201031 -3.674548E-06  1.776129E-06
201032 -3.746263E-07 -7.718765E-06
201033  3.089073E-06  1.024365E-05
201034 -3.932093E-06 -9.299849E-06
201035  3.541772E-06  5.409237E-06
201036 -2.792288E-06 -2.787923E-07
201037  1.817054E-06 -4.929648E-06
201038 -1.046661E-06  9.745452E-06
201039  7.865398E-07 -1.420330E-05
201040  2.456041E-07  1.826686E-05
201041 -2.699793E-06 -2.054802E-05
201042  8.747992E-06  1.815221E-05
201043 -1.248039E-05  2.006698E-06
201044 -2.618824E-05 -3.046360E-05
201045 -1.664784E-05  5.640342E-05
201046 -2.636263E-05 -2.981496E-05
201047 -1.275779E-05  2.635426E-06
201048  8.883153E-06  1.812325E-05
201049 -2.481440E-06 -2.085123E-05
201050  1.501080E-07  1.820032E-05
201051  7.512884E-07 -1.414392E-05
201052 -1.021793E-06  9.778115E-06
201053  1.781931E-06 -4.922915E-06
201054 -2.753156E-06 -3.380585E-07
201055  3.514011E-06  5.377843E-06
201056 -3.968699E-06 -9.230304E-06
201057  3.116078E-06  1.027283E-05
201058 -4.315784E-07 -7.706186E-06
201059 -3.692042E-06  1.832257E-06
201060  6.724596E-06  5.227131E-06
201061 -5.531616E-06 -9.189105E-06
201062 -6.119523E-07  6.727975E-06
201063  7.498476E-06  1.393441E-06
201064 -7.593337E-06 -7.725641E-06
201065 -2.343072E-06  4.989360E-06
201066  1.077972E-05  3.608280E-06
201067 -2.841383E-06 -6.959415E-06
201068 -1.094964E-05 -1.572315E-06
201069  3.560545E-06  6.850087E-06
201070  1.229910E-05  1.626634E-06
201071  1.702600E-06 -5.702258E-06
201072 -1.129568E-05 -4.470872E-06
201073 -1.041366E-05  2.344651E-06
201074 -2.749496E-07  6.781935E-06
201075  9.223288E-06  5.229829E-06
201076  1.290284E-05  1.256857E-06
201077  1.097792E-05 -2.914368E-06
201078  7.033406E-06 -5.725080E-06
201079  3.082151E-06 -6.580622E-06
201080  6.703303E-07 -6.838294E-06
201081 -7.311501E-06 -7.242739E-06
201082 -6.897701E-06 -7.522914E-06
201083 -4.751702E-06 -8.091522E-06
201084 -5.548616E-07 -8.426396E-06
201085  4.625451E-06 -7.075501E-06
201086  1.003852E-05 -3.031968E-06
201087  1.193800E-05  2.794991E-06
201088  6.337374E-06  8.091204E-06
201089 -4.493663E-06  6.809922E-06
201090 -1.197950E-05 -1.735333E-06
201091 -5.073350E-06 -7.879248E-06
201092  8.910979E-06 -2.550650E-06
201093  8.039685E-06  7.787731E-06
201094 -6.867538E-06  2.696471E-06
201095 -6.901716E-06 -8.674654E-06
201096  8.513596E-06 -5.713322E-08
201097  1.774976E-06  8.392991E-06
201098 -8.159154E-06 -5.905533E-06
201099  5.088387E-06 -3.415246E-06
201100  1.528923E-06  9.854102E-06
201101 -5.387400E-06 -7.815556E-06
201102  4.917972E-06  9.157071E-07
201103 -2.077645E-06  6.412917E-06
201104 -8.055601E-07 -1.047952E-05
201105  2.397251E-06  1.010053E-05
201106 -2.555059E-06 -6.734740E-06
201107  2.226920E-06  1.624489E-06
201108 -1.824895E-06  3.666357E-06
201109  1.428638E-06 -8.098513E-06
201110 -1.303598E-06  1.162107E-05
201111  1.503403E-06 -1.422415E-05
201112 -1.293876E-06  1.610449E-05
201113  1.883673E-07 -1.584018E-05
201114  2.081960E-06  1.040844E-05
201115  8.053914E-07  9.162285E-06
201116 -3.067745E-05 -3.310958E-05
201117 -6.884985E-05  2.276954E-05
201118 -3.085812E-05 -3.254322E-05
201119  5.635901E-07  9.630009E-06
201120  2.211039E-06  1.033542E-05
201121  3.907457E-07 -1.608012E-05
201122 -1.374905E-06  1.605768E-05
201123  1.471180E-06 -1.417825E-05
201124 -1.287446E-06  1.164798E-05
201125  1.400022E-06 -8.100858E-06
201126 -1.780258E-06  3.618068E-06
201127  2.207411E-06  1.600930E-06
201128 -2.590690E-06 -6.679033E-06
201129  2.404236E-06  1.011922E-05
201130 -8.506664E-07 -1.047712E-05
201131 -2.093569E-06  6.461626E-06
201132  4.944543E-06  9.323123E-07
201133 -5.397837E-06 -7.878797E-06
201134  1.450503E-06  9.868580E-06
201135  5.095488E-06 -3.429573E-06
201136 -8.164005E-06 -6.002802E-06
201137  1.721017E-06  8.400133E-06
201138  8.541103E-06 -4.843046E-08
201139 -6.935438E-06 -8.679608E-06
201140 -6.978056E-06  2.837875E-06
201141  8.015425E-06  7.929307E-06
201142  8.986044E-06 -2.456622E-06
201143 -4.828403E-06 -7.941802E-06
201144 -1.177331E-05 -1.900662E-06
201145 -4.447982E-06  6.665735E-06
201146  6.372930E-06  8.064271E-06
201147  1.204050E-05  2.873148E-06
201148  1.018613E-05 -3.059616E-06
201149  4.695170E-06 -7.123967E-06
201150 -5.929158E-07 -8.481542E-06
201151 -4.788310E-06 -8.286346E-06
201152 -6.834049E-06 -7.680365E-06
201153 -9.912227E-06 -7.256882E-06
201154 -9.647509E-06 -7.862069E-06
201155 -8.163679E-06 -8.947614E-06
201156 -4.694544E-06 -9.847178E-06
201157  2.549280E-07 -9.534641E-06
201158  6.567975E-06 -5.751215E-06
201159  1.115577E-05  1.185238E-06
201160  8.636559E-06  8.556732E-06
201161 -5.015758E-07  9.443090E-06
201162 -9.882345E-06  1.373208E-07
201163 -7.384777E-06 -9.174403E-06
201164  5.757257E-06 -5.448864E-06
201165  8.646575E-06  8.045821E-06
201166 -4.031475E-06  5.962604E-06
201167 -7.543472E-06 -9.142148E-06
201168  6.461716E-06 -2.786062E-06
201169  2.916550E-06  1.005985E-05
201170 -7.430139E-06 -4.062972E-06
201171  4.094227E-06 -6.410064E-06
201172  1.493161E-06  1.086764E-05
201173 -4.595479E-06 -6.118915E-06
201174  4.135817E-06 -2.036928E-06
201175 -2.085575E-06  8.699357E-06
201176 -4.300190E-08 -1.108068E-05
201177  1.461188E-06  8.962939E-06
201178 -1.866378E-06 -4.497189E-06
201179  1.986738E-06 -6.770635E-07
201180 -1.941133E-06  5.413295E-06
201181  1.857617E-06 -8.872682E-06
201182 -1.954773E-06  1.124418E-05
201183  2.115035E-06 -1.251502E-05
201184 -2.240412E-06  1.298425E-05
201185  1.875741E-06 -1.172145E-05
201186 -1.300166E-06  6.092611E-06
201187  4.368914E-06  1.001335E-05
201188 -2.153900E-05 -3.302979E-05
201189 -6.716365E-05  7.551278E-07
201190 -2.166991E-05 -3.274171E-05
201191  4.227077E-06  1.022476E-05
201192 -1.223146E-06  6.050436E-06
201193  2.005408E-06 -1.183222E-05
201194 -2.282954E-06  1.295259E-05
201195  2.092857E-06 -1.249643E-05
201196 -1.944440E-06  1.125900E-05
201197  1.844432E-06 -8.877699E-06
201198 -1.912393E-06  5.392389E-06
201199  1.978970E-06 -6.904974E-07
201200 -1.885565E-06 -4.470453E-06
201201  1.456018E-06  8.969693E-06
201202 -6.327653E-08 -1.108523E-05
201203 -2.092657E-06  8.723430E-06
201204  4.138985E-06 -2.024093E-06
201205 -4.591019E-06 -6.148932E-06
201206  1.451693E-06  1.087435E-05
201207  4.096094E-06 -6.419919E-06
201208 -7.421144E-06 -4.113710E-06
201209  2.889067E-06  1.006524E-05
201210  6.470693E-06 -2.778126E-06
201211 -7.571291E-06 -9.146736E-06
201212 -4.098298E-06  6.029475E-06
201213  8.640163E-06  8.126519E-06
201214  5.797713E-06 -5.397062E-06
201215 -7.248215E-06 -9.211920E-06
201216 -9.769829E-06  5.880356E-08
201217 -4.803078E-07  9.363782E-06
201218  8.656709E-06  8.543739E-06
201219  1.120342E-05  1.230410E-06
201220  6.629842E-06 -5.769474E-06
201221  2.695615E-07 -9.560986E-06
201222 -4.725199E-06 -9.890073E-06
201223 -8.183429E-06 -9.057779E-06
201224 -9.608775E-06 -7.942578E-06
