Mesh2HRTF 1.0.0-dev
    1
    1  1225
200000 -1.127406E-03  1.657880E-04
200001  4.035972E-04 -1.147963E-03
200002  5.666211E-04 -1.075241E-03
200003  9.672383E-04 -7.284261E-04
200004  1.199691E-03  1.043969E-04
200005  5.386141E-04  1.073245E-03
200006 -8.852663E-04  8.178515E-04
200007 -8.432878E-04 -8.635347E-04
200008  1.020287E-03 -6.251753E-04
200009  1.027831E-04  1.189367E-03
200010 -9.932273E-04 -6.559097E-04
200011  1.176815E-03 -1.339488E-04
200012 -9.432809E-04  7.135273E-04
200013  6.194982E-04 -9.917897E-04
200014 -3.517451E-04  1.123552E-03
200015  2.017374E-04 -1.135773E-03
200016 -1.256614E-04  1.162246E-03
200017  1.373047E-04 -1.132559E-03
200018 -1.623686E-04  1.145025E-03
200019  2.201581E-04 -1.110480E-03
200020 -2.370912E-04  1.115947E-03
200021  2.288205E-04 -1.102353E-03
200022 -1.375475E-04  1.115877E-03
200023 -4.172398E-05 -1.120829E-03
200024  3.324799E-04  1.055883E-03
200025 -7.178237E-04 -8.580535E-04
200026  1.039249E-03  3.471527E-04
200027 -1.031429E-03  3.873369E-04
200028  3.308391E-04 -1.057817E-03
200029  7.504990E-04  7.727632E-04
200030 -9.723818E-04  4.939408E-04
200031 -4.566783E-04 -1.004322E-03
200032  8.893182E-04 -6.239963E-04
200033  9.119411E-04  5.620539E-04
200034  1.071786E-04  1.065179E-03
200035 -5.683818E-04  9.132664E-04
200036 -8.784041E-04  6.277145E-04
200037 -9.540670E-04  5.081001E-04
200038 -8.784300E-04  6.277220E-04
200039 -5.684327E-04  9.132813E-04
200040  1.071042E-04  1.065201E-03
200041  9.118455E-04  5.620846E-04
200042  8.892043E-04 -6.239570E-04
200043 -4.568073E-04 -1.004274E-03
200044 -9.725220E-04  4.939994E-04
200045  7.503514E-04  7.728328E-04
200046  3.306884E-04 -1.057735E-03
200047 -1.031579E-03  3.874311E-04
200048  1.039105E-03  3.472601E-04
200049 -7.179588E-04 -8.579328E-04
200050  3.323578E-04  1.056017E-03
200051 -4.182993E-05 -1.120683E-03
200052 -1.376349E-04  1.116033E-03
200053  2.287533E-04 -1.102187E-03
200054 -2.371377E-04  1.116121E-03
200055  2.201319E-04 -1.110302E-03
200056 -1.623759E-04  1.145207E-03
200057  1.373141E-04 -1.132375E-03
200058 -1.256381E-04  1.162429E-03
200059  2.017715E-04 -1.135590E-03
200060 -3.517032E-04  1.123733E-03
200061  6.195448E-04 -9.916125E-04
200062 -9.432321E-04  7.137001E-04
200063  1.176864E-03 -1.337817E-04
200064 -9.931800E-04 -6.557498E-04
200065  1.028275E-04  1.189518E-03
200066  1.020327E-03 -6.250356E-04
200067 -8.432519E-04 -8.634086E-04
200068 -8.852355E-04  8.179615E-04
200069  5.386393E-04  1.073336E-03
200070  1.199710E-03  1.044677E-04
200071  9.672513E-04 -7.283777E-04
200072  5.666277E-04 -1.075216E-03
200073 -1.279009E-03  1.134938E-05
200074 -1.218732E-03 -3.817640E-04
200075 -4.167016E-04 -1.205445E-03
200076  1.196848E-03 -4.561882E-04
200077 -2.369249E-04  1.252892E-03
200078 -3.129966E-04 -1.225597E-03
200079  1.966771E-04  1.244282E-03
200080  5.459689E-04 -1.129922E-03
200081 -1.241301E-03  5.273066E-05
200082  1.416246E-04  1.216778E-03
200083  1.195911E-03  2.289019E-04
200084  9.010798E-04 -8.154041E-04
200085  2.412306E-04 -1.184371E-03
200086 -2.355815E-04 -1.173301E-03
200087 -4.759158E-04 -1.081294E-03
200088 -5.570129E-04 -1.022524E-03
200089 -5.497490E-04 -1.006691E-03
200090 -5.086783E-04 -1.009988E-03
200091 -4.837447E-04 -1.007473E-03
200092 -5.223014E-04 -9.774893E-04
200093 -6.591771E-04 -8.842136E-04
200094 -8.867693E-04 -6.501959E-04
200095 -1.081195E-03 -1.619910E-04
200096 -9.099190E-04  5.764902E-04
200097 -1.510887E-05  1.056641E-03
200098  1.012144E-03  2.978758E-04
200099  2.614623E-04 -1.028515E-03
200100 -1.037799E-03  1.572980E-04
200101  8.432318E-04  6.310846E-04
200102 -5.407320E-04 -8.666229E-04
200103  5.975282E-04  8.691502E-04
200104 -9.090646E-04 -4.464221E-04
200105  9.169893E-04 -4.613742E-04
200106  3.547463E-04  9.810505E-04
200107 -7.840399E-04  6.624892E-04
200108 -1.013186E-03 -4.268958E-05
200109 -9.682690E-04 -2.911320E-04
200110 -1.013217E-03 -4.269230E-05
200111 -7.841010E-04  6.624824E-04
200112  3.546604E-04  9.810376E-04
200113  9.168837E-04 -4.613949E-04
200114 -9.091860E-04 -4.464508E-04
200115  5.973933E-04  8.691157E-04
200116 -5.408804E-04 -8.666581E-04
200117  8.430688E-04  6.310561E-04
200118 -1.037977E-03  1.572854E-04
200119  2.612679E-04 -1.028502E-03
200120  1.011938E-03  2.979223E-04
200121 -1.532087E-05  1.056728E-03
200122 -9.101259E-04  5.766215E-04
200123 -1.081384E-03 -1.618150E-04
200124 -8.869255E-04 -6.499790E-04
200125 -6.592879E-04 -8.839640E-04
200126 -5.223575E-04 -9.772187E-04
200127 -4.837424E-04 -1.007195E-03
200128 -5.086203E-04 -1.009717E-03
200129 -5.496440E-04 -1.006438E-03
200130 -5.568732E-04 -1.022296E-03
200131 -4.757548E-04 -1.081095E-03
200132 -2.354106E-04 -1.173131E-03
200133  2.414037E-04 -1.184228E-03
200134  9.012517E-04 -8.152853E-04
200135  1.196082E-03  2.289979E-04
200136  1.417957E-04  1.216852E-03
200137 -1.241129E-03  5.278438E-05
200138  5.461407E-04 -1.129887E-03
200139  1.968443E-04  1.244302E-03
200140 -3.128403E-04 -1.225589E-03
200141 -2.367874E-04  1.252893E-03
200142  1.196959E-03 -4.561900E-04
200143 -4.166236E-04 -1.205447E-03
200144 -1.218692E-03 -3.817655E-04
200145 -6.240400E-04 -1.211370E-03
200146  1.700144E-05 -1.359462E-03
200147  1.342732E-03 -1.274774E-04
200148 -9.250902E-04  9.796266E-04
200149  1.087139E-03 -7.761276E-04
200150 -1.191544E-03 -5.888459E-04
200151 -9.435050E-04  9.217997E-04
200152 -4.260097E-04  1.235767E-03
200153 -6.921094E-04  1.091220E-03
200154 -1.255733E-03  1.827601E-04
200155 -3.583787E-04 -1.192029E-03
200156  1.239387E-03  3.517934E-05
200157 -8.117302E-04  9.068728E-04
200158  2.185723E-04 -1.183806E-03
200159  1.595675E-04  1.162855E-03
200160 -3.486625E-04 -1.122272E-03
200161  4.306370E-04  1.053924E-03
200162 -5.135458E-04 -1.009714E-03
200163  6.438176E-04  9.160139E-04
200164 -8.529719E-04 -6.778507E-04
200165  1.063903E-03  2.332880E-04
200166 -9.290533E-04  5.302355E-04
200167  2.229944E-05 -1.065311E-03
200168  1.019728E-03  1.942376E-04
200169  2.423160E-05  1.020867E-03
200170 -7.781270E-04  6.633337E-04
200171 -9.618664E-04  3.188568E-04
200172 -9.046990E-04  4.434386E-04
200173 -4.255263E-04  9.155399E-04
200174  7.326540E-04  6.702919E-04
200175  3.900485E-04 -9.111148E-04
200176 -8.449936E-04  4.892714E-04
200177  7.947366E-04 -5.739178E-04
200178 -2.560775E-04  9.143129E-04
200179 -8.941775E-04 -4.203198E-04
200180 -1.072706E-04 -9.832974E-04
200181  2.287850E-04 -9.574034E-04
200182 -1.072823E-04 -9.833069E-04
200183 -8.941968E-04 -4.203401E-04
200184 -2.560987E-04  9.142786E-04
200185  7.947178E-04 -5.739708E-04
200186 -8.450096E-04  4.891951E-04
200187  3.900308E-04 -9.112172E-04
200188  7.326258E-04  6.701663E-04
200189 -4.255754E-04  9.154010E-04
200190 -9.047781E-04  4.433010E-04
200191 -9.619811E-04  3.187351E-04
200192 -7.782782E-04  6.632388E-04
200193  2.404756E-05  1.020806E-03
200194  1.019519E-03  1.942194E-04
200195  2.207759E-05 -1.065275E-03
200196 -9.292698E-04  5.303370E-04
200197  1.063716E-03  2.334606E-04
200198 -8.531057E-04 -6.776170E-04
200199  6.437572E-04  9.162823E-04
200200 -5.135260E-04 -1.009447E-03
200201  4.307276E-04  1.054156E-03
200202 -3.485238E-04 -1.122094E-03
200203  1.597272E-04  1.162976E-03
200204  2.187318E-04 -1.183733E-03
200205 -8.115791E-04  9.069089E-04
200206  1.239536E-03  3.518393E-05
200207 -3.582207E-04 -1.192060E-03
200208 -1.255553E-03  1.826805E-04
200209 -6.919052E-04  1.091084E-03
200210 -4.257877E-04  1.235576E-03
200211 -9.432801E-04  9.215685E-04
200212 -1.191333E-03 -5.890889E-04
200213  1.087320E-03 -7.763511E-04
200214 -9.249499E-04  9.794477E-04
200215  1.342826E-03 -1.275983E-04
200216  1.704883E-05 -1.359521E-03
200217 -1.373759E-03  3.841733E-04
200218 -1.304606E-03 -5.673005E-04
200219  1.091733E-03 -9.117502E-04
200220 -1.243868E-03  6.616419E-04
200221  7.680814E-04  1.170297E-03
200222  1.195126E-03  6.979666E-04
200223  5.120513E-04  1.261858E-03
200224 -1.294683E-03  3.604850E-04
200225  9.008477E-04 -9.741113E-04
200226 -1.107174E-03  6.795226E-04
200227  1.170431E-03  4.989529E-04
200228  4.561695E-04 -1.163944E-03
200229 -8.448501E-04 -8.855031E-04
200230 -1.201711E-03 -3.460650E-05
200231 -1.037599E-03  5.647845E-04
200232 -7.393701E-04  8.892949E-04
200233 -3.987463E-04  1.055533E-03
200234  2.364711E-05  1.102270E-03
200235  5.578723E-04  9.314698E-04
200236  1.023816E-03  3.218974E-04
200237  7.920295E-04 -6.861374E-04
200238 -5.319665E-04 -8.814106E-04
200239 -7.223350E-04  7.199711E-04
200240  1.006388E-03  3.430573E-05
200241 -9.394572E-04 -3.415052E-04
200242  9.823188E-04  3.524469E-05
200243 -5.855797E-04  7.936341E-04
200244 -8.005934E-04 -5.164045E-04
200245 -1.937470E-04 -9.413598E-04
200246 -1.674027E-04 -9.566291E-04
200247 -7.524436E-04 -5.845601E-04
200248 -5.593000E-04  7.421355E-04
200249  9.255670E-04 -1.340352E-04
200250 -8.742437E-04  2.849434E-04
200251  3.227687E-04 -8.293171E-04
200252  9.284610E-04  1.114443E-04
200253  8.075191E-04  4.906930E-04
200254  9.284651E-04  1.114271E-04
200255  3.227805E-04 -8.293523E-04
200256 -8.742221E-04  2.848933E-04
200257  9.255953E-04 -1.340933E-04
200258 -5.592714E-04  7.420691E-04
200259 -7.524203E-04 -5.846496E-04
200260 -1.673898E-04 -9.567605E-04
200261 -1.937533E-04 -9.415345E-04
200262 -8.006304E-04 -5.165968E-04
200263 -5.856543E-04  7.934621E-04
200264  9.822119E-04  3.511753E-05
200265 -9.395819E-04 -3.415880E-04
200266  1.006260E-03  3.425450E-05
200267 -7.224576E-04  7.199491E-04
200268 -5.320774E-04 -8.813859E-04
200269  7.919408E-04 -6.860426E-04
200270  1.023769E-03  3.220657E-04
200271  5.578874E-04  9.316803E-04
200272  2.373588E-05  1.102466E-03
200273 -3.985948E-04  1.055662E-03
200274 -7.391878E-04  8.893281E-04
200275 -1.037423E-03  5.647314E-04
200276 -1.201566E-03 -3.471343E-05
200277 -8.447373E-04 -8.856279E-04
200278  4.562640E-04 -1.164066E-03
200279  1.170520E-03  4.988312E-04
200280 -1.107093E-03  6.793790E-04
200281  9.008990E-04 -9.742994E-04
200282 -1.294686E-03  3.602480E-04
200283  5.119865E-04  1.261595E-03
200284  1.195015E-03  6.977213E-04
200285  7.679547E-04  1.170113E-03
200286 -1.243981E-03  6.615411E-04
200287  1.091650E-03 -9.117807E-04
200288 -1.304649E-03 -5.672991E-04
200289  1.480045E-03 -1.773790E-04
200290  1.077390E-03  1.026534E-03
200291 -1.442584E-03 -3.533046E-04
200292  2.252235E-04  1.452161E-03
200293  6.993758E-04  1.273932E-03
200294 -8.828513E-04  1.131376E-03
200295  1.211943E-04 -1.394480E-03
200296 -9.577609E-04  9.971068E-04
200297  7.381446E-04  1.136298E-03
200298  1.083760E-03  7.591698E-04
200299  6.580794E-04  1.108978E-03
200300 -6.593526E-04  1.066551E-03
200301 -1.026207E-03 -6.815064E-04
200302  9.968898E-04 -6.677395E-04
200303 -6.871010E-05  1.168862E-03
200304 -7.848178E-04 -8.238945E-04
200305  1.116270E-03  8.643264E-06
200306 -6.528364E-04  8.734845E-04
200307 -5.055285E-04 -9.479518E-04
200308  9.734633E-04 -3.904126E-04
200309  6.109730E-04  8.219524E-04
200310 -1.868953E-04  1.001328E-03
200311 -4.421182E-04  8.898587E-04
200312 -1.252725E-04  9.519217E-04
200313  7.359654E-04  5.973799E-04
200314  4.734277E-04 -8.096528E-04
200315 -8.521608E-04  4.022945E-04
200316  7.463343E-04 -5.313897E-04
200317  1.100202E-04  8.791344E-04
200318 -7.797356E-04  4.268500E-04
200319 -8.547642E-04  2.660523E-04
200320 -4.792615E-04  7.894194E-04
200321  7.900337E-04  3.934683E-04
200322 -5.786374E-04 -7.126053E-04
200323  8.099916E-04  2.060160E-04
200324 -2.697385E-04  7.739670E-04
200325 -6.497179E-04  5.450341E-04
200326 -2.697356E-04  7.740788E-04
200327  8.100078E-04  2.061598E-04
200328 -5.785956E-04 -7.125119E-04
200329  7.901001E-04  3.934933E-04
200330 -4.791835E-04  7.894110E-04
200331 -8.546774E-04  2.660351E-04
200332 -7.796298E-04  4.268066E-04
200333  1.101389E-04  8.790379E-04
200334  7.464280E-04 -5.315288E-04
200335 -8.521325E-04  4.021617E-04
200336  4.733848E-04 -8.097335E-04
200337  7.358814E-04  5.973630E-04
200338 -1.253589E-04  9.519517E-04
200339 -4.421816E-04  8.899134E-04
200340 -1.869295E-04  1.001396E-03
200341  6.109617E-04  8.220312E-04
200342  9.734707E-04 -3.903245E-04
200343 -5.054934E-04 -9.478716E-04
200344 -6.527622E-04  8.735262E-04
200345  1.116373E-03  8.624952E-06
200346 -7.847219E-04 -8.239669E-04
200347 -6.865247E-05  1.168763E-03
200348  9.969111E-04 -6.678357E-04
200349 -1.026193E-03 -6.815800E-04
200350 -6.593199E-04  1.066503E-03
200351  6.581243E-04  1.108935E-03
200352  1.083775E-03  7.590939E-04
200353  7.380667E-04  1.136175E-03
200354 -9.579744E-04  9.969694E-04
200355  1.208706E-04 -1.394574E-03
200356 -8.831886E-04  1.131360E-03
200357  6.991255E-04  1.273990E-03
200358  2.250896E-04  1.452272E-03
200359 -1.442640E-03 -3.531759E-04
200360  1.077370E-03  1.026624E-03
200361 -1.115407E-03  1.066135E-03
200362 -1.464143E-03 -4.780119E-04
200363  1.424711E-03  5.633266E-04
200364  1.220701E-03 -9.019480E-04
200365  1.423998E-03  4.468684E-04
200366 -1.458322E-03  1.054701E-04
200367  5.284025E-04  1.326054E-03
200368  9.816451E-04  9.913125E-04
200369 -1.390250E-04  1.354980E-03
200370 -1.169206E-03 -6.307903E-04
200371  1.258519E-03  2.825760E-04
200372 -1.000308E-03 -7.534882E-04
200373 -5.760796E-05  1.222264E-03
200374  1.167637E-03 -2.181820E-04
200375 -2.274403E-04 -1.135566E-03
200376 -1.109919E-03  1.560979E-04
200377  1.593434E-04  1.081548E-03
200378  1.002235E-03 -3.418435E-04
200379 -7.557434E-04 -7.057951E-04
200380  1.281740E-04  1.000370E-03
200381  8.126050E-05 -1.000431E-03
200382  2.766667E-04  9.340903E-04
200383 -9.259658E-04 -2.246031E-04
200384  6.707970E-05 -9.342816E-04
200385  5.738082E-04 -7.387168E-04
200386  3.669589E-04 -8.304453E-04
200387 -6.041889E-04 -6.418706E-04
200388 -2.660320E-04  8.453726E-04
200389  3.063966E-04 -8.464695E-04
200390  5.133749E-04  6.930955E-04
200391 -3.942235E-04  8.041765E-04
200392 -4.075108E-04  7.649053E-04
200393  4.885385E-04  6.224463E-04
200394  2.603287E-04 -8.582002E-04
200395  1.321965E-05  8.839318E-04
200396 -7.495201E-04 -6.254356E-05
200397 -5.102170E-04 -4.647116E-04
200398 -7.495053E-04 -6.227488E-05
200399  1.322288E-05  8.843116E-04
200400  2.603385E-04 -8.578962E-04
200401  4.885855E-04  6.225985E-04
200402 -4.074523E-04  7.649643E-04
200403 -3.941839E-04  8.042309E-04
200404  5.134203E-04  6.931576E-04
200405  3.064647E-04 -8.464532E-04
200406 -2.659880E-04  8.453183E-04
200407 -6.042161E-04 -6.419519E-04
200408  3.668816E-04 -8.304964E-04
200409  5.737407E-04 -7.387144E-04
200410  6.706130E-05 -9.342241E-04
200411 -9.259277E-04 -2.245005E-04
200412  2.767481E-04  9.342001E-04
200413  8.135204E-05 -1.000363E-03
200414  1.282423E-04  1.000378E-03
200415 -7.556950E-04 -7.058384E-04
200416  1.002294E-03 -3.419339E-04
200417  1.594168E-04  1.081424E-03
200418 -1.109868E-03  1.559918E-04
200419 -2.274341E-04 -1.135606E-03
200420  1.167620E-03 -2.181676E-04
200421 -5.761891E-05  1.222290E-03
200422 -1.000316E-03 -7.534662E-04
200423  1.258485E-03  2.826030E-04
200424 -1.169285E-03 -6.307663E-04
200425 -1.391471E-04  1.354999E-03
200426  9.814884E-04  9.913746E-04
200427  5.282497E-04  1.326202E-03
200428 -1.458381E-03  1.056452E-04
200429  1.424091E-03  4.469480E-04
200430  1.220872E-03 -9.019998E-04
200431  1.424821E-03  5.632287E-04
200432 -1.464122E-03 -4.780704E-04
200433  1.393980E-04 -1.568757E-03
200434  1.535643E-03 -3.377685E-04
200435 -1.443910E-03 -5.961887E-04
200436 -1.486963E-03 -4.097640E-04
200437  1.132038E-03 -9.983851E-04
200438 -1.385526E-03 -5.237028E-04
200439 -1.419518E-03 -2.702906E-04
200440  1.362119E-04 -1.397051E-03
200441  2.056757E-04  1.348889E-03
200442  9.414729E-04 -9.373582E-04
200443 -5.624885E-04 -1.157163E-03
200444 -1.014232E-03 -7.192507E-04
200445 -9.535870E-04 -7.332367E-04
200446 -5.762804E-04 -1.008795E-03
200447  7.683179E-05 -1.121211E-03
200448  6.920270E-04 -8.540646E-04
200449  9.847767E-04 -4.216050E-04
200450  1.021609E-03 -1.629871E-04
200451  9.654129E-04 -2.705819E-04
200452  6.248242E-04 -7.523711E-04
200453 -4.478935E-04 -8.535689E-04
200454 -6.755602E-04  6.407456E-04
200455  8.956200E-04 -1.927752E-04
200456 -7.996890E-04  4.352569E-04
200457 -7.389976E-05 -8.892384E-04
200458  7.080158E-04 -5.275427E-04
200459  6.951305E-04 -4.848310E-04
200460 -8.003540E-05 -8.329658E-04
200461 -6.562160E-04  4.863640E-04
200462  5.925079E-04 -5.900236E-04
200463  3.949638E-04  7.490993E-04
200464 -1.019199E-04  7.893726E-04
200465  4.104582E-04  6.454146E-04
200466  6.384091E-04 -4.762417E-04
200467 -6.570847E-04  6.999268E-04
200468 -4.640668E-04 -7.492336E-04
200469 -2.792851E-05 -9.343684E-04
200470 -4.640417E-04 -7.490444E-04
200471 -6.571211E-04  7.001745E-04
200472  6.383573E-04 -4.760690E-04
200473  4.104710E-04  6.454914E-04
200474 -1.019113E-04  7.894354E-04
200475  3.949127E-04  7.492217E-04
200476  5.924853E-04 -5.898788E-04
200477 -6.561611E-04  4.864148E-04
200478 -7.999277E-05 -8.330487E-04
200479  6.950828E-04 -4.849449E-04
200480  7.079089E-04 -5.275721E-04
200481 -7.399898E-05 -8.891727E-04
200482 -7.997504E-04  4.353741E-04
200483  8.956111E-04 -1.926349E-04
200484 -6.754900E-04  6.408579E-04
200485 -4.477494E-04 -8.535580E-04
200486  6.249821E-04 -7.524628E-04
200487  9.655323E-04 -2.707102E-04
200488  1.021676E-03 -1.631233E-04
200489  9.847837E-04 -4.217424E-04
200490  6.919822E-04 -8.541304E-04
200491  7.678264E-05 -1.121140E-03
200492 -5.763000E-04 -1.008664E-03
200493 -9.536007E-04 -7.331688E-04
200494 -1.014272E-03 -7.192472E-04
200495 -5.625590E-04 -1.157144E-03
200496  9.413923E-04 -9.372974E-04
200497  2.056440E-04  1.348964E-03
200498  1.362745E-04 -1.396980E-03
200499 -1.419417E-03 -2.702514E-04
200500 -1.385464E-03 -5.237749E-04
200501  1.132043E-03 -9.986328E-04
200502 -1.487058E-03 -4.101106E-04
200503 -1.444146E-03 -5.964658E-04
200504  1.535408E-03 -3.378946E-04
200505  3.321345E-04  1.550454E-03
200506 -1.485163E-03  5.455180E-04
200507  1.163499E-03  1.054315E-03
200508  2.697272E-04  1.519587E-03
200509 -1.870480E-04 -1.510402E-03
200510 -1.159147E-03 -9.232002E-04
200511  5.503198E-04 -1.330533E-03
200512 -4.713589E-04  1.318058E-03
200513  1.306563E-03  3.406320E-04
200514  1.289312E-03 -1.912360E-04
200515  1.132202E-03  5.564823E-04
200516 -3.060417E-04  1.178968E-03
200517 -9.662658E-04 -6.708989E-04
200518  1.094571E-03 -3.250545E-04
200519 -5.872622E-04  9.366171E-04
200520 -2.000559E-04 -1.041031E-03
200521  9.208137E-04  4.756258E-04
200522 -7.391879E-04  6.711981E-04
200523 -7.089515E-04 -6.739596E-04
200524  1.245567E-04 -9.386422E-04
200525  3.880927E-04 -8.351482E-04
200526  8.140785E-07 -9.107366E-04
200527 -8.427507E-04 -2.678040E-04
200528  2.545904E-04  8.350555E-04
200529 -2.662995E-04 -8.050392E-04
200530  8.295278E-04  1.673959E-04
200531  2.869903E-04  7.722998E-04
200532  3.731781E-04  7.330340E-04
200533  7.824023E-04 -2.138443E-04
200534 -7.374614E-04 -2.662504E-04
200535  7.176407E-04 -2.499240E-04
200536  5.279436E-04  5.476318E-04
200537  6.732878E-04  4.013142E-04
200538  5.341801E-04 -4.793173E-04
200539 -8.046120E-04  5.761257E-04
200540 -4.428796E-04 -1.056029E-03
200541 -2.965503E-05 -1.271115E-03
200542 -4.429057E-04 -1.055984E-03
200543 -8.046566E-04  5.760474E-04
200544  5.342248E-04 -4.795301E-04
200545  6.733914E-04  4.011623E-04
200546  5.279210E-04  5.476631E-04
200547  7.175216E-04 -2.497754E-04
200548 -7.374816E-04 -2.661196E-04
200549  7.824887E-04 -2.138338E-04
200550  3.732367E-04  7.329208E-04
200551  2.869689E-04  7.721704E-04
200552  8.294496E-04  1.673605E-04
200553 -2.664116E-04 -8.049704E-04
200554  2.544598E-04  8.351608E-04
200555 -8.428660E-04 -2.677121E-04
200556  7.964444E-07 -9.106818E-04
200557  3.882113E-04 -8.351788E-04
200558  1.247231E-04 -9.387600E-04
200559 -7.088420E-04 -6.740900E-04
200560 -7.391840E-04  6.710936E-04
200561  9.207107E-04  4.755461E-04
200562 -2.001781E-04 -1.041023E-03
200563 -5.872920E-04  9.367526E-04
200564  1.094605E-03 -3.249298E-04
200565 -9.662972E-04 -6.708904E-04
200566 -3.061297E-04  1.178964E-03
200567  1.132176E-03  5.565284E-04
200568  1.289330E-03 -1.912223E-04
200569  1.306563E-03  3.405676E-04
200570 -4.713390E-04  1.317934E-03
200571  5.502826E-04 -1.330719E-03
200572 -1.159409E-03 -9.234434E-04
200573 -1.874849E-04 -1.510608E-03
200574  2.692884E-04  1.519547E-03
200575  1.163130E-03  1.054430E-03
200576 -1.485397E-03  5.456359E-04
200577  1.402092E-04 -1.569175E-03
200578  1.568113E-03  1.209373E-04
200579 -2.587422E-05 -1.554718E-03
200580  1.462830E-03 -4.585224E-04
200581 -1.251369E-03 -8.267874E-04
200582 -9.841890E-04 -1.080769E-03
200583  1.405402E-03  2.120700E-04
200584 -2.351223E-04 -1.358313E-03
200585 -5.819723E-04 -1.194479E-03
200586  7.078042E-04 -1.067357E-03
200587  5.553809E-04  1.102814E-03
200588 -8.041436E-04 -8.755308E-04
200589  5.032145E-04  1.033751E-03
200590  1.756686E-04 -1.097032E-03
200591 -8.367753E-04  6.564246E-04
200592  1.035675E-03  3.808615E-05
200593 -8.657628E-04 -5.110553E-04
200594  7.451696E-04  6.249514E-04
200595 -8.775967E-04 -3.410693E-04
200596  7.850583E-04 -4.933335E-04
200597  5.123923E-04  7.358026E-04
200598 -8.541278E-05  8.781053E-04
200599  8.216357E-05  8.463928E-04
200600  7.945123E-04  2.704507E-04
200601 -2.424756E-04 -7.797911E-04
200602  3.500572E-04  7.281929E-04
200603 -7.699429E-04  1.459981E-04
200604 -7.306340E-04 -2.964769E-04
200605 -7.547209E-04  2.060032E-04
200606  4.895095E-04  5.835202E-04
200607 -5.664243E-04 -4.950194E-04
200608  4.928252E-04 -5.249636E-04
200609  6.470636E-04 -4.795473E-04
200610 -1.403078E-04 -6.924906E-04
200611 -2.409304E-04  8.722369E-04
200612 -6.504079E-04 -5.987810E-04
200613 -1.701183E-04 -9.922975E-04
200614 -6.504873E-04 -5.989941E-04
200615 -2.409140E-04  8.717437E-04
200616 -1.401343E-04 -6.929961E-04
200617  6.471315E-04 -4.796719E-04
200618  4.926643E-04 -5.247451E-04
200619 -5.665234E-04 -4.948049E-04
200620  4.896053E-04  5.835502E-04
200621 -7.546421E-04  2.059029E-04
200622 -7.306595E-04 -2.965939E-04
200623 -7.699768E-04  1.459184E-04
200624  3.500241E-04  7.281521E-04
200625 -2.425416E-04 -7.797618E-04
200626  7.944352E-04  2.705204E-04
200627  8.209163E-05  8.464070E-04
200628 -8.542224E-05  8.780910E-04
200629  5.124770E-04  7.358151E-04
200630  7.851320E-04 -4.933241E-04
200631 -8.775909E-04 -3.410843E-04
200632  7.451249E-04  6.249405E-04
200633 -8.658281E-04 -5.110281E-04
200634  1.035692E-03  3.817433E-05
200635 -8.366450E-04  6.565444E-04
200636  1.757674E-04 -1.097035E-03
200637  5.031155E-04  1.033647E-03
200638 -8.043765E-04 -8.754822E-04
200639  5.552496E-04  1.102999E-03
200640  7.077566E-04 -1.067260E-03
200641 -5.821349E-04 -1.194499E-03
200642 -2.353590E-04 -1.358344E-03
200643  1.405134E-03  2.120937E-04
200644 -9.845974E-04 -1.080685E-03
200645 -1.251802E-03 -8.266073E-04
200646  1.462612E-03 -4.582122E-04
200647 -2.586437E-05 -1.554419E-03
200648  1.568190E-03  1.210756E-04
200649 -1.117942E-03  1.069156E-03
200650 -9.751383E-04 -1.190517E-03
200651 -1.339231E-03  7.329148E-04
200652 -5.054068E-04 -1.407768E-03
200653 -1.338861E-03  6.073945E-04
200654 -1.213035E-03 -7.517918E-04
200655  1.022944E-03  9.303596E-04
200656  1.300666E-03 -2.945051E-04
200657  1.127183E-03  6.266405E-04
200658 -1.072332E-03  6.196997E-04
200659  1.072166E-03 -5.533355E-04
200660 -1.067572E-03 -4.364424E-04
200661 -2.609633E-04  1.086265E-03
200662  9.774498E-04  4.373465E-04
200663  6.840178E-04 -7.783299E-04
200664 -5.607440E-04 -8.326531E-04
200665 -8.107364E-04  5.256807E-04
200666  7.482130E-04  5.684978E-04
200667 -2.040197E-04 -8.885558E-04
200668  1.353658E-04  8.757823E-04
200669 -6.287596E-04 -5.947098E-04
200670  6.029595E-04 -5.818908E-04
200671  8.207898E-04 -6.365933E-05
200672  7.514533E-04 -3.290930E-04
200673 -2.097318E-04 -7.658398E-04
200674 -2.321041E-04  7.536190E-04
200675 -2.754349E-04 -7.181473E-04
200676  5.594980E-04 -5.185646E-04
200677  4.619135E-04 -5.639082E-04
200678 -5.210122E-04 -5.244687E-04
200679  3.975050E-04  6.177622E-04
200680 -7.397263E-04  1.429265E-04
200681 -6.867430E-04 -2.475006E-04
200682 -5.232440E-04  3.984249E-04
200683  7.211539E-04  4.248970E-05
200684 -4.708759E-04  6.704834E-04
200685 -7.077979E-04  2.008922E-04
200686 -4.708543E-04  6.700208E-04
200687  7.213146E-04  4.179077E-05
200688 -5.230848E-04  3.979949E-04
200689 -6.869193E-04 -2.473820E-04
200690 -7.400547E-04  1.432904E-04
200691  3.975021E-04  6.179682E-04
200692 -5.208061E-04 -5.244935E-04
200693  4.619676E-04 -5.640313E-04
200694  5.594605E-04 -5.186469E-04
200695 -2.754113E-04 -7.181578E-04
200696 -2.320918E-04  7.536022E-04
200697 -2.097756E-04 -7.658362E-04
200698  7.514321E-04 -3.290540E-04
200699  8.207820E-04 -6.372774E-05
200700  6.029562E-04 -5.820059E-04
200701 -6.287276E-04 -5.947206E-04
200702  1.353566E-04  8.758276E-04
200703 -2.040562E-04 -8.885417E-04
200704  7.481927E-04  5.685151E-04
200705 -8.107264E-04  5.257579E-04
200706 -5.606228E-04 -8.325697E-04
200707  6.841566E-04 -7.783006E-04
200708  9.774410E-04  4.372606E-04
200709 -2.611240E-04  1.086212E-03
200710 -1.067797E-03 -4.362386E-04
200711  1.072053E-03 -5.530211E-04
200712 -1.072315E-03  6.199127E-04
200713  1.127090E-03  6.267676E-04
200714  1.300475E-03 -2.943948E-04
200715  1.022799E-03  9.305579E-04
200716 -1.213177E-03 -7.514845E-04
200717 -1.338942E-03  6.077076E-04
200718 -5.053088E-04 -1.407499E-03
200719 -1.339016E-03  7.330553E-04
200720 -9.749621E-04 -1.190524E-03
200721  1.486457E-03 -1.830174E-04
200722 -1.510125E-05  1.481492E-03
200723  1.382046E-03  5.133352E-04
200724 -1.018686E-03  1.020008E-03
200725  6.889518E-04  1.235684E-03
200726 -1.101377E-03  8.226668E-04
200727  1.334395E-03  8.440046E-05
200728  1.233271E-03 -3.746054E-04
200729  5.740794E-04  1.109340E-03
200730 -8.794626E-04 -8.226226E-04
200731  2.762723E-05  1.157207E-03
200732  1.120299E-03  2.946267E-05
200733  6.699067E-04 -8.500128E-04
200734  7.668422E-05 -1.033333E-03
200735 -3.837468E-04 -9.244210E-04
200736 -7.666773E-04 -5.973033E-04
200737 -9.292292E-04  7.754708E-05
200738 -3.019811E-04  8.540182E-04
200739  8.508054E-04  2.198036E-04
200740 -4.211906E-04 -7.504421E-04
200741  3.767187E-04  7.495678E-04
200742 -7.801710E-04 -2.351827E-04
200743  4.217581E-05 -7.936900E-04
200744  2.780209E-04 -7.324262E-04
200745 -3.415081E-04 -6.872128E-04
200746 -4.536952E-04  6.133880E-04
200747  3.332757E-04 -6.588050E-04
200748  6.326483E-04  3.854268E-04
200749  4.606449E-04  5.521283E-04
200750  6.807109E-04 -1.738479E-04
200751 -6.490424E-04 -2.355922E-04
200752  5.797006E-04 -3.844687E-04
200753  6.631128E-04  1.119385E-04
200754  5.540765E-04 -4.572027E-04
200755 -6.594148E-04 -1.095222E-04
200756  5.369035E-04 -4.294292E-04
200757  6.793897E-04  1.069897E-04
200758  5.370673E-04 -4.298241E-04
200759 -6.591823E-04 -1.099829E-04
200760  5.541190E-04 -4.573296E-04
200761  6.628024E-04  1.121474E-04
200762  5.794136E-04 -3.842513E-04
200763 -6.489674E-04 -2.355243E-04
200764  6.808588E-04 -1.738753E-04
200765  4.606456E-04  5.520900E-04
200766  6.326715E-04  3.854207E-04
200767  3.333459E-04 -6.587775E-04
200768 -4.537082E-04  6.133866E-04
200769 -3.415740E-04 -6.872379E-04
200770  2.780235E-04 -7.324284E-04
200771  4.220421E-05 -7.937783E-04
200772 -7.801884E-04 -2.352977E-04
200773  3.767108E-04  7.495482E-04
200774 -4.212062E-04 -7.504355E-04
200775  8.508073E-04  2.198077E-04
200776 -3.019547E-04  8.540725E-04
200777 -9.291862E-04  7.764852E-05
200778 -7.665512E-04 -5.972669E-04
200779 -3.836940E-04 -9.244651E-04
200780  7.655899E-05 -1.033415E-03
200781  6.697927E-04 -8.499386E-04
200782  1.120290E-03  2.974619E-05
200783  2.772281E-05  1.157435E-03
200784 -8.792945E-04 -8.225287E-04
200785  5.741153E-04  1.109398E-03
200786  1.233223E-03 -3.745875E-04
200787  1.334440E-03  8.445719E-05
200788 -1.101288E-03  8.228147E-04
200789  6.890603E-04  1.235779E-03
200790 -1.018531E-03  1.020019E-03
200791  1.382180E-03  5.132844E-04
200792 -1.503756E-05  1.481399E-03
200793 -1.380342E-03  3.820621E-04
200794 -1.706897E-04 -1.412797E-03
200795 -1.352796E-03 -4.022939E-04
200796  1.007614E-03 -9.535134E-04
200797 -4.381375E-04 -1.287528E-03
200798  1.276027E-03 -3.655285E-04
200799 -1.005092E-03 -7.948364E-04
200800 -1.028883E-03 -6.884745E-04
200801  7.995691E-04 -8.969843E-04
200802 -8.006825E-04  8.405485E-04
200803  1.026642E-03  4.216646E-04
200804  8.194964E-04 -6.877098E-04
200805  4.080927E-04 -9.585320E-04
200806  2.983669E-04 -9.627887E-04
200807  3.211244E-04 -9.127202E-04
200808  2.958456E-04 -8.809698E-04
200809  8.492445E-05 -9.014614E-04
200810 -4.293044E-04 -7.676030E-04
200811 -8.463453E-04  8.265050E-05
200812  2.678850E-04  7.881989E-04
200813  1.678759E-04 -7.929049E-04
200814  1.101478E-04  7.821405E-04
200815 -7.710103E-04 -8.952749E-05
200816 -5.023135E-04 -5.735267E-04
200817 -6.608104E-04 -3.266920E-04
200818 -2.715419E-04  6.773713E-04
200819  3.940785E-04 -5.910929E-04
200820  3.679772E-04  6.075832E-04
200821 -4.432870E-05  6.969915E-04
200822  4.626165E-04  5.045893E-04
200823  4.298315E-05 -6.878471E-04
200824  4.254037E-04  5.352209E-04
200825 -1.827696E-04  6.678113E-04
200826  2.669873E-04  6.242109E-04
200827  3.051482E-04 -6.262168E-04
200828  2.039654E-04  5.936161E-04
200829 -3.230878E-04  5.272552E-04
200830  2.040988E-04  5.934441E-04
200831  3.052472E-04 -6.263783E-04
200832  2.668899E-04  6.242316E-04
200833 -1.830156E-04  6.679340E-04
200834  4.253027E-04  5.352843E-04
200835  4.307541E-05 -6.878515E-04
200836  4.626533E-04  5.045570E-04
200837 -4.434642E-05  6.970102E-04
200838  3.680432E-04  6.076302E-04
200839  3.941240E-04 -5.910851E-04
200840 -2.716008E-04  6.773647E-04
200841 -6.608619E-04 -3.267115E-04
200842 -5.022817E-04 -5.735430E-04
200843 -7.709670E-04 -8.957601E-05
200844  1.101217E-04  7.821002E-04
200845  1.678510E-04 -7.928933E-04
200846  2.678811E-04  7.881758E-04
200847 -8.463440E-04  8.265502E-05
200848 -4.292942E-04 -7.675105E-04
200849  8.496615E-05 -9.013701E-04
200850  2.959429E-04 -8.809718E-04
200851  3.211329E-04 -9.127414E-04
200852  2.982548E-04 -9.628125E-04
200853  4.080595E-04 -9.584169E-04
200854  8.196246E-04 -6.875001E-04
200855  1.026829E-03  4.217183E-04
200856 -8.005455E-04  8.404818E-04
200857  7.995505E-04 -8.970242E-04
200858 -1.028905E-03 -6.885183E-04
200859 -1.005003E-03 -7.948881E-04
200860  1.276119E-03 -3.655598E-04
200861 -4.380966E-04 -1.287649E-03
200862  1.007634E-03 -9.536927E-04
200863 -1.352838E-03 -4.024480E-04
200864 -1.707753E-04 -1.412928E-03
200865 -6.247453E-04 -1.201602E-03
200866  1.273896E-03 -4.343203E-04
200867  6.028159E-05 -1.332237E-03
200868  1.127837E-03  6.801282E-04
200869  1.025454E-03 -7.758952E-04
200870  7.332338E-04  1.023165E-03
200871  3.577158E-04 -1.174446E-03
200872  2.710012E-04 -1.162115E-03
200873  1.060514E-03  4.521305E-04
200874 -9.576724E-04 -5.493850E-04
200875 -2.593122E-04  1.041960E-03
200876  6.536957E-04  8.007316E-04
200877  8.288539E-04  5.476951E-04
200878  7.540068E-04  6.003074E-04
200879  5.529398E-04  7.556719E-04
200880  3.354929E-04  8.423186E-04
200881  2.843322E-04  8.278342E-04
200882  5.291864E-04  6.612961E-04
200883  8.352200E-04  2.963858E-05
200884  7.736527E-05 -7.995762E-04
200885 -6.452826E-04  4.611160E-04
200886  6.042312E-04 -4.769748E-04
200887  1.064256E-04  7.447555E-04
200888 -5.833117E-04  4.585054E-04
200889 -4.994814E-04  5.220069E-04
200890  4.216906E-04  5.795611E-04
200891 -1.162145E-04 -6.899093E-04
200892  5.942891E-04  3.349756E-04
200893  1.809349E-04  6.593340E-04
200894  5.179260E-04  4.187146E-04
200895  4.489601E-05 -6.609552E-04
200896  3.183000E-04  5.853302E-04
200897 -3.302016E-04  5.586538E-04
200898  7.704178E-06  6.627270E-04
200899  4.958215E-04 -3.919454E-04
200900 -1.234080E-04  6.319164E-04
200901 -5.380022E-04  3.224661E-04
200902 -1.234223E-04  6.318598E-04
200903  4.957370E-04 -3.920248E-04
200904  7.543153E-06  6.627084E-04
200905 -3.303223E-04  5.587098E-04
200906  3.183275E-04  5.853976E-04
200907  4.495923E-05 -6.609336E-04
200908  5.179209E-04  4.186755E-04
200909  1.809326E-04  6.593609E-04
200910  5.943357E-04  3.350292E-04
200911 -1.162059E-04 -6.899457E-04
200912  4.216474E-04  5.795572E-04
200913 -4.994709E-04  5.220412E-04
200914 -5.832669E-04  4.584997E-04
200915  1.064414E-04  7.447341E-04
200916  6.041968E-04 -4.769818E-04
200917 -6.453112E-04  4.611414E-04
200918  7.736446E-05 -7.996053E-04
200919  8.351837E-04  2.963340E-05
200920  5.291416E-04  6.613769E-04
200921  2.843467E-04  8.278872E-04
200922  3.355310E-04  8.422941E-04
200923  5.529116E-04  7.557140E-04
200924  7.539533E-04  6.003436E-04
200925  8.288465E-04  5.477646E-04
200926  6.537883E-04  8.008179E-04
200927 -2.591930E-04  1.041928E-03
200928 -9.576463E-04 -5.494567E-04
200929  1.060449E-03  4.521301E-04
200930  2.710331E-04 -1.162101E-03
200931  3.578087E-04 -1.174469E-03
200932  7.332665E-04  1.023127E-03
200933  1.025399E-03 -7.760068E-04
200934  1.127734E-03  6.799970E-04
200935  6.011952E-05 -1.332315E-03
200936  1.273719E-03 -4.343997E-04
200937 -1.281216E-03  8.300677E-06
200938  1.362325E-04 -1.270784E-03
200939 -1.172285E-03 -4.811704E-04
200940  8.354047E-04 -9.261229E-04
200941 -7.358638E-04 -9.805231E-04
200942  8.025608E-04 -8.787264E-04
200943 -1.166133E-03  1.507795E-04
200944 -1.044649E-03  4.544121E-04
200945 -4.635112E-04 -9.987951E-04
200946  5.196081E-04  9.273515E-04
200947  6.311337E-04 -8.201481E-04
200948 -3.860248E-04 -9.124843E-04
200949 -6.830044E-04 -6.804511E-04
200950 -6.260169E-04 -6.948929E-04
200951 -4.024985E-04 -8.059540E-04
200952 -1.690158E-04 -8.543092E-04
200953 -1.090028E-04 -8.380698E-04
200954 -3.276998E-04 -7.593412E-04
200955 -7.329624E-04 -3.153041E-04
200956 -4.054677E-04  6.615089E-04
200957  7.530439E-04 -3.581427E-05
200958 -7.497176E-04 -2.667011E-05
200959  4.810436E-04 -5.551147E-04
200960  6.823655E-04  2.045157E-04
200961  6.617591E-04  1.959714E-04
200962  4.060332E-04 -5.623249E-04
200963 -6.299969E-04  2.471850E-04
200964  2.545610E-04 -6.146861E-04
200965  6.538525E-04 -1.489108E-04
200966  4.710541E-04 -4.596797E-04
200967 -6.369418E-04 -1.900492E-04
200968  6.375519E-04 -1.135965E-04
200969  4.188209E-04  4.919332E-04
200970  5.838200E-04  2.212475E-04
200971 -1.689984E-04 -6.017002E-04
200972  4.785373E-04  4.176726E-04
200973  3.664532E-05  6.506820E-04
200974  4.784212E-04  4.176206E-04
200975 -1.691514E-04 -6.018051E-04
200976  5.836925E-04  2.211871E-04
200977  4.187872E-04  4.919982E-04
200978  6.376037E-04 -1.134853E-04
200979 -6.369144E-04 -1.900071E-04
200980  4.710563E-04 -4.597073E-04
200981  6.538484E-04 -1.488823E-04
200982  2.545503E-04 -6.146544E-04
200983 -6.299981E-04  2.471256E-04
200984  4.060435E-04 -5.623088E-04
200985  6.618163E-04  1.960589E-04
200986  6.823947E-04  2.045123E-04
200987  4.810156E-04 -5.551367E-04
200988 -7.497514E-04 -2.668211E-05
200989  7.530228E-04 -3.578903E-05
200990 -4.054633E-04  6.614995E-04
200991 -7.330096E-04 -3.153167E-04
200992 -3.277692E-04 -7.592958E-04
200993 -1.090174E-04 -8.380389E-04
200994 -1.690352E-04 -8.543397E-04
200995 -4.025642E-04 -8.058863E-04
200996 -6.260409E-04 -6.948346E-04
200997 -6.830229E-04 -6.804444E-04
200998 -3.860109E-04 -9.124797E-04
200999  6.311741E-04 -8.201801E-04
201000  5.195948E-04  9.273584E-04
201001 -4.635167E-04 -9.987077E-04
201002 -1.044520E-03  4.544812E-04
201003 -1.166028E-03  1.507944E-04
201004  8.025731E-04 -8.787007E-04
201005 -7.359290E-04 -9.805032E-04
201006  8.352845E-04 -9.260835E-04
201007 -1.172454E-03 -4.810810E-04
201008  1.360605E-04 -1.270753E-03
201009  4.177198E-04 -1.144179E-03
201010  1.120016E-03  4.728139E-04
201011  6.303178E-04 -1.026475E-03
201012  9.438645E-04  7.226345E-04
201013  6.171585E-04 -9.850323E-04
201014  1.136189E-03  2.137757E-05
201015 -1.055056E-03 -3.571664E-04
201016 -1.023048E-03  3.750114E-04
201017 -7.376148E-04 -7.535000E-04
201018  9.547257E-04  3.450197E-04
201019 -4.000106E-04 -9.003641E-04
201020 -9.183863E-04  2.249009E-04
201021 -5.667575E-04  7.351046E-04
201022 -3.984342E-04  8.090601E-04
201023 -4.052563E-04  7.673518E-04
201024 -4.317696E-04  7.164950E-04
201025 -3.664849E-04  7.323195E-04
201026 -6.664616E-05  7.958635E-04
201027  5.536000E-04  5.370837E-04
201028  5.784453E-04 -4.991308E-04
201029 -7.266149E-04 -1.334869E-04
201030  6.940595E-04  1.610003E-04
201031 -5.363069E-04  4.541480E-04
201032 -6.186406E-04 -3.009814E-04
201033 -6.244650E-04 -2.997243E-04
201034 -4.709301E-04  4.739662E-04
201035  6.575253E-04 -1.169028E-04
201036 -3.904560E-04  5.264272E-04
201037 -6.426104E-04 -6.438248E-07
201038 -5.400553E-04  3.221529E-04
201039  5.186681E-04  3.397237E-04
201040 -6.289793E-04 -7.234860E-05
201041 -2.015083E-04 -5.811959E-04
201042 -4.684159E-04 -4.014184E-04
201043 -8.585115E-05  6.126045E-04
201044 -3.407639E-04 -5.165172E-04
201045  1.524902E-04 -5.755924E-04
201046 -3.408887E-04 -5.165851E-04
201047 -8.597106E-05  6.124965E-04
201048 -4.684813E-04 -4.014612E-04
201049 -2.015095E-04 -5.811070E-04
201050 -6.289474E-04 -7.224078E-05
201051  5.186779E-04  3.397522E-04
201052 -5.400453E-04  3.221476E-04
201053 -6.426338E-04 -6.145727E-07
201054 -3.905070E-04  5.264294E-04
201055  6.575323E-04 -1.169552E-04
201056 -4.708851E-04  4.740027E-04
201057 -6.244066E-04 -2.996206E-04
201058 -6.186326E-04 -3.009954E-04
201059 -5.363566E-04  4.541207E-04
201060  6.940365E-04  1.609862E-04
201061 -7.266258E-04 -1.334599E-04
201062  5.784527E-04 -4.991142E-04
201063  5.535707E-04  5.370768E-04
201064 -6.670145E-05  7.958831E-04
201065 -3.665149E-04  7.323481E-04
201066 -4.318105E-04  7.164691E-04
201067 -4.053313E-04  7.674010E-04
201068 -3.984539E-04  8.091089E-04
201069 -5.667821E-04  7.350759E-04
201070 -9.184070E-04  2.248804E-04
201071 -3.999978E-04 -9.003708E-04
201072  9.547296E-04  3.450821E-04
201073 -7.375530E-04 -7.533689E-04
201074 -1.022871E-03  3.750879E-04
201075 -1.054952E-03 -3.571499E-04
201076  1.136205E-03  2.143582E-05
201077  6.171250E-04 -9.849232E-04
201078  9.437849E-04  7.227827E-04
201079  6.302042E-04 -1.026283E-03
201080  1.119900E-03  4.729185E-04
201081 -1.123972E-03  1.532843E-04
201082 -1.502612E-04 -1.134643E-03
201083 -1.105112E-03  1.986299E-04
201084 -3.851731E-04 -1.049354E-03
201085 -7.240165E-04  8.231021E-04
201086 -1.035550E-03  2.920905E-04
201087  9.448560E-04 -4.632062E-04
201088 -1.230290E-04 -1.016821E-03
201089  4.577264E-04 -8.840429E-04
201090  4.738717E-04  8.423795E-04
201091 -2.395206E-04 -9.174971E-04
201092 -7.551841E-04  5.035119E-04
201093  1.550076E-04  8.807965E-04
201094  6.294101E-04  5.866786E-04
201095  7.762756E-04  2.933910E-04
201096  8.182528E-04  4.175530E-05
201097  7.498394E-04 -2.786822E-04
201098  3.679659E-04 -6.737484E-04
201099 -4.590404E-04 -6.070439E-04
201100 -5.039485E-04  5.282886E-04
201101  7.190316E-04 -7.334802E-05
201102 -6.897411E-04  1.719874E-04
201103  1.591400E-04 -6.734572E-04
201104  6.480847E-04 -2.125247E-04
201105  5.907294E-04 -2.934852E-04
201106 -1.459178E-04 -6.418019E-04
201107 -1.767571E-04  6.241316E-04
201108 -3.373926E-04 -5.463476E-04
201109  2.044849E-04 -5.968714E-04
201110 -1.348329E-04 -5.971742E-04
201111 -4.530219E-04  4.183003E-04
201112  1.837019E-04 -5.852336E-04
201113  6.071327E-04 -9.982005E-05
201114  4.743949E-04 -3.946904E-04
201115 -5.832269E-04 -1.644431E-04
201116  5.375385E-04 -2.409166E-04
201117  5.274100E-04  2.452870E-04
201118  5.374559E-04 -2.409817E-04
201119 -5.832890E-04 -1.645205E-04
201120  4.743692E-04 -3.946999E-04
201121  6.071314E-04 -9.973486E-05
201122  1.837150E-04 -5.851613E-04
201123 -4.530147E-04  4.183083E-04
201124 -1.348278E-04 -5.971642E-04
201125  2.044513E-04 -5.968491E-04
201126 -3.374435E-04 -5.463641E-04
201127 -1.767431E-04  6.241002E-04
201128 -1.458735E-04 -6.417611E-04
201129  5.907615E-04 -2.933999E-04
201130  6.480838E-04 -2.125462E-04
201131  1.590972E-04 -6.734825E-04
201132 -6.897526E-04  1.719781E-04
201133  7.190256E-04 -7.332112E-05
201134 -5.039456E-04  5.283152E-04
201135 -4.590514E-04 -6.070424E-04
201136  3.679358E-04 -6.737414E-04
201137  7.498076E-04 -2.786567E-04
201138  8.182214E-04  4.173842E-05
201139  7.762208E-04  2.934090E-04
201140  6.293892E-04  5.867070E-04
201141  1.549916E-04  8.807649E-04
201142 -7.552030E-04  5.034977E-04
201143 -2.395104E-04 -9.174851E-04
201144  4.738916E-04  8.424491E-04
201145  4.577973E-04 -8.839245E-04
201146 -1.228814E-04 -1.016761E-03
201147  9.449391E-04 -4.631966E-04
201148 -1.035533E-03  2.921404E-04
201149 -7.240276E-04  8.232151E-04
201150 -3.852156E-04 -1.049207E-03
201151 -1.105178E-03  1.988141E-04
201152 -1.503260E-04 -1.134536E-03
201153 -9.412721E-04  5.127130E-04
201154 -5.755140E-04 -9.111640E-04
201155 -7.231433E-04  7.774098E-04
201156 -1.019700E-03 -2.523266E-04
201157  6.727600E-04  8.061865E-04
201158  6.277817E-04  8.195396E-04
201159 -9.914455E-04 -1.235983E-04
201160  1.659470E-04  9.719982E-04
201161  2.268790E-04  9.279301E-04
201162 -8.784468E-04  3.296117E-04
201163  6.357493E-04 -6.498918E-04
201164 -8.535487E-04  1.814254E-04
201165  3.695552E-04  7.813888E-04
201166  8.221436E-04 -1.075631E-04
201167  3.654975E-04 -7.228035E-04
201168 -2.805122E-04 -7.419115E-04
201169 -7.283427E-04 -2.128612E-04
201170 -4.783889E-04  5.820870E-04
201171  5.557209E-04  4.601962E-04
201172  1.035216E-04 -7.097391E-04
201173 -3.162094E-04  6.277289E-04
201174  3.943001E-06 -6.878738E-04
201175  6.554773E-04  1.331637E-04
201176  3.886463E-04  5.464079E-04
201177  5.331934E-04  3.628112E-04
201178  3.659632E-04 -5.271134E-04
201179 -5.036537E-04  3.767769E-04
201180 -3.764775E-05 -6.232358E-04
201181  3.838188E-04 -4.823053E-04
201182  1.652139E-06 -5.992699E-04
201183 -4.854401E-04  3.546209E-04
201184  1.996649E-04 -5.702197E-04
201185  5.841050E-04 -1.166961E-04
201186  4.301043E-04 -4.178755E-04
201187 -5.771585E-04 -8.828646E-05
201188  4.943539E-04 -3.211565E-04
201189  5.534862E-04  1.441638E-04
201190  4.943203E-04 -3.211994E-04
201191 -5.771774E-04 -8.832564E-05
201192  4.300952E-04 -4.178714E-04
201193  5.840974E-04 -1.166423E-04
201194  1.996708E-04 -5.701846E-04
201195 -4.854321E-04  3.546169E-04
201196  1.647259E-06 -5.992586E-04
201197  3.837933E-04 -4.822928E-04
201198 -3.767257E-05 -6.232499E-04
201199 -5.036421E-04  3.767644E-04
201200  3.659864E-04 -5.270896E-04
201201  5.331976E-04  3.628587E-04
201202  3.886462E-04  5.463918E-04
201203  6.554563E-04  1.331492E-04
201204  3.940488E-06 -6.878824E-04
201205 -3.162147E-04  6.277480E-04
201206  1.035188E-04 -7.097223E-04
201207  5.557182E-04  4.601979E-04
201208 -4.783989E-04  5.820866E-04
201209 -7.283654E-04 -2.128475E-04
201210 -2.805247E-04 -7.419162E-04
201211  3.654755E-04 -7.228063E-04
201212  8.221263E-04 -1.075563E-04
201213  3.695529E-04  7.813733E-04
201214 -8.535566E-04  1.814214E-04
201215  6.357542E-04 -6.498764E-04
201216 -8.784291E-04  3.296551E-04
201217  2.269150E-04  9.279971E-04
201218  1.660210E-04  9.720321E-04
201219 -9.913981E-04 -1.235893E-04
201220  6.277920E-04  8.195616E-04
201221  6.727564E-04  8.062511E-04
201222 -1.019721E-03 -2.522475E-04
201223 -7.231859E-04  7.775133E-04
201224 -5.755462E-04 -9.111039E-04
