Mesh2HRTF 1.0.0-dev
    1
    1  1225
200000 -1.120164E-03  1.576185E-04
200001  3.897945E-04 -1.131923E-03
200002  5.527742E-04 -1.059415E-03
200003  9.533404E-04 -7.134260E-04
200004  1.185784E-03  1.179419E-04
200005  5.248080E-04  1.084695E-03
200006 -8.987891E-04  8.265795E-04
200007 -8.562845E-04 -8.580976E-04
200008  1.008091E-03 -6.234843E-04
200009  9.165692E-05  1.187034E-03
200010 -1.003066E-03 -6.623097E-04
200011  1.168398E-03 -1.441830E-04
200012 -9.502394E-04  6.999820E-04
200013  6.139440E-04 -1.007849E-03
200014 -3.560039E-04  1.106004E-03
200015  1.986603E-04 -1.153631E-03
200016 -1.276219E-04  1.145323E-03
200017  1.364823E-04 -1.147330E-03
200018 -1.619348E-04  1.133494E-03
200019  2.220368E-04 -1.117894E-03
200020 -2.335660E-04  1.113246E-03
200021  2.341312E-04 -1.100077E-03
200022 -1.304492E-04  1.123049E-03
200023 -3.302438E-05 -1.109179E-03
200024  3.423916E-04  1.071305E-03
200025 -7.072643E-04 -8.397791E-04
200026  1.049781E-03  3.672441E-04
200027 -1.021628E-03  4.081970E-04
200028  3.392684E-04 -1.037151E-03
200029  7.570488E-04  7.924367E-04
200030 -9.680390E-04  5.120384E-04
200031 -4.546732E-04 -9.881468E-04
200032  8.890425E-04 -6.098578E-04
200033  9.096013E-04  5.742463E-04
200034  1.031150E-04  1.075684E-03
200035 -5.737417E-04  9.224724E-04
200036 -8.845770E-04  6.360963E-04
200037 -9.605376E-04  5.161858E-04
200038 -8.846703E-04  6.360603E-04
200039 -5.739189E-04  9.224102E-04
200040  1.028719E-04  1.075614E-03
200041  9.093174E-04  5.741928E-04
200042  8.887477E-04 -6.098676E-04
200043 -4.549468E-04 -9.880862E-04
200044 -9.682601E-04  5.121923E-04
200045  7.569074E-04  7.927003E-04
200046  3.392275E-04 -1.036769E-03
200047 -1.021557E-03  4.086972E-04
200048  1.049966E-03  3.678539E-04
200049 -7.069734E-04 -8.390758E-04
200050  3.427705E-04  1.072079E-03
200051 -3.258258E-05 -1.108359E-03
200052 -1.299737E-04  1.123885E-03
200053  2.346101E-04 -1.099252E-03
200054 -2.331118E-04  1.114032E-03
200055  2.224433E-04 -1.117170E-03
200056 -1.615917E-04  1.134137E-03
200057  1.367549E-04 -1.146784E-03
200058 -1.274181E-04  1.145764E-03
200059  1.988047E-04 -1.153304E-03
200060 -3.559032E-04  1.106214E-03
200061  6.140202E-04 -1.007756E-03
200062 -9.501677E-04  6.999573E-04
200063  1.168483E-03 -1.443211E-04
200064 -1.002954E-03 -6.625538E-04
200065  9.180234E-05  1.186697E-03
200066  1.008270E-03 -6.238945E-04
200067 -8.560818E-04 -8.585537E-04
200068 -8.985763E-04  8.261116E-04
200069  5.250123E-04  1.084253E-03
200070  1.185960E-03  1.175670E-04
200071  9.534695E-04 -7.136989E-04
200072  5.528426E-04 -1.059559E-03
200073 -1.267120E-03 -1.702203E-05
200074 -1.207632E-03 -4.084426E-04
200075 -4.078805E-04 -1.227647E-03
200076  1.201817E-03 -4.713136E-04
200077 -2.371940E-04  1.246836E-03
200078 -3.191779E-04 -1.221835E-03
200079  1.851789E-04  1.256857E-03
200080  5.312887E-04 -1.111295E-03
200081 -1.255748E-03  7.352516E-05
200082  1.312875E-04  1.235804E-03
200083  1.192847E-03  2.432456E-04
200084  9.066142E-04 -8.070156E-04
200085  2.541918E-04 -1.181608E-03
200086 -2.187324E-04 -1.174827E-03
200087 -4.601166E-04 -1.085554E-03
200088 -5.470393E-04 -1.028317E-03
200089 -5.485698E-04 -1.013279E-03
200090 -5.163408E-04 -1.016783E-03
200091 -4.972703E-04 -1.013599E-03
200092 -5.367193E-04 -9.816030E-04
200093 -6.693589E-04 -8.848121E-04
200094 -8.893617E-04 -6.463410E-04
200095 -1.075861E-03 -1.540743E-04
200096 -8.993740E-04  5.864126E-04
200097 -3.963265E-06  1.065232E-03
200098  1.019204E-03  3.015320E-04
200099  2.613601E-04 -1.032454E-03
200100 -1.045638E-03  1.449070E-04
200101  8.294375E-04  6.113552E-04
200102 -5.572797E-04 -8.911373E-04
200103  5.816323E-04  8.429315E-04
200104 -9.216862E-04 -4.716280E-04
200105  9.089959E-04 -4.837931E-04
200106  3.514719E-04  9.620665E-04
200107 -7.834620E-04  6.465872E-04
200108 -1.010201E-03 -5.657849E-05
200109 -9.645954E-04 -3.044734E-04
200110 -1.010642E-03 -5.705128E-05
200111 -7.843246E-04  6.457173E-04
200112  3.502271E-04  9.609344E-04
200113  9.074299E-04 -4.850206E-04
200114 -9.234889E-04 -4.727838E-04
200115  5.797009E-04  8.419886E-04
200116 -5.592131E-04 -8.917682E-04
200117  8.276372E-04  6.110885E-04
200118 -1.047178E-03  1.450151E-04
200119  2.601790E-04 -1.031992E-03
200120  1.018435E-03  3.023064E-04
200121 -4.324184E-06  1.066264E-03
200122 -8.993860E-04  5.876378E-04
200123 -1.075627E-03 -1.527296E-04
200124 -8.890065E-04 -6.449595E-04
200125 -6.690071E-04 -8.834821E-04
200126 -5.364745E-04 -9.804087E-04
200127 -4.972029E-04 -1.012605E-03
200128 -5.164849E-04 -1.016015E-03
200129 -5.489275E-04 -1.012709E-03
200130 -5.475889E-04 -1.027855E-03
200131 -4.608211E-04 -1.085067E-03
200132 -2.195438E-04 -1.174167E-03
200133  2.533309E-04 -1.180663E-03
200134  9.057708E-04 -8.057491E-04
200135  1.192095E-03  2.447599E-04
200136  1.306989E-04  1.237389E-03
200137 -1.256116E-03  7.493468E-05
200138  5.311685E-04 -1.110305E-03
200139  1.852941E-04  1.257258E-03
200140 -3.188797E-04 -1.222057E-03
200141 -2.367948E-04  1.246115E-03
200142  1.202223E-03 -4.722773E-04
200143 -4.075545E-04 -1.228537E-03
200144 -1.207451E-03 -4.089717E-04
200145 -5.856905E-04 -1.176024E-03
200146  5.689840E-05 -1.335208E-03
200147  1.385253E-03 -1.311858E-04
200148 -8.829194E-04  9.464068E-04
200149  1.122444E-03 -8.254620E-04
200150 -1.170148E-03 -6.347676E-04
200151 -9.399467E-04  8.938634E-04
200152 -4.389777E-04  1.228872E-03
200153 -7.154892E-04  1.097847E-03
200154 -1.281003E-03  1.912534E-04
200155 -3.774699E-04 -1.190263E-03
200156  1.231956E-03  2.862140E-05
200157 -8.057970E-04  8.967803E-04
200158  2.353009E-04 -1.190155E-03
200159  1.805158E-04  1.165303E-03
200160 -3.324308E-04 -1.111378E-03
200161  4.341826E-04  1.067361E-03
200162 -5.256458E-04 -1.002086E-03
200163  6.206692E-04  9.120272E-04
200164 -8.761122E-04 -6.925823E-04
200165  1.053174E-03  2.156903E-04
200166 -9.204906E-04  5.201824E-04
200167  4.690955E-05 -1.061832E-03
200168  1.048060E-03  2.082051E-04
200169  4.168902E-05  1.034890E-03
200170 -7.797376E-04  6.668766E-04
200171 -9.794648E-04  3.089563E-04
200172 -9.261500E-04  4.269047E-04
200173 -4.372427E-04  9.042237E-04
200174  7.380894E-04  6.734529E-04
200175  4.110054E-04 -8.916175E-04
200176 -8.165393E-04  5.201764E-04
200177  8.215292E-04 -5.391202E-04
200178 -2.370186E-04  9.470504E-04
200179 -8.843763E-04 -3.921726E-04
200180 -1.044750E-04 -9.591688E-04
200181  2.290100E-04 -9.348673E-04
200182 -1.045049E-04 -9.593300E-04
200183 -8.844037E-04 -3.924169E-04
200184 -2.370198E-04  9.468381E-04
200185  8.215219E-04 -5.392035E-04
200186 -8.166522E-04  5.202642E-04
200187  4.106609E-04 -8.913765E-04
200188  7.374314E-04  6.737908E-04
200189 -4.381958E-04  9.045947E-04
200190 -9.272727E-04  4.272640E-04
200191 -9.805723E-04  3.092906E-04
200192 -7.806635E-04  6.671986E-04
200193  4.102570E-05  1.035221E-03
200194  1.047632E-03  2.085621E-04
200195  4.661596E-05 -1.061444E-03
200196 -9.207574E-04  5.205930E-04
200197  1.052889E-03  2.160864E-04
200198 -8.763691E-04 -6.922897E-04
200199  6.205608E-04  9.120677E-04
200200 -5.254632E-04 -1.002468E-03
200201  4.347644E-04  1.066449E-03
200202 -3.314234E-04 -1.112770E-03
200203  1.818653E-04  1.163683E-03
200204  2.367978E-04 -1.191579E-03
200205 -8.044164E-04  8.960238E-04
200206  1.232971E-03  2.889540E-05
200207 -3.769584E-04 -1.188851E-03
200208 -1.280970E-03  1.935765E-04
200209 -7.157719E-04  1.100548E-03
200210 -4.393712E-04  1.231260E-03
200211 -9.403103E-04  8.953138E-04
200212 -1.170453E-03 -6.345867E-04
200213  1.122154E-03 -8.264632E-04
200214 -8.832308E-04  9.447019E-04
200215  1.384956E-03 -1.328985E-04
200216  5.671067E-05 -1.336264E-03
200217 -1.269638E-03  6.126442E-04
200218 -1.202890E-03 -3.754385E-04
200219  1.184185E-03 -8.085206E-04
200220 -1.170841E-03  6.723550E-04
200221  8.119393E-04  1.127009E-03
200222  1.207216E-03  6.507384E-04
200223  5.012116E-04  1.241419E-03
200224 -1.311060E-03  3.681521E-04
200225  8.951515E-04 -9.546919E-04
200226 -1.097257E-03  6.948242E-04
200227  1.187347E-03  5.040610E-04
200228  4.660770E-04 -1.167461E-03
200229 -8.493783E-04 -8.941842E-04
200230 -1.216107E-03 -4.522143E-05
200231 -1.050594E-03  5.564936E-04
200232 -7.430331E-04  8.885384E-04
200233 -3.939619E-04  1.064791E-03
200234  2.979361E-05  1.117081E-03
200235  5.589982E-04  9.412217E-04
200236  1.019633E-03  3.178391E-04
200237  7.886527E-04 -7.009893E-04
200238 -5.274503E-04 -8.913028E-04
200239 -7.100004E-04  7.299851E-04
200240  1.015899E-03  6.065615E-05
200241 -9.461889E-04 -3.222453E-04
200242  9.578554E-04  2.626370E-05
200243 -6.112083E-04  7.620061E-04
200244 -8.056458E-04 -5.409317E-04
200245 -1.727676E-04 -9.351368E-04
200246 -1.385045E-04 -9.269641E-04
200247 -7.418039E-04 -5.618399E-04
200248 -5.791065E-04  7.337074E-04
200249  8.841926E-04 -1.737620E-04
200250 -9.183309E-04  2.306554E-04
200251  2.896300E-04 -8.820915E-04
200252  9.080705E-04  6.577708E-05
200253  7.923484E-04  4.484110E-04
200254  9.078705E-04  6.555555E-05
200255  2.895434E-04 -8.823404E-04
200256 -9.179320E-04  2.305756E-04
200257  8.852122E-04 -1.736335E-04
200258 -5.776713E-04  7.339552E-04
200259 -7.403592E-04 -5.615600E-04
200260 -1.374146E-04 -9.266755E-04
200261 -1.721814E-04 -9.348324E-04
200262 -8.054646E-04 -5.406042E-04
200263 -6.111642E-04  7.623770E-04
200264  9.580550E-04  2.669492E-05
200265 -9.456846E-04 -3.218172E-04
200266  1.016601E-03  6.089764E-05
200267 -7.094146E-04  7.298437E-04
200268 -5.272714E-04 -8.918403E-04
200269  7.884090E-04 -7.016745E-04
200270  1.019259E-03  3.173555E-04
200271  5.588505E-04  9.411242E-04
200272  3.000703E-05  1.117280E-03
200273 -3.935250E-04  1.065065E-03
200274 -7.425775E-04  8.887490E-04
200275 -1.050195E-03  5.566318E-04
200276 -1.215738E-03 -4.516236E-05
200277 -8.490837E-04 -8.943027E-04
200278  4.660964E-04 -1.167860E-03
200279  1.186878E-03  5.034289E-04
200280 -1.098209E-03  6.941568E-04
200281  8.940430E-04 -9.552243E-04
200282 -1.311845E-03  3.677462E-04
200283  5.010633E-04  1.241008E-03
200284  1.207632E-03  6.502606E-04
200285  8.125308E-04  1.126575E-03
200286 -1.170467E-03  6.721349E-04
200287  1.184234E-03 -8.084982E-04
200288 -1.202979E-03 -3.753359E-04
200289  1.540628E-03 -1.777921E-04
200290  1.134112E-03  1.010118E-03
200291 -1.397508E-03 -4.011977E-04
200292  2.514776E-04  1.388603E-03
200293  7.031239E-04  1.227744E-03
200294 -8.991664E-04  1.122313E-03
200295  9.396535E-05 -1.377211E-03
200296 -9.820940E-04  1.011998E-03
200297  7.296611E-04  1.130753E-03
200298  1.094836E-03  7.405719E-04
200299  6.783279E-04  1.097824E-03
200300 -6.472287E-04  1.073328E-03
200301 -1.030480E-03 -6.648902E-04
200302  9.840879E-04 -6.566587E-04
200303 -7.718647E-05  1.166452E-03
200304 -7.855854E-04 -8.362024E-04
200305  1.117919E-03 -2.789801E-06
200306 -6.520435E-04  8.739068E-04
200307 -5.044950E-04 -9.338938E-04
200308  9.732216E-04 -3.764695E-04
200309  6.047373E-04  8.172249E-04
200310 -1.975930E-04  9.792777E-04
200311 -4.472022E-04  8.772151E-04
200312 -1.200046E-04  9.668444E-04
200313  7.417555E-04  6.169515E-04
200314  4.709974E-04 -8.224135E-04
200315 -8.519212E-04  3.669115E-04
200316  7.646622E-04 -5.354708E-04
200317  1.345065E-04  9.240609E-04
200318 -7.812671E-04  4.640123E-04
200319 -8.881892E-04  2.408708E-04
200320 -5.064464E-04  7.310283E-04
200321  8.094115E-04  3.774326E-04
200322 -5.139801E-04 -6.570749E-04
200323  8.867594E-04  3.010618E-04
200324 -2.053964E-04  8.715798E-04
200325 -5.942817E-04  6.377611E-04
200326 -2.057769E-04  8.702883E-04
200327  8.864296E-04  2.992638E-04
200328 -5.139246E-04 -6.586750E-04
200329  8.096634E-04  3.761139E-04
200330 -5.065177E-04  7.298478E-04
200331 -8.888720E-04  2.399968E-04
200332 -7.823828E-04  4.637532E-04
200333  1.333127E-04  9.243484E-04
200334  7.635971E-04 -5.350836E-04
200335 -8.527454E-04  3.670922E-04
200336  4.706620E-04 -8.223074E-04
200337  7.422539E-04  6.172542E-04
200338 -1.186168E-04  9.672798E-04
200339 -4.454508E-04  8.773633E-04
200340 -1.962751E-04  9.788510E-04
200341  6.053301E-04  8.164707E-04
200342  9.736721E-04 -3.769798E-04
200343 -5.033733E-04 -9.338627E-04
200344 -6.502332E-04  8.742653E-04
200345  1.119468E-03 -2.373809E-06
200346 -7.852846E-04 -8.354897E-04
200347 -7.821419E-05  1.168041E-03
200348  9.825342E-04 -6.541168E-04
200349 -1.031667E-03 -6.622634E-04
200350 -6.477351E-04  1.074913E-03
200351  6.782061E-04  1.098080E-03
200352  1.094656E-03  7.402213E-04
200353  7.293090E-04  1.130631E-03
200354 -9.823082E-04  1.012229E-03
200355  9.430031E-05 -1.377060E-03
200356 -8.981619E-04  1.122146E-03
200357  7.044953E-04  1.227620E-03
200358  2.527015E-04  1.389094E-03
200359 -1.396775E-03 -4.000713E-04
200360  1.134384E-03  1.011107E-03
200361 -1.141612E-03  1.035993E-03
200362 -1.490965E-03 -5.012162E-04
200363  1.396300E-03  5.565904E-04
200364  1.193382E-03 -8.915120E-04
200365  1.406766E-03  4.683869E-04
200366 -1.455958E-03  1.287959E-04
200367  5.486793E-04  1.341913E-03
200368  1.003588E-03  9.949647E-04
200369 -1.324523E-04  1.349576E-03
200370 -1.178570E-03 -6.365633E-04
200371  1.245831E-03  2.822591E-04
200372 -1.008760E-03 -7.524199E-04
200373 -6.165386E-05  1.216800E-03
200374  1.171594E-03 -2.272653E-04
200375 -2.141643E-04 -1.135818E-03
200376 -1.099927E-03  1.657922E-04
200377  1.524318E-04  1.084638E-03
200378  9.845999E-04 -3.546851E-04
200379 -7.643645E-04 -7.179508E-04
200380  1.363979E-04  1.007861E-03
200381  9.281085E-05 -9.863375E-04
200382  2.766181E-04  9.262304E-04
200383 -9.315390E-04 -2.460833E-04
200384  7.141961E-05 -9.281747E-04
200385  5.825598E-04 -7.052436E-04
200386  3.616635E-04 -8.261591E-04
200387 -6.173477E-04 -6.783185E-04
200388 -2.661953E-04  8.413187E-04
200389  3.085256E-04 -7.972115E-04
200390  4.948068E-04  6.953090E-04
200391 -4.073280E-04  7.234590E-04
200392 -3.729457E-04  7.390196E-04
200393  5.348919E-04  7.273371E-04
200394  2.283837E-04 -7.736401E-04
200395 -1.211617E-04  8.045797E-04
200396 -9.298568E-04 -2.533713E-04
200397 -6.948867E-04 -6.761282E-04
200398 -9.300835E-04 -2.543333E-04
200399 -1.209759E-04  8.039240E-04
200400  2.293287E-04 -7.733057E-04
200401  5.359147E-04  7.279195E-04
200402 -3.728956E-04  7.391145E-04
200403 -4.083157E-04  7.235984E-04
200404  4.937571E-04  6.963074E-04
200405  3.081286E-04 -7.956677E-04
200406 -2.661573E-04  8.424041E-04
200407 -6.173773E-04 -6.781366E-04
200408  3.614791E-04 -8.265280E-04
200409  5.825417E-04 -7.055716E-04
200410  7.194860E-05 -9.281249E-04
200411 -9.304422E-04 -2.457586E-04
200412  2.777526E-04  9.264631E-04
200413  9.348509E-05 -9.864090E-04
200414  1.369568E-04  1.007691E-03
200415 -7.630939E-04 -7.178378E-04
200416  9.866187E-04 -3.543099E-04
200417  1.541699E-04  1.084777E-03
200418 -1.099384E-03  1.655023E-04
200419 -2.146594E-04 -1.135922E-03
200420  1.170973E-03 -2.266189E-04
200421 -6.158815E-05  1.217601E-03
200422 -1.007846E-03 -7.526352E-04
200423  1.247049E-03  2.810035E-04
200424 -1.177732E-03 -6.374965E-04
200425 -1.321326E-04  1.349988E-03
200426  1.003618E-03  9.962275E-04
200427  5.484403E-04  1.342714E-03
200428 -1.456466E-03  1.281751E-04
200429  1.406340E-03  4.663490E-04
200430  1.193274E-03 -8.939090E-04
200431  1.396272E-03  5.550909E-04
200432 -1.491072E-03 -5.016430E-04
200433  1.558989E-04 -1.541150E-03
200434  1.553648E-03 -3.092755E-04
200435 -1.426182E-03 -5.697537E-04
200436 -1.475711E-03 -3.965190E-04
200437  1.133427E-03 -1.006740E-03
200438 -1.390862E-03 -5.497915E-04
200439 -1.423343E-03 -2.979092E-04
200440  1.376510E-04 -1.407476E-03
200441  2.037426E-04  1.358591E-03
200442  9.323067E-04 -9.231384E-04
200443 -5.643287E-04 -1.149543E-03
200444 -1.003388E-03 -7.165561E-04
200445 -9.467794E-04 -7.360895E-04
200446 -5.796873E-04 -1.018023E-03
200447  7.368097E-05 -1.126935E-03
200448  6.917766E-04 -8.476400E-04
200449  9.852524E-04 -4.108316E-04
200450  1.025176E-03 -1.637197E-04
200451  9.709048E-04 -2.836873E-04
200452  6.292908E-04 -7.565485E-04
200453 -4.445631E-04 -8.355068E-04
200454 -6.774536E-04  6.566281E-04
200455  8.874056E-04 -2.066282E-04
200456 -8.026510E-04  4.167436E-04
200457 -6.955056E-05 -8.745297E-04
200458  7.045604E-04 -5.136241E-04
200459  6.896861E-04 -5.178962E-04
200460 -6.755512E-05 -8.515070E-04
200461 -6.452030E-04  5.352697E-04
200462  5.824952E-04 -5.852171E-04
200463  4.062275E-04  6.712765E-04
200464 -6.526004E-05  8.301379E-04
200465  3.691156E-04  7.911518E-04
200466  5.127039E-04 -5.909692E-04
200467 -6.317012E-04  3.616988E-04
200468 -8.531708E-05 -7.853411E-04
200469  5.427793E-04 -6.808809E-04
200470 -8.593114E-05 -7.861283E-04
200471 -6.323337E-04  3.612230E-04
200472  5.128652E-04 -5.904589E-04
200473  3.699962E-04  7.917737E-04
200474 -6.457779E-05  8.298692E-04
200475  4.065477E-04  6.707788E-04
200476  5.832099E-04 -5.850415E-04
200477 -6.440144E-04  5.355704E-04
200478 -6.662495E-05 -8.515454E-04
200479  6.902366E-04 -5.176667E-04
200480  7.051498E-04 -5.130319E-04
200481 -6.920621E-05 -8.743594E-04
200482 -8.030752E-04  4.162319E-04
200483  8.866016E-04 -2.071968E-04
200484 -6.780298E-04  6.564983E-04
200485 -4.448858E-04 -8.356212E-04
200486  6.293865E-04 -7.572468E-04
200487  9.717715E-04 -2.843906E-04
200488  1.026395E-03 -1.632495E-04
200489  9.860498E-04 -4.093199E-04
200490  6.921487E-04 -8.465616E-04
200491  7.396615E-05 -1.127170E-03
200492 -5.796019E-04 -1.018954E-03
200493 -9.468165E-04 -7.368545E-04
200494 -1.003073E-03 -7.172200E-04
200495 -5.640454E-04 -1.150391E-03
200496  9.317454E-04 -9.238522E-04
200497  2.030607E-04  1.358165E-03
200498  1.380237E-04 -1.407872E-03
200499 -1.422806E-03 -2.978913E-04
200500 -1.391557E-03 -5.490103E-04
200501  1.132281E-03 -1.006188E-03
200502 -1.476078E-03 -3.968437E-04
200503 -1.426344E-03 -5.699448E-04
200504  1.553174E-03 -3.088949E-04
200505  3.239539E-04  1.524079E-03
200506 -1.490205E-03  5.183833E-04
200507  1.163796E-03  1.029102E-03
200508  2.755399E-04  1.503658E-03
200509 -1.782187E-04 -1.508660E-03
200510 -1.158850E-03 -9.072016E-04
200511  5.368307E-04 -1.317197E-03
200512 -4.801525E-04  1.323084E-03
200513  1.312385E-03  3.421145E-04
200514  1.293843E-03 -2.013027E-04
200515  1.134239E-03  5.381339E-04
200516 -3.001032E-04  1.176041E-03
200517 -9.693451E-04 -6.565262E-04
200518  1.085254E-03 -3.116822E-04
200519 -5.871468E-04  9.385698E-04
200520 -1.959982E-04 -1.050165E-03
200521  9.239410E-04  4.702486E-04
200522 -7.343325E-04  6.823375E-04
200523 -7.114101E-04 -6.634642E-04
200524  1.124026E-04 -9.485402E-04
200525  3.825509E-04 -8.479241E-04
200526  7.342241E-06 -9.032671E-04
200527 -8.379521E-04 -2.592196E-04
200528  2.565162E-04  8.205531E-04
200529 -2.600909E-04 -8.122889E-04
200530  8.281858E-04  1.925030E-04
200531  2.807515E-04  7.771133E-04
200532  3.831430E-04  7.077341E-04
200533  7.820059E-04 -1.876374E-04
200534 -7.661911E-04 -2.404989E-04
200535  7.273727E-04 -3.174433E-04
200536  5.611514E-04  5.691622E-04
200537  5.991157E-04  5.252369E-04
200538  4.531969E-04 -6.839209E-04
200539 -5.312597E-04  2.388165E-04
200540  3.288991E-04 -5.991042E-04
200541  9.654906E-04 -1.849146E-04
200542  3.290632E-04 -5.994570E-04
200543 -5.315250E-04  2.377231E-04
200544  4.526548E-04 -6.847810E-04
200545  5.988355E-04  5.254157E-04
200546  5.611261E-04  5.693402E-04
200547  7.275325E-04 -3.177223E-04
200548 -7.655713E-04 -2.408951E-04
200549  7.830130E-04 -1.889637E-04
200550  3.838692E-04  7.056827E-04
200551  2.811766E-04  7.762120E-04
200552  8.290610E-04  1.929701E-04
200553 -2.592204E-04 -8.118605E-04
200554  2.563243E-04  8.202638E-04
200555 -8.386656E-04 -2.598572E-04
200556  6.696325E-06 -9.035528E-04
200557  3.814425E-04 -8.479863E-04
200558  1.114097E-04 -9.491828E-04
200559 -7.111015E-04 -6.644037E-04
200560 -7.334465E-04  6.821675E-04
200561  9.242950E-04  4.710425E-04
200562 -1.954826E-04 -1.049192E-03
200563 -5.858905E-04  9.386616E-04
200564  1.086094E-03 -3.127603E-04
200565 -9.693300E-04 -6.574614E-04
200566 -2.994237E-04  1.176665E-03
200567  1.135459E-03  5.399733E-04
200568  1.293583E-03 -1.994940E-04
200569  1.311355E-03  3.427628E-04
200570 -4.795338E-04  1.321975E-03
200571  5.380167E-04 -1.318438E-03
200572 -1.159565E-03 -9.063322E-04
200573 -1.796010E-04 -1.506841E-03
200574  2.756952E-04  1.504437E-03
200575  1.164241E-03  1.029722E-03
200576 -1.490738E-03  5.194074E-04
200577  1.325228E-04 -1.557210E-03
200578  1.558209E-03  1.307098E-04
200579 -4.167796E-05 -1.548386E-03
200580  1.444828E-03 -4.559135E-04
200581 -1.258316E-03 -8.230632E-04
200582 -9.767521E-04 -1.067639E-03
200583  1.410630E-03  2.207923E-04
200584 -2.323547E-04 -1.365121E-03
200585 -5.713115E-04 -1.195848E-03
200586  7.091964E-04 -1.062754E-03
200587  5.443307E-04  1.102209E-03
200588 -8.094021E-04 -8.738325E-04
200589  5.003662E-04  1.028961E-03
200590  1.779068E-04 -1.104032E-03
200591 -8.274869E-04  6.652537E-04
200592  1.033917E-03  4.621439E-05
200593 -8.754169E-04 -5.170574E-04
200594  7.400534E-04  6.206208E-04
200595 -8.791025E-04 -3.372523E-04
200596  7.869686E-04 -4.938396E-04
200597  5.177148E-04  7.259887E-04
200598 -7.921371E-05  8.760978E-04
200599  8.084823E-05  8.640801E-04
200600  7.864411E-04  2.797752E-04
200601 -2.408862E-04 -7.982129E-04
200602  3.497558E-04  7.282303E-04
200603 -7.841826E-04  1.679980E-04
200604 -7.249191E-04 -3.203015E-04
200605 -7.426406E-04  1.875293E-04
200606  4.641376E-04  6.225168E-04
200607 -5.575884E-04 -5.230388E-04
200608  5.500623E-04 -5.620402E-04
200609  5.988701E-04 -3.749462E-04
200610 -2.273637E-04 -7.455572E-04
200611 -1.121993E-04  5.799359E-04
200612 -3.418020E-04 -4.945749E-04
200613  1.625433E-04 -4.798354E-04
200614 -3.414648E-04 -4.935412E-04
200615 -1.120491E-04  5.799346E-04
200616 -2.278300E-04 -7.461351E-04
200617  5.977959E-04 -3.739241E-04
200618  5.491605E-04 -5.606629E-04
200619 -5.581343E-04 -5.228958E-04
200620  4.634256E-04  6.223250E-04
200621 -7.427499E-04  1.868660E-04
200622 -7.241739E-04 -3.215599E-04
200623 -7.836988E-04  1.672506E-04
200624  3.502054E-04  7.280058E-04
200625 -2.404403E-04 -7.980476E-04
200626  7.861392E-04  2.805808E-04
200627  8.090881E-05  8.648955E-04
200628 -7.848061E-05  8.766052E-04
200629  5.174469E-04  7.263295E-04
200630  7.862248E-04 -4.934939E-04
200631 -8.785800E-04 -3.365181E-04
200632  7.410518E-04  6.208697E-04
200633 -8.752892E-04 -5.182132E-04
200634  1.033783E-03  4.517879E-05
200635 -8.268651E-04  6.654898E-04
200636  1.787430E-04 -1.104045E-03
200637  5.006719E-04  1.028213E-03
200638 -8.085767E-04 -8.735680E-04
200639  5.457880E-04  1.103695E-03
200640  7.092458E-04 -1.061330E-03
200641 -5.723412E-04 -1.194995E-03
200642 -2.320100E-04 -1.365704E-03
200643  1.412025E-03  2.190517E-04
200644 -9.764792E-04 -1.068224E-03
200645 -1.258804E-03 -8.232977E-04
200646  1.445641E-03 -4.576338E-04
200647 -4.026148E-05 -1.549939E-03
200648  1.558459E-03  1.304089E-04
200649 -1.106935E-03  1.088085E-03
200650 -9.649058E-04 -1.172411E-03
200651 -1.329739E-03  7.514346E-04
200652 -4.996156E-04 -1.399369E-03
200653 -1.337316E-03  5.897285E-04
200654 -1.206200E-03 -7.749621E-04
200655  1.028566E-03  9.212716E-04
200656  1.295963E-03 -3.053303E-04
200657  1.122083E-03  6.263250E-04
200658 -1.078313E-03  6.304595E-04
200659  1.066927E-03 -5.479013E-04
200660 -1.063099E-03 -4.272057E-04
200661 -2.549440E-04  1.080048E-03
200662  9.826591E-04  4.223089E-04
200663  6.832075E-04 -7.744590E-04
200664 -5.735694E-04 -8.248785E-04
200665 -8.147336E-04  5.245496E-04
200666  7.549072E-04  5.603747E-04
200667 -1.958774E-04 -8.942812E-04
200668  1.438034E-04  8.857633E-04
200669 -6.328040E-04 -5.838437E-04
200670  5.932253E-04 -5.901456E-04
200671  8.179299E-04 -7.159070E-05
200672  7.440765E-04 -3.170016E-04
200673 -2.082680E-04 -7.687390E-04
200674 -2.179518E-04  7.342649E-04
200675 -2.819755E-04 -7.024898E-04
200676  5.569186E-04 -5.110611E-04
200677  4.876125E-04 -5.894299E-04
200678 -5.331572E-04 -4.976549E-04
200679  3.725158E-04  6.402088E-04
200680 -6.946666E-04  9.020037E-05
200681 -6.898504E-04 -2.166982E-04
200682 -6.168509E-04  4.841394E-04
200683  7.105688E-04 -6.293140E-05
200684 -4.208847E-04  4.516669E-04
200685 -6.838916E-04  1.043696E-05
200686 -4.216016E-04  4.526708E-04
200687  7.098975E-04 -6.214663E-05
200688 -6.170591E-04  4.842146E-04
200689 -6.905831E-04 -2.156129E-04
200690 -6.949801E-04  9.129137E-05
200691  3.730984E-04  6.396578E-04
200692 -5.338344E-04 -4.983527E-04
200693  4.865324E-04 -5.894596E-04
200694  5.566319E-04 -5.106069E-04
200695 -2.827227E-04 -7.019370E-04
200696 -2.181040E-04  7.339677E-04
200697 -2.075324E-04 -7.693345E-04
200698  7.438809E-04 -3.168235E-04
200699  8.176205E-04 -7.133770E-05
200700  5.934962E-04 -5.902708E-04
200701 -6.328533E-04 -5.840244E-04
200702  1.438805E-04  8.861926E-04
200703 -1.952716E-04 -8.927300E-04
200704  7.555435E-04  5.612728E-04
200705 -8.141417E-04  5.230294E-04
200706 -5.736561E-04 -8.268706E-04
200707  6.825791E-04 -7.746548E-04
200708  9.825960E-04  4.227464E-04
200709 -2.549294E-04  1.079855E-03
200710 -1.063241E-03 -4.273513E-04
200711  1.067074E-03 -5.480965E-04
200712 -1.078349E-03  6.294227E-04
200713  1.122136E-03  6.256788E-04
200714  1.296746E-03 -3.054741E-04
200715  1.030092E-03  9.202305E-04
200716 -1.204607E-03 -7.752788E-04
200717 -1.336999E-03  5.895514E-04
200718 -4.999147E-04 -1.400905E-03
200719 -1.329250E-03  7.503833E-04
200720 -9.644736E-04 -1.172683E-03
200721  1.490400E-03 -2.020407E-04
200722 -1.183911E-05  1.462221E-03
200723  1.388347E-03  5.035636E-04
200724 -1.010098E-03  1.026593E-03
200725  6.882232E-04  1.239202E-03
200726 -1.106808E-03  8.182874E-04
200727  1.327885E-03  9.606290E-05
200728  1.225739E-03 -3.682265E-04
200729  5.710176E-04  1.107999E-03
200730 -8.759577E-04 -8.252414E-04
200731  3.824834E-05  1.144327E-03
200732  1.125059E-03  3.298613E-05
200733  6.657024E-04 -8.449276E-04
200734  7.326388E-05 -1.030661E-03
200735 -3.846603E-04 -9.235344E-04
200736 -7.653551E-04 -6.071746E-04
200737 -9.178524E-04  7.948248E-05
200738 -2.973352E-04  8.619246E-04
200739  8.452116E-04  2.186292E-04
200740 -4.227640E-04 -7.494870E-04
200741  3.716872E-04  7.531474E-04
200742 -7.852628E-04 -2.401425E-04
200743  5.321618E-05 -8.082675E-04
200744  2.801880E-04 -7.288223E-04
200745 -3.504164E-04 -6.697784E-04
200746 -4.438158E-04  6.045650E-04
200747  3.359836E-04 -6.610551E-04
200748  6.137906E-04  4.047932E-04
200749  4.698890E-04  5.420809E-04
200750  6.920676E-04 -1.836642E-04
200751 -6.874628E-04 -2.147159E-04
200752  5.853776E-04 -4.003023E-04
200753  7.107582E-04  8.204012E-05
200754  5.213527E-04 -4.081045E-04
200755 -7.122065E-04 -5.593176E-05
200756  5.487266E-04 -4.759213E-04
200757  7.187245E-04  6.281881E-06
200758  5.478959E-04 -4.762604E-04
200759 -7.134380E-04 -5.573967E-05
200760  5.215031E-04 -4.080974E-04
200761  7.107932E-04  8.252608E-05
200762  5.856130E-04 -3.995134E-04
200763 -6.858882E-04 -2.147461E-04
200764  6.922430E-04 -1.840947E-04
200765  4.690378E-04  5.419142E-04
200766  6.127077E-04  4.053555E-04
200767  3.340063E-04 -6.603089E-04
200768 -4.439868E-04  6.044451E-04
200769 -3.488267E-04 -6.705907E-04
200770  2.807637E-04 -7.294008E-04
200771  5.325490E-05 -8.089907E-04
200772 -7.855667E-04 -2.413483E-04
200773  3.711784E-04  7.520967E-04
200774 -4.225510E-04 -7.497083E-04
200775  8.451487E-04  2.189640E-04
200776 -2.978147E-04  8.620814E-04
200777 -9.171784E-04  7.906824E-05
200778 -7.651695E-04 -6.078416E-04
200779 -3.857920E-04 -9.239160E-04
200780  7.276403E-05 -1.030670E-03
200781  6.653603E-04 -8.444128E-04
200782  1.124602E-03  3.333803E-05
200783  3.847151E-05  1.143855E-03
200784 -8.753432E-04 -8.267832E-04
200785  5.724510E-04  1.107098E-03
200786  1.227173E-03 -3.675660E-04
200787  1.329091E-03  9.579121E-05
200788 -1.104880E-03  8.184725E-04
200789  6.888505E-04  1.239713E-03
200790 -1.011942E-03  1.026310E-03
200791  1.386883E-03  5.043538E-04
200792 -1.200760E-05  1.462897E-03
200793 -1.377969E-03  3.732585E-04
200794 -1.710627E-04 -1.424240E-03
200795 -1.356095E-03 -4.161743E-04
200796  1.003712E-03 -9.562360E-04
200797 -4.505727E-04 -1.273055E-03
200798  1.265834E-03 -3.580722E-04
200799 -1.011137E-03 -7.834335E-04
200800 -1.027620E-03 -6.813371E-04
200801  8.068175E-04 -8.975922E-04
200802 -7.986354E-04  8.413580E-04
200803  1.035034E-03  4.104243E-04
200804  8.149645E-04 -6.906401E-04
200805  4.007651E-04 -9.591857E-04
200806  2.952868E-04 -9.535063E-04
200807  3.253930E-04 -9.077978E-04
200808  3.073551E-04 -8.897424E-04
200809  9.284231E-05 -8.959680E-04
200810 -4.379989E-04 -7.594279E-04
200811 -8.612910E-04  8.076180E-05
200812  2.657952E-04  7.810458E-04
200813  1.792190E-04 -7.972152E-04
200814  1.135372E-04  7.902370E-04
200815 -7.662641E-04 -8.853753E-05
200816 -4.990489E-04 -5.808090E-04
200817 -6.742460E-04 -3.171837E-04
200818 -2.768993E-04  6.792397E-04
200819  4.056716E-04 -6.025814E-04
200820  3.581054E-04  6.116816E-04
200821 -5.639413E-05  6.991895E-04
200822  4.926524E-04  4.892090E-04
200823  3.604455E-05 -6.894188E-04
200824  3.941923E-04  5.512269E-04
200825 -1.401809E-04  6.547263E-04
200826  3.040095E-04  6.108763E-04
200827  2.630763E-04 -5.915293E-04
200828  1.503670E-04  6.538448E-04
200829 -3.570729E-04  5.897209E-04
200830  1.502241E-04  6.529876E-04
200831  2.620571E-04 -5.920318E-04
200832  3.046010E-04  6.107245E-04
200833 -1.396555E-04  6.549281E-04
200834  3.938964E-04  5.519140E-04
200835  3.664108E-05 -6.886324E-04
200836  4.925546E-04  4.894136E-04
200837 -5.656328E-05  6.988801E-04
200838  3.574103E-04  6.114774E-04
200839  4.037366E-04 -6.027658E-04
200840 -2.770969E-04  6.789903E-04
200841 -6.732159E-04 -3.178357E-04
200842 -4.987351E-04 -5.810605E-04
200843 -7.655085E-04 -8.846414E-05
200844  1.138375E-04  7.893910E-04
200845  1.789064E-04 -7.983903E-04
200846  2.660406E-04  7.807648E-04
200847 -8.613549E-04  8.014499E-05
200848 -4.386697E-04 -7.601836E-04
200849  9.309046E-05 -8.955556E-04
200850  3.070984E-04 -8.890060E-04
200851  3.244986E-04 -9.078917E-04
200852  2.954586E-04 -9.538981E-04
200853  4.004886E-04 -9.584230E-04
200854  8.148546E-04 -6.900834E-04
200855  1.036243E-03  4.104413E-04
200856 -7.980678E-04  8.409484E-04
200857  8.077016E-04 -8.977666E-04
200858 -1.026812E-03 -6.800401E-04
200859 -1.010560E-03 -7.833676E-04
200860  1.267693E-03 -3.577574E-04
200861 -4.492435E-04 -1.272513E-03
200862  1.002121E-03 -9.566566E-04
200863 -1.357913E-03 -4.152422E-04
200864 -1.711214E-04 -1.423424E-03
200865 -6.216012E-04 -1.193205E-03
200866  1.275613E-03 -4.233835E-04
200867  5.868588E-05 -1.326683E-03
200868  1.129270E-03  6.727389E-04
200869  1.021076E-03 -7.722479E-04
200870  7.368354E-04  1.023058E-03
200871  3.657567E-04 -1.178302E-03
200872  2.772476E-04 -1.165135E-03
200873  1.068823E-03  4.510108E-04
200874 -9.702999E-04 -5.442724E-04
200875 -2.627120E-04  1.041839E-03
200876  6.448277E-04  7.993570E-04
200877  8.349230E-04  5.422573E-04
200878  7.575721E-04  6.067477E-04
200879  5.524032E-04  7.597010E-04
200880  3.371459E-04  8.409787E-04
200881  2.792899E-04  8.316115E-04
200882  5.227970E-04  6.572621E-04
200883  8.326647E-04  2.674834E-05
200884  7.751779E-05 -8.013601E-04
200885 -6.315219E-04  4.622026E-04
200886  6.036366E-04 -4.668750E-04
200887  9.599571E-05  7.491357E-04
200888 -5.798255E-04  4.466767E-04
200889 -4.984688E-04  5.176377E-04
200890  4.114587E-04  5.830679E-04
200891 -1.060076E-04 -6.932725E-04
200892  6.064356E-04  3.323460E-04
200893  1.601401E-04  6.621916E-04
200894  5.339615E-04  4.227716E-04
200895  6.716133E-05 -6.665912E-04
200896  2.810355E-04  5.925594E-04
200897 -3.352892E-04  5.658930E-04
200898  5.450710E-05  6.511769E-04
200899  5.003531E-04 -4.060032E-04
200900 -1.715076E-04  6.341883E-04
200901 -5.953323E-04  3.394654E-04
200902 -1.714842E-04  6.337788E-04
200903  4.998075E-04 -4.065018E-04
200904  5.531451E-05  6.515606E-04
200905 -3.348010E-04  5.665144E-04
200906  2.801671E-04  5.929674E-04
200907  6.656237E-05 -6.660778E-04
200908  5.331073E-04  4.228826E-04
200909  1.603118E-04  6.619155E-04
200910  6.065216E-04  3.317330E-04
200911 -1.070613E-04 -6.942460E-04
200912  4.110822E-04  5.824740E-04
200913 -4.985553E-04  5.167976E-04
200914 -5.802954E-04  4.466226E-04
200915  9.673676E-05  7.502056E-04
200916  6.043425E-04 -4.667746E-04
200917 -6.313971E-04  4.614436E-04
200918  7.773797E-05 -8.012423E-04
200919  8.330600E-04  2.637335E-05
200920  5.228446E-04  6.565340E-04
200921  2.794005E-04  8.319926E-04
200922  3.366033E-04  8.417845E-04
200923  5.520610E-04  7.598831E-04
200924  7.586502E-04  6.063608E-04
200925  8.350317E-04  5.428050E-04
200926  6.449445E-04  7.995662E-04
200927 -2.611168E-04  1.042185E-03
200928 -9.704995E-04 -5.440541E-04
200929  1.068432E-03  4.506447E-04
200930  2.769638E-04 -1.164404E-03
200931  3.658191E-04 -1.178296E-03
200932  7.382934E-04  1.023811E-03
200933  1.022611E-03 -7.714865E-04
200934  1.128673E-03  6.717272E-04
200935  5.777457E-05 -1.326569E-03
200936  1.276298E-03 -4.227956E-04
200937 -1.272428E-03  6.119353E-06
200938  1.445881E-04 -1.261877E-03
200939 -1.171746E-03 -4.624521E-04
200940  8.426608E-04 -9.259780E-04
200941 -7.273907E-04 -9.803754E-04
200942  8.156367E-04 -8.798158E-04
200943 -1.150236E-03  1.449818E-04
200944 -1.042831E-03  4.454240E-04
200945 -4.574630E-04 -1.001012E-03
200946  5.019010E-04  9.266130E-04
200947  6.253585E-04 -8.157207E-04
200948 -3.949001E-04 -9.101729E-04
200949 -6.679632E-04 -6.797974E-04
200950 -6.219793E-04 -6.906155E-04
200951 -4.089469E-04 -8.105955E-04
200952 -1.766706E-04 -8.567071E-04
200953 -1.186026E-04 -8.390708E-04
200954 -3.227025E-04 -7.670597E-04
200955 -7.223591E-04 -3.116584E-04
200956 -4.090411E-04  6.649797E-04
200957  7.547277E-04 -3.247231E-05
200958 -7.534017E-04 -2.639741E-05
200959  4.704437E-04 -5.564272E-04
200960  6.855266E-04  1.990990E-04
200961  6.755010E-04  1.921187E-04
200962  3.994910E-04 -5.604727E-04
200963 -6.320775E-04  2.507053E-04
200964  2.745275E-04 -6.114991E-04
200965  6.387503E-04 -1.526359E-04
200966  4.608729E-04 -4.497308E-04
200967 -6.117957E-04 -1.879558E-04
200968  6.252047E-04 -1.230084E-04
200969  3.912775E-04  4.878453E-04
200970  5.995630E-04  2.264729E-04
200971 -1.401599E-04 -6.095169E-04
200972  4.851929E-04  3.883128E-04
200973  3.293087E-05  6.199658E-04
200974  4.848667E-04  3.882242E-04
200975 -1.403665E-04 -6.096501E-04
200976  5.999968E-04  2.276259E-04
200977  3.911321E-04  4.889138E-04
200978  6.242467E-04 -1.229045E-04
200979 -6.125125E-04 -1.880946E-04
200980  4.598712E-04 -4.500666E-04
200981  6.389380E-04 -1.528308E-04
200982  2.749837E-04 -6.119501E-04
200983 -6.322493E-04  2.497825E-04
200984  3.990884E-04 -5.611437E-04
200985  6.750759E-04  1.912117E-04
200986  6.849282E-04  1.990587E-04
200987  4.708892E-04 -5.552207E-04
200988 -7.529042E-04 -2.592985E-05
200989  7.549820E-04 -3.284554E-05
200990 -4.090261E-04  6.652537E-04
200991 -7.218848E-04 -3.115817E-04
200992 -3.221698E-04 -7.673397E-04
200993 -1.183476E-04 -8.389825E-04
200994 -1.769483E-04 -8.562757E-04
200995 -4.089708E-04 -8.101921E-04
200996 -6.207266E-04 -6.908212E-04
200997 -6.675596E-04 -6.794653E-04
200998 -3.948788E-04 -9.102729E-04
200999  6.266251E-04 -8.152178E-04
201000  5.013662E-04  9.266860E-04
201001 -4.579863E-04 -1.002020E-03
201002 -1.043421E-03  4.451210E-04
201003 -1.150340E-03  1.447962E-04
201004  8.163668E-04 -8.786712E-04
201005 -7.264881E-04 -9.794504E-04
201006  8.426747E-04 -9.272893E-04
201007 -1.171858E-03 -4.628726E-04
201008  1.456726E-04 -1.261300E-03
201009  4.373217E-04 -1.159615E-03
201010  1.139943E-03  4.719620E-04
201011  6.313669E-04 -1.007033E-03
201012  9.446088E-04  7.274188E-04
201013  6.268259E-04 -9.815815E-04
201014  1.144498E-03  2.197833E-05
201015 -1.043059E-03 -3.567558E-04
201016 -1.027721E-03  3.632378E-04
201017 -7.324600E-04 -7.536392E-04
201018  9.437278E-04  3.390662E-04
201019 -4.007211E-04 -8.938443E-04
201020 -9.266302E-04  2.271304E-04
201021 -5.540072E-04  7.423446E-04
201022 -3.986728E-04  8.104939E-04
201023 -4.099917E-04  7.552679E-04
201024 -4.381984E-04  7.112664E-04
201025 -3.728098E-04  7.295457E-04
201026 -5.655278E-05  7.929629E-04
201027  5.650247E-04  5.476164E-04
201028  5.713801E-04 -4.976087E-04
201029 -7.333619E-04 -1.351218E-04
201030  6.943761E-04  1.539854E-04
201031 -5.384106E-04  4.529472E-04
201032 -6.209637E-04 -2.987059E-04
201033 -6.113898E-04 -2.979155E-04
201034 -4.723096E-04  4.745466E-04
201035  6.466361E-04 -1.168711E-04
201036 -3.766777E-04  5.344239E-04
201037 -6.455673E-04 -7.220119E-06
201038 -5.608450E-04  3.230413E-04
201039  5.328181E-04  3.460843E-04
201040 -6.164206E-04 -7.947965E-05
201041 -2.163593E-04 -5.964679E-04
201042 -4.766566E-04 -3.959918E-04
201043 -6.833621E-05  6.248297E-04
201044 -3.115136E-04 -5.268679E-04
201045  1.821832E-04 -5.933741E-04
201046 -3.120764E-04 -5.270695E-04
201047 -6.844813E-05  6.249540E-04
201048 -4.769303E-04 -3.946190E-04
201049 -2.172012E-04 -5.955981E-04
201050 -6.171831E-04 -7.966925E-05
201051  5.325842E-04  3.456643E-04
201052 -5.614727E-04  3.224783E-04
201053 -6.454376E-04 -7.397972E-06
201054 -3.763754E-04  5.342744E-04
201055  6.468169E-04 -1.171920E-04
201056 -4.726642E-04  4.741239E-04
201057 -6.116976E-04 -2.984317E-04
201058 -6.214203E-04 -2.984721E-04
201059 -5.381243E-04  4.539617E-04
201060  6.946358E-04  1.543274E-04
201061 -7.331588E-04 -1.352994E-04
201062  5.712433E-04 -4.974958E-04
201063  5.653005E-04  5.477898E-04
201064 -5.600397E-05  7.929668E-04
201065 -3.724935E-04  7.295085E-04
201066 -4.381853E-04  7.116336E-04
201067 -4.101010E-04  7.557982E-04
201068 -3.978123E-04  8.103296E-04
201069 -5.535299E-04  7.426143E-04
201070 -9.268444E-04  2.269425E-04
201071 -4.000223E-04 -8.932641E-04
201072  9.434269E-04  3.389060E-04
201073 -7.323153E-04 -7.546533E-04
201074 -1.028013E-03  3.624199E-04
201075 -1.043093E-03 -3.570037E-04
201076  1.144602E-03  2.311584E-05
201077  6.270700E-04 -9.808258E-04
201078  9.450068E-04  7.262032E-04
201079  6.315786E-04 -1.007560E-03
201080  1.140870E-03  4.725646E-04
201081 -1.097355E-03  1.360782E-04
201082 -1.216949E-04 -1.136442E-03
201083 -1.103771E-03  2.156565E-04
201084 -3.918147E-04 -1.051108E-03
201085 -7.187730E-04  8.269364E-04
201086 -1.034672E-03  2.885340E-04
201087  9.492339E-04 -4.591627E-04
201088 -1.298395E-04 -1.030962E-03
201089  4.610571E-04 -8.798862E-04
201090  4.707349E-04  8.367600E-04
201091 -2.371239E-04 -9.079979E-04
201092 -7.617909E-04  5.025765E-04
201093  1.615525E-04  8.897038E-04
201094  6.269040E-04  5.839923E-04
201095  7.776176E-04  2.807330E-04
201096  8.166116E-04  3.772374E-05
201097  7.471421E-04 -2.798898E-04
201098  3.760764E-04 -6.721227E-04
201099 -4.535283E-04 -5.952140E-04
201100 -5.100967E-04  5.255083E-04
201101  7.127052E-04 -7.990060E-05
201102 -6.843056E-04  1.653826E-04
201103  1.612378E-04 -6.696837E-04
201104  6.389627E-04 -2.097348E-04
201105  5.975346E-04 -2.903593E-04
201106 -1.440540E-04 -6.407086E-04
201107 -1.867544E-04  6.179073E-04
201108 -3.321585E-04 -5.390119E-04
201109  2.099538E-04 -5.997540E-04
201110 -1.509040E-04 -6.045356E-04
201111 -4.485931E-04  4.229443E-04
201112  2.027121E-04 -5.801114E-04
201113  6.096450E-04 -1.102508E-04
201114  4.618262E-04 -3.953347E-04
201115 -5.842835E-04 -1.486603E-04
201116  5.563099E-04 -2.334129E-04
201117  5.517419E-04  2.489078E-04
201118  5.558147E-04 -2.338325E-04
201119 -5.844607E-04 -1.485379E-04
201120  4.610257E-04 -3.943501E-04
201121  6.085947E-04 -1.100177E-04
201122  2.023003E-04 -5.805727E-04
201123 -4.483972E-04  4.226082E-04
201124 -1.510935E-04 -6.050489E-04
201125  2.101058E-04 -5.999614E-04
201126 -3.321858E-04 -5.390621E-04
201127 -1.867420E-04  6.181054E-04
201128 -1.444339E-04 -6.408709E-04
201129  5.971947E-04 -2.904436E-04
201130  6.383354E-04 -2.092801E-04
201131  1.613477E-04 -6.687739E-04
201132 -6.840807E-04  1.655888E-04
201133  7.128783E-04 -7.997978E-05
201134 -5.102003E-04  5.254107E-04
201135 -4.534039E-04 -5.951173E-04
201136  3.764639E-04 -6.720183E-04
201137  7.473434E-04 -2.799169E-04
201138  8.166298E-04  3.819740E-05
201139  7.772807E-04  2.811841E-04
201140  6.274567E-04  5.837482E-04
201141  1.620141E-04  8.900271E-04
201142 -7.621870E-04  5.023842E-04
201143 -2.369051E-04 -9.074311E-04
201144  4.707746E-04  8.365524E-04
201145  4.616744E-04 -8.803398E-04
201146 -1.297946E-04 -1.031777E-03
201147  9.493071E-04 -4.593327E-04
201148 -1.034916E-03  2.894582E-04
201149 -7.188389E-04  8.274880E-04
201150 -3.911351E-04 -1.051835E-03
201151 -1.103488E-03  2.152000E-04
201152 -1.210927E-04 -1.135965E-03
201153 -9.114202E-04  5.002864E-04
201154 -5.448333E-04 -9.061786E-04
201155 -7.239827E-04  7.937131E-04
201156 -1.024050E-03 -2.642619E-04
201157  6.763014E-04  8.084197E-04
201158  6.280909E-04  8.092679E-04
201159 -9.923730E-04 -1.200732E-04
201160  1.617079E-04  9.562953E-04
201161  2.262241E-04  9.348672E-04
201162 -8.776546E-04  3.267978E-04
201163  6.364089E-04 -6.382490E-04
201164 -8.570979E-04  1.776821E-04
201165  3.709956E-04  7.889654E-04
201166  8.212869E-04 -1.133149E-04
201167  3.714706E-04 -7.307769E-04
201168 -2.800052E-04 -7.428492E-04
201169 -7.301518E-04 -2.119715E-04
201170 -4.738052E-04  5.851022E-04
201171  5.560669E-04  4.694157E-04
201172  1.006102E-04 -7.148963E-04
201173 -3.180395E-04  6.201228E-04
201174  1.113589E-05 -6.901422E-04
201175  6.558342E-04  1.399961E-04
201176  3.772987E-04  5.439742E-04
201177  5.360837E-04  3.641282E-04
201178  3.680527E-04 -5.245037E-04
201179 -5.078836E-04  3.681768E-04
201180 -3.742357E-05 -6.191950E-04
201181  3.906950E-04 -4.796539E-04
201182 -5.998109E-06 -6.086052E-04
201183 -4.849781E-04  3.557250E-04
201184  2.118346E-04 -5.573425E-04
201185  5.920483E-04 -1.165355E-04
201186  4.217566E-04 -4.209321E-04
201187 -5.868453E-04 -7.966149E-05
201188  4.989567E-04 -3.119798E-04
201189  5.628098E-04  1.534646E-04
201190  4.986761E-04 -3.124895E-04
201191 -5.870746E-04 -7.972313E-05
201192  4.208187E-04 -4.205706E-04
201193  5.912708E-04 -1.168527E-04
201194  2.118728E-04 -5.579269E-04
201195 -4.845966E-04  3.556217E-04
201196 -5.897966E-06 -6.089473E-04
201197  3.909429E-04 -4.798545E-04
201198 -3.763097E-05 -6.193172E-04
201199 -5.082012E-04  3.684906E-04
201200  3.676294E-04 -5.245959E-04
201201  5.355831E-04  3.641040E-04
201202  3.763755E-04  5.441940E-04
201203  6.556508E-04  1.407980E-04
201204  1.137110E-05 -6.899134E-04
201205 -3.178566E-04  6.201337E-04
201206  1.006431E-04 -7.151005E-04
201207  5.561195E-04  4.694817E-04
201208 -4.735968E-04  5.852402E-04
201209 -7.301359E-04 -2.119984E-04
201210 -2.801444E-04 -7.423673E-04
201211  3.710263E-04 -7.305636E-04
201212  8.218174E-04 -1.134829E-04
201213  3.713744E-04  7.894483E-04
201214 -8.575822E-04  1.774591E-04
201215  6.363115E-04 -6.377761E-04
201216 -8.774165E-04  3.266481E-04
201217  2.268515E-04  9.349953E-04
201218  1.619810E-04  9.556807E-04
201219 -9.922362E-04 -1.201128E-04
201220  6.276228E-04  8.099623E-04
201221  6.760424E-04  8.088681E-04
201222 -1.023382E-03 -2.643190E-04
201223 -7.236710E-04  7.933698E-04
201224 -5.444252E-04 -9.058785E-04
