Mesh2HRTF 1.0.0-dev
    1
    1  1225
200000  8.548410E-05  1.165820E-03
200001 -9.877255E-04  6.982083E-04
200002 -1.036120E-03  6.233067E-04
200003 -1.146188E-03  3.810432E-04
200004 -1.204549E-03 -5.387285E-05
200005 -1.024152E-03 -6.312111E-04
200006 -4.375889E-04 -1.117925E-03
200007  4.713714E-04 -1.103202E-03
200008  1.158759E-03 -3.178031E-04
200009  8.862220E-04  8.139411E-04
200010 -3.376772E-04  1.148582E-03
200011 -1.177137E-03  8.009548E-05
200012 -3.667357E-04 -1.106323E-03
200013  1.032560E-03 -5.569598E-04
200014  6.966551E-04  9.613696E-04
200015 -8.828089E-04  7.690892E-04
200016 -7.639710E-04 -8.428888E-04
200017  8.666605E-04 -7.443491E-04
200018  7.552570E-04  8.916634E-04
200019 -8.726226E-04  7.510811E-04
200020 -7.058699E-04 -8.590702E-04
200021  8.798580E-04 -6.897678E-04
200022  7.484083E-04  8.665400E-04
200023 -7.723366E-04  8.285661E-04
200024 -8.950661E-04 -6.372514E-04
200025  4.700427E-04 -9.858196E-04
200026  1.090593E-03  1.994617E-04
200027  2.041635E-04  1.096500E-03
200028 -8.878133E-04  6.575271E-04
200029 -1.007690E-03 -4.178075E-04
200030 -2.642659E-04 -1.050631E-03
200031  5.862210E-04 -9.086136E-04
200032  1.033383E-03 -3.164009E-04
200033  1.037287E-03  3.001285E-04
200034  7.996883E-04  7.239942E-04
200035  5.246472E-04  9.415931E-04
200036  3.301009E-04  1.025631E-03
200037  2.619044E-04  1.044993E-03
200038  3.301056E-04  1.025632E-03
200039  5.246565E-04  9.415964E-04
200040  7.997022E-04  7.239990E-04
200041  1.037306E-03  3.001348E-04
200042  1.033406E-03 -3.163934E-04
200043  5.862470E-04 -9.086052E-04
200044 -2.642366E-04 -1.050622E-03
200045 -1.007658E-03 -4.177979E-04
200046 -8.877793E-04  6.575369E-04
200047  2.041988E-04  1.096510E-03
200048  1.090629E-03  1.994711E-04
200049  4.700781E-04 -9.858108E-04
200050 -8.950320E-04 -6.372434E-04
200051 -7.723044E-04  8.285730E-04
200052  7.484376E-04  8.665457E-04
200053  8.798839E-04 -6.897635E-04
200054 -7.058479E-04 -8.590673E-04
200055 -8.726050E-04  7.510825E-04
200056  7.552703E-04  8.916634E-04
200057  8.666693E-04 -7.443505E-04
200058 -7.639665E-04 -8.428914E-04
200059 -8.828085E-04  7.690854E-04
200060  6.966519E-04  9.613647E-04
200061  1.032554E-03 -5.569655E-04
200062 -3.667446E-04 -1.106329E-03
200063 -1.177148E-03  8.008864E-05
200064 -3.376892E-04  1.148575E-03
200065  8.862094E-04  8.139340E-04
200066  1.158746E-03 -3.178100E-04
200067  4.713594E-04 -1.103208E-03
200068 -4.375997E-04 -1.117931E-03
200069 -1.024161E-03 -6.312160E-04
200070 -1.204556E-03 -5.387673E-05
200071 -1.146193E-03  3.810405E-04
200072 -1.036123E-03  6.233053E-04
200073 -8.068512E-06 -1.303083E-03
200074  1.907562E-04 -1.287387E-03
200075  7.374041E-04 -1.063473E-03
200076  1.251728E-03 -2.528972E-04
200077  8.062466E-04  9.629308E-04
200078 -7.799299E-04  9.829986E-04
200079 -9.604495E-04 -8.375520E-04
200080  1.057572E-03 -6.826424E-04
200081  2.704643E-05  1.226165E-03
200082 -9.220518E-04 -8.339505E-04
200083  1.216315E-03  1.078230E-04
200084 -1.131242E-03  4.217199E-04
200085  9.335238E-04 -7.617065E-04
200086 -7.509274E-04  9.176083E-04
200087  6.479535E-04 -9.808930E-04
200088 -5.904331E-04  1.010149E-03
200089  5.953375E-04 -9.770704E-04
200090 -5.932630E-04  9.900736E-04
200091  6.086268E-04 -9.344613E-04
200092 -5.701577E-04  9.841819E-04
200093  5.023823E-04 -9.662660E-04
200094 -3.377032E-04  1.067894E-03
200095  7.834177E-05 -1.066424E-03
200096  3.075081E-04  1.050431E-03
200097 -7.571480E-04 -7.521182E-04
200098  1.047684E-03  1.581672E-04
200099 -8.416137E-04  6.408517E-04
200100 -8.547722E-05 -1.060270E-03
200101  9.824733E-04  3.071910E-04
200102 -5.144724E-04  8.823701E-04
200103 -9.259239E-04 -5.094706E-04
200104  2.296223E-04 -1.034515E-03
200105  9.867689E-04 -2.820355E-04
200106  8.282472E-04  5.535100E-04
200107  3.343153E-04  9.266909E-04
200108 -3.740625E-05  9.844735E-04
200109 -1.630546E-04  9.727777E-04
200110 -3.740323E-05  9.844783E-04
200111  3.343218E-04  9.267004E-04
200112  8.282580E-04  5.535236E-04
200113  9.867852E-04 -2.820182E-04
200114  2.296451E-04 -1.034494E-03
200115 -9.258936E-04 -5.094478E-04
200116 -5.144339E-04  8.823949E-04
200117  9.825197E-04  3.072172E-04
200118 -8.542376E-05 -1.060243E-03
200119 -8.415549E-04  6.408793E-04
200120  1.047746E-03  1.581948E-04
200121 -7.570865E-04 -7.520914E-04
200122  3.075661E-04  1.050456E-03
200123  7.839315E-05 -1.066401E-03
200124 -3.376614E-04  1.067915E-03
200125  5.024124E-04 -9.662477E-04
200126 -5.701407E-04  9.841971E-04
200127  6.086301E-04 -9.344490E-04
200128 -5.932730E-04  9.900833E-04
200129  5.953152E-04 -9.770629E-04
200130 -5.904661E-04  1.010155E-03
200131  6.479118E-04 -9.808886E-04
200132 -7.509756E-04  9.176115E-04
200133  9.334713E-04 -7.617045E-04
200134 -1.131297E-03  4.217206E-04
200135  1.216260E-03  1.078221E-04
200136 -9.221059E-04 -8.339533E-04
200137  2.699492E-05  1.226161E-03
200138  1.057525E-03 -6.826490E-04
200139 -9.604925E-04 -8.375600E-04
200140 -7.799672E-04  9.829898E-04
200141  8.062157E-04  9.629221E-04
200142  1.251704E-03 -2.529048E-04
200143  7.373879E-04 -1.063479E-03
200144  1.907480E-04 -1.287390E-03
200145 -7.110039E-04  1.158293E-03
200146 -9.698745E-04  9.510749E-04
200147 -1.354544E-03  6.132718E-05
200148 -5.384522E-04 -1.237783E-03
200149  1.270592E-03 -4.109843E-04
200150 -3.073986E-04  1.286769E-03
200151 -5.000866E-04 -1.226531E-03
200152  7.503485E-04  1.049666E-03
200153 -6.226381E-04 -1.141584E-03
200154  8.257362E-05  1.251807E-03
200155  7.427714E-04 -1.023564E-03
200156 -1.239788E-03 -3.327127E-05
200157  4.923900E-04  1.094270E-03
200158  9.203245E-04 -7.844226E-04
200159 -8.913020E-04 -7.900349E-04
200160 -6.891339E-04  9.299509E-04
200161  9.554400E-04  6.387273E-04
200162  5.959686E-04 -9.564605E-04
200163 -9.841661E-04 -4.977117E-04
200164 -3.599449E-04  1.056813E-03
200165  1.082900E-03  1.363577E-04
200166 -2.701088E-04 -1.010474E-03
200167 -7.549982E-04  7.586485E-04
200168  1.037162E-03  1.168489E-04
200169 -7.450497E-04 -7.200860E-04
200170  3.465919E-04  9.481405E-04
200171 -1.631007E-04 -1.024019E-03
200172  2.081944E-04  9.491911E-04
200173 -5.388452E-04 -8.796808E-04
200174  9.176359E-04  3.200575E-04
200175 -8.266386E-04  5.046495E-04
200176 -2.650495E-04 -9.694219E-04
200177  9.348669E-04 -3.058992E-04
200178  5.999565E-04  7.568742E-04
200179 -1.954365E-04  9.422766E-04
200180 -6.397264E-04  7.170667E-04
200181 -7.539693E-04  5.945401E-04
200182 -6.397350E-04  7.170747E-04
200183 -1.954527E-04  9.422916E-04
200184  5.999351E-04  7.568943E-04
200185  9.348440E-04 -3.058763E-04
200186 -2.650695E-04 -9.693980E-04
200187 -8.266505E-04  5.046732E-04
200188  9.176364E-04  3.200808E-04
200189 -5.388289E-04 -8.796575E-04
200190  2.082271E-04  9.492156E-04
200191 -1.630537E-04 -1.023993E-03
200192  3.466486E-04  9.481700E-04
200193 -7.449901E-04 -7.200539E-04
200194  1.037217E-03  1.168825E-04
200195 -7.549547E-04  7.586819E-04
200196 -2.700823E-04 -1.010443E-03
200197  1.082906E-03  1.363852E-04
200198 -3.599595E-04  1.056837E-03
200199 -9.841999E-04 -4.976922E-04
200200  5.959189E-04 -9.564430E-04
200201  9.553788E-04  6.387449E-04
200202 -6.892021E-04  9.299711E-04
200203 -8.913726E-04 -7.900106E-04
200204  9.202550E-04 -7.843938E-04
200205  4.923242E-04  1.094302E-03
200206 -1.239849E-03 -3.323777E-05
200207  7.427164E-04 -1.023532E-03
200208  8.252404E-05  1.251833E-03
200209 -6.226829E-04 -1.141565E-03
200210  7.503078E-04  1.049675E-03
200211 -5.001235E-04 -1.226531E-03
200212 -3.074317E-04  1.286762E-03
200213  1.270564E-03 -4.109963E-04
200214 -5.384751E-04 -1.237796E-03
200215 -1.354560E-03  6.131575E-05
200216 -9.698829E-04  9.510683E-04
200217  1.956516E-04  1.431478E-03
200218 -2.877559E-04  1.412453E-03
200219 -1.331923E-03  5.016756E-04
200220 -3.376535E-04 -1.354551E-03
200221  1.233064E-03  6.806204E-04
200222 -1.332749E-03 -3.488498E-04
200223  1.133265E-03  7.762429E-04
200224 -1.842530E-04 -1.321375E-03
200225 -1.213834E-03  5.355176E-04
200226  3.548811E-04  1.254660E-03
200227  1.247430E-03  2.562390E-04
200228  1.030899E-03 -7.101637E-04
200229  4.807045E-04 -1.138303E-03
200230  1.704023E-05 -1.218515E-03
200231 -2.913605E-04 -1.162385E-03
200232 -4.926616E-04 -1.066160E-03
200233 -6.462912E-04 -9.480273E-04
200234 -7.941937E-04 -7.868807E-04
200235 -9.467512E-04 -5.387615E-04
200236 -1.056689E-03 -1.499191E-04
200237 -9.825906E-04  3.931029E-04
200238 -5.087706E-04  9.278581E-04
200239  3.922849E-04  9.672338E-04
200240  1.005445E-03  3.806530E-05
200241  1.617824E-04 -9.815052E-04
200242 -9.894055E-04 -3.179359E-05
200243  4.246286E-04  8.393788E-04
200244  2.725618E-04 -9.571987E-04
200245 -6.022788E-04  7.038051E-04
200246  6.127708E-04 -7.440200E-04
200247 -2.859113E-04  8.872076E-04
200248 -3.988847E-04 -8.157253E-04
200249  9.416356E-04 -4.146458E-05
200250  1.443005E-04  9.676569E-04
200251 -7.322102E-04  5.926555E-04
200252 -8.985467E-04  2.722020E-05
200253 -8.677653E-04 -1.702761E-04
200254 -8.985553E-04  2.723471E-05
200255 -7.322290E-04  5.926813E-04
200256  1.442699E-04  9.676885E-04
200257  9.415939E-04 -4.143354E-05
200258 -3.989334E-04 -8.157000E-04
200259 -2.859588E-04  8.872240E-04
200260  6.127344E-04 -7.440122E-04
200261 -6.022953E-04  7.038072E-04
200262  2.725698E-04 -9.571974E-04
200263  4.246595E-04  8.393847E-04
200264 -9.893595E-04 -3.177919E-05
200265  1.618322E-04 -9.814809E-04
200266  1.005486E-03  3.809768E-05
200267  3.923077E-04  9.672697E-04
200268 -5.087716E-04  9.278915E-04
200269 -9.826154E-04  3.931285E-04
200270 -1.056733E-03 -1.499040E-04
200271 -9.468086E-04 -5.387564E-04
200272 -7.942561E-04 -7.868812E-04
200273 -6.463511E-04 -9.480269E-04
200274 -4.927135E-04 -1.066152E-03
200275 -2.914005E-04 -1.162364E-03
200276  1.701387E-05 -1.218480E-03
200277  4.806913E-04 -1.138256E-03
200278  1.030897E-03 -7.101108E-04
200279  1.247435E-03  2.562915E-04
200280  3.548879E-04  1.254705E-03
200281 -1.213829E-03  5.355492E-04
200282 -1.842540E-04 -1.321360E-03
200283  1.133256E-03  7.762405E-04
200284 -1.332764E-03 -3.488668E-04
200285  1.233044E-03  6.805940E-04
200286 -3.376739E-04 -1.354580E-03
200287 -1.331940E-03  5.016512E-04
200288 -2.877653E-04  1.412439E-03
200289 -1.487088E-03  9.130663E-05
200290 -1.380590E-03 -5.502920E-04
200291  1.811106E-04 -1.468456E-03
200292  1.120308E-03  9.590527E-04
200293 -1.246393E-03 -7.323385E-04
200294  6.305693E-04  1.293433E-03
200295  1.040297E-03 -9.400706E-04
200296 -5.340188E-04 -1.256787E-03
200297 -1.182681E-03 -6.288049E-04
200298 -1.255561E-03 -3.808518E-04
200299 -1.117649E-03 -6.237062E-04
200300 -6.128462E-04 -1.086201E-03
200301  3.510808E-04 -1.168531E-03
200302  1.144600E-03 -3.449023E-04
200303  7.994501E-04  8.440633E-04
200304 -4.567611E-04  1.035229E-03
200305 -1.119114E-03 -1.804232E-05
200306 -4.889494E-04 -9.940466E-04
200307  5.475934E-04 -9.296321E-04
200308  1.030724E-03 -1.957951E-04
200309  9.209197E-04  4.690014E-04
200310  6.464516E-04  7.943178E-04
200311  5.202435E-04  8.652538E-04
200312  6.381616E-04  7.494866E-04
200313  8.942509E-04  3.293067E-04
200314  8.111232E-04 -4.860400E-04
200315 -1.991800E-04 -9.425710E-04
200316 -8.758731E-04  2.456606E-04
200317  6.882299E-04  5.792496E-04
200318 -2.185774E-04 -8.706644E-04
200319  1.407860E-04  9.191969E-04
200320 -4.108440E-04 -7.199578E-04
200321  8.712463E-04  2.664142E-04
200322 -3.754535E-04  8.641170E-04
200323 -8.749372E-04 -8.242679E-05
200324 -5.398244E-04 -6.636718E-04
200325 -3.459863E-04 -7.805913E-04
200326 -5.398107E-04 -6.636516E-04
200327 -8.749190E-04 -8.239141E-05
200328 -3.754442E-04  8.641590E-04
200329  8.712361E-04  2.664534E-04
200330 -4.108754E-04 -7.199293E-04
200331  1.407422E-04  9.192102E-04
200332 -2.186180E-04 -8.706661E-04
200333  6.882080E-04  5.792372E-04
200334 -8.758676E-04  2.456447E-04
200335 -1.991491E-04 -9.425816E-04
200336  8.111676E-04 -4.860382E-04
200337  8.942923E-04  3.293247E-04
200338  6.381853E-04  7.495187E-04
200339  5.202415E-04  8.652924E-04
200340  6.464247E-04  7.943518E-04
200341  9.208757E-04  4.690198E-04
200342  1.030674E-03 -1.957990E-04
200343  5.475485E-04 -9.296581E-04
200344 -4.889817E-04 -9.940874E-04
200345 -1.119129E-03 -1.808647E-05
200346 -4.567592E-04  1.035193E-03
200347  7.994682E-04  8.440442E-04
200348  1.144632E-03 -3.449026E-04
200349  3.511223E-04 -1.168516E-03
200350 -6.127996E-04 -1.086177E-03
200351 -1.117603E-03 -6.236817E-04
200352 -1.255522E-03 -3.808332E-04
200353 -1.182655E-03 -6.287967E-04
200354 -5.340095E-04 -1.256792E-03
200355  1.040288E-03 -9.400884E-04
200356  6.305455E-04  1.293403E-03
200357 -1.246426E-03 -7.323753E-04
200358  1.120273E-03  9.590148E-04
200359  1.810815E-04 -1.468487E-03
200360 -1.380606E-03 -5.503099E-04
200361  5.724836E-04  1.421859E-03
200362 -2.434108E-04  1.510175E-03
200363 -1.506023E-03 -3.009202E-04
200364  1.436730E-03 -4.854826E-04
200365 -1.475574E-03 -2.398015E-04
200366  5.479454E-05  1.453093E-03
200367  1.185743E-03  7.978209E-04
200368  1.292388E-03  5.357488E-04
200369  9.169823E-04  1.011548E-03
200370 -3.229128E-04  1.291156E-03
200371 -1.279766E-03 -1.310100E-04
200372  4.039581E-04 -1.176081E-03
200373  8.439261E-04  8.977154E-04
200374 -1.179175E-03  1.236133E-04
200375  7.285001E-04 -8.824534E-04
200376  7.890655E-05  1.121167E-03
200377 -8.312518E-04 -7.192914E-04
200378  1.046651E-03 -1.928101E-04
200379 -3.841035E-04  9.478464E-04
200380 -7.591913E-04 -6.868830E-04
200381  7.334021E-04 -6.769485E-04
200382  7.844326E-04  5.904231E-04
200383 -1.174164E-04  9.671879E-04
200384 -6.863120E-04  6.613604E-04
200385 -8.338985E-04  4.132764E-04
200386 -7.666188E-04  4.854725E-04
200387 -3.663349E-04  7.879897E-04
200388  5.252289E-04  6.755342E-04
200389  7.262357E-04 -5.197310E-04
200390 -7.536493E-04 -3.780510E-04
200391  4.597146E-04  7.815656E-04
200392 -4.411976E-04 -6.525447E-04
200393  7.295283E-04  4.456741E-04
200394 -7.184700E-04  5.139286E-04
200395 -6.472625E-04 -6.654448E-04
200396  7.303041E-06 -9.513158E-04
200397  2.361163E-04 -9.133387E-04
200398  7.334363E-06 -9.513018E-04
200399 -6.472150E-04 -6.654210E-04
200400 -7.184288E-04  5.139558E-04
200401  7.295452E-04  4.456985E-04
200402 -4.412094E-04 -6.525273E-04
200403  4.596846E-04  7.815743E-04
200404 -7.536778E-04 -3.780511E-04
200405  7.262268E-04 -5.197380E-04
200406  5.252468E-04  6.755241E-04
200407 -3.662975E-04  7.879823E-04
200408 -7.665793E-04  4.854743E-04
200409 -8.338756E-04  4.132925E-04
200410 -6.863164E-04  6.613908E-04
200411 -1.174466E-04  9.672255E-04
200412  7.843884E-04  5.904546E-04
200413  7.333600E-04 -6.769377E-04
200414 -7.592181E-04 -6.869027E-04
200415 -3.841089E-04  9.477961E-04
200416  1.046666E-03 -1.928814E-04
200417 -8.312220E-04 -7.193686E-04
200418  7.894424E-05  1.121098E-03
200419  7.285402E-04 -8.825081E-04
200420 -1.179136E-03  1.235727E-04
200421  8.439622E-04  8.976829E-04
200422  4.039892E-04 -1.176112E-03
200423 -1.279742E-03 -1.310418E-04
200424 -3.229000E-04  1.291124E-03
200425  9.169810E-04  1.011519E-03
200426  1.292371E-03  5.357253E-04
200427  1.185712E-03  7.978023E-04
200428  5.475166E-05  1.453075E-03
200429 -1.475622E-03 -2.398215E-04
200430  1.436685E-03 -4.855054E-04
200431 -1.506058E-03 -3.009418E-04
200432 -2.434299E-04  1.510161E-03
200433 -1.170022E-03  1.059966E-03
200434 -1.569874E-03  1.661658E-04
200435  3.022344E-04 -1.539077E-03
200436 -2.137912E-04  1.519237E-03
200437  1.411915E-03 -5.466943E-04
200438  2.645561E-04 -1.468452E-03
200439  1.336788E-04 -1.450762E-03
200440  1.037976E-03 -9.573762E-04
200441  1.032565E-03  8.775309E-04
200442 -1.223604E-03  4.935400E-04
200443  6.787891E-04 -1.095157E-03
200444 -3.734537E-04  1.181012E-03
200445  3.911342E-04 -1.133166E-03
200446 -5.840972E-04  1.017048E-03
200447  8.282057E-04 -7.556484E-04
200448 -9.884151E-04  4.867927E-04
200449  1.042159E-03 -2.025461E-04
200450 -1.035755E-03  7.892866E-05
200451  9.956832E-04 -1.518639E-04
200452 -8.905832E-04  4.024610E-04
200453  4.964798E-04 -8.381973E-04
200454  3.540406E-04  8.676242E-04
200455 -9.110015E-04  1.101811E-04
200456 -2.198805E-04 -8.532735E-04
200457  5.934162E-04 -6.335629E-04
200458  8.205917E-04 -2.689366E-04
200459  8.136682E-04 -2.812459E-04
200460  5.768151E-04 -6.580911E-04
200461 -2.551407E-04 -8.163084E-04
200462 -7.479666E-04  3.297100E-04
200463  7.174049E-04  4.644889E-04
200464 -5.588737E-04 -5.328514E-04
200465  6.432161E-04  4.557929E-04
200466 -8.324312E-04  2.358707E-04
200467 -3.889343E-04 -9.374175E-04
200468  3.235107E-04 -9.500698E-04
200469  4.995975E-04 -8.156353E-04
200470  3.235260E-04 -9.500716E-04
200471 -3.889143E-04 -9.374230E-04
200472 -8.324206E-04  2.358602E-04
200473  6.432093E-04  4.557792E-04
200474 -5.588945E-04 -5.328641E-04
200475  7.173836E-04  4.644821E-04
200476 -7.479729E-04  3.297108E-04
200477 -2.551236E-04 -8.163022E-04
200478  5.768505E-04 -6.580836E-04
200479  8.137050E-04 -2.812395E-04
200480  8.206097E-04 -2.689298E-04
200481  5.934029E-04 -6.335507E-04
200482 -2.199226E-04 -8.532524E-04
200483 -9.110560E-04  1.102084E-04
200484  3.539952E-04  8.676470E-04
200485  4.964600E-04 -8.381931E-04
200486 -8.905732E-04  4.024365E-04
200487  9.957159E-04 -1.519161E-04
200488 -1.035713E-03  7.886011E-05
200489  1.042199E-03 -2.026155E-04
200490 -9.883857E-04  4.867331E-04
200491  8.282230E-04 -7.556974E-04
200492 -5.840911E-04  1.017002E-03
200493  3.911312E-04 -1.133218E-03
200494 -3.734643E-04  1.180949E-03
200495  6.787717E-04 -1.095226E-03
200496 -1.223628E-03  4.934759E-04
200497  1.032535E-03  8.774843E-04
200498  1.037942E-03 -9.573979E-04
200499  1.336433E-04 -1.450761E-03
200500  2.645218E-04 -1.468440E-03
200501  1.411884E-03 -5.466856E-04
200502 -2.138173E-04  1.519234E-03
200503  3.022152E-04 -1.539089E-03
200504 -1.569884E-03  1.661555E-04
200505  1.236460E-03  1.010931E-03
200506  2.799671E-04  1.570337E-03
200507 -1.466044E-03 -5.604396E-04
200508  1.184963E-03  1.002613E-03
200509  1.002999E-03 -1.132526E-03
200510  4.856392E-04 -1.395245E-03
200511  1.194468E-03 -7.999100E-04
200512  8.013379E-04  1.138263E-03
200513 -1.344318E-03 -1.763172E-04
200514  1.299616E-03 -1.091150E-04
200515 -1.231999E-03 -2.978466E-04
200516  7.439763E-04  9.515645E-04
200517  3.489430E-04 -1.134427E-03
200518 -1.124826E-03  1.582091E-04
200519  5.376436E-04  9.684106E-04
200520  6.841032E-04 -8.090882E-04
200521 -1.004967E-03 -2.292948E-04
200522  3.610399E-04  9.482291E-04
200523  3.571939E-04 -9.059685E-04
200524 -7.195613E-04  6.169411E-04
200525  7.832360E-04 -5.151089E-04
200526 -6.362352E-04  6.279529E-04
200527  1.357766E-04 -8.802394E-04
200528  7.025796E-04  5.272682E-04
200529 -5.060616E-04  7.117856E-04
200530 -8.413183E-04 -7.517953E-05
200531 -6.827642E-04 -4.796189E-04
200532 -6.963125E-04 -4.461474E-04
200533 -7.843058E-04  7.287980E-05
200534 -1.108191E-04  7.841645E-04
200535  7.805494E-04 -9.754541E-05
200536 -7.396010E-04 -2.319215E-04
200537  6.831169E-04  2.799892E-04
200538 -7.889875E-04  2.526188E-04
200539 -3.307832E-04 -9.588122E-04
200540  3.928521E-04 -9.196704E-04
200541  5.482837E-04 -7.642793E-04
200542  3.928305E-04 -9.196800E-04
200543 -3.308227E-04 -9.588334E-04
200544 -7.890354E-04  2.525856E-04
200545  6.830752E-04  2.799489E-04
200546 -7.396210E-04 -2.319594E-04
200547  7.805602E-04 -9.757119E-05
200548 -1.107792E-04  7.841557E-04
200549 -7.842504E-04  7.288568E-05
200550 -6.962631E-04 -4.461345E-04
200551 -6.827429E-04 -4.796069E-04
200552 -8.413377E-04 -7.517197E-05
200553 -5.061177E-04  7.117915E-04
200554  7.025072E-04  5.272777E-04
200555  1.357163E-04 -8.802245E-04
200556 -6.362615E-04  6.279668E-04
200557  7.832486E-04 -5.151073E-04
200558 -7.195221E-04  6.169225E-04
200559  3.572387E-04 -9.060044E-04
200560  3.610729E-04  9.481884E-04
200561 -1.004952E-03 -2.293269E-04
200562  6.841030E-04 -8.091075E-04
200563  5.376353E-04  9.683965E-04
200564 -1.124837E-03  1.581863E-04
200565  3.489296E-04 -1.134469E-03
200566  7.439598E-04  9.515037E-04
200567 -1.232019E-03 -2.979168E-04
200568  1.299592E-03 -1.091792E-04
200569 -1.344343E-03 -1.763604E-04
200570  8.013164E-04  1.138249E-03
200571  1.194455E-03 -7.998979E-04
200572  4.856343E-04 -1.395222E-03
200573  1.003000E-03 -1.132513E-03
200574  1.184964E-03  1.002605E-03
200575 -1.466044E-03 -5.604632E-04
200576  2.799661E-04  1.570317E-03
200577 -1.162384E-03  1.076254E-03
200578 -1.569592E-03 -4.765151E-05
200579  1.096725E-03 -1.099612E-03
200580 -1.512579E-03  2.442452E-04
200581 -4.288232E-04  1.449071E-03
200582 -5.874411E-04  1.349455E-03
200583 -1.413340E-03 -9.757018E-05
200584  8.821035E-04 -1.042533E-03
200585 -7.022525E-04  1.131540E-03
200586  1.124685E-03 -6.042119E-04
200587 -1.054120E-03 -6.500790E-04
200588 -4.847398E-04  1.077996E-03
200589  9.716363E-04  5.944804E-04
200590  8.418556E-04 -7.315698E-04
200591 -3.484145E-04 -1.018949E-03
200592 -1.032410E-03 -1.959765E-05
200593 -2.650719E-04  9.752389E-04
200594  9.152386E-04  3.438040E-04
200595  1.693518E-04 -9.173025E-04
200596 -8.877114E-04  2.573577E-04
200597  7.954605E-04  4.031059E-04
200598 -5.876270E-04 -6.639598E-04
200599  6.355917E-04  5.649561E-04
200600 -8.236534E-04 -1.385864E-04
200601  4.910875E-04 -6.422487E-04
200602  6.774550E-04  4.524727E-04
200603  7.178506E-05  7.983132E-04
200604 -1.569243E-04  7.500503E-04
200605  1.114408E-04  7.352784E-04
200606  7.037576E-04  3.194972E-04
200607  2.819152E-04 -6.809917E-04
200608 -7.047472E-04  3.583775E-04
200609  6.711183E-04 -1.695003E-04
200610 -5.203670E-04  5.591079E-04
200611 -5.370232E-04 -7.414244E-04
200612  2.218378E-04 -9.576093E-04
200613  4.417787E-04 -8.555776E-04
200614  2.217996E-04 -9.576091E-04
200615 -5.370833E-04 -7.414292E-04
200616 -5.204207E-04  5.590926E-04
200617  6.711009E-04 -1.695270E-04
200618 -7.047122E-04  3.583436E-04
200619  2.819952E-04 -6.810252E-04
200620  7.038559E-04  3.194712E-04
200621  1.115240E-04  7.352639E-04
200622 -1.568832E-04  7.500466E-04
200623  7.177189E-05  7.983157E-04
200624  6.773938E-04  4.524764E-04
200625  4.910019E-04 -6.422452E-04
200626 -8.237307E-04 -1.385804E-04
200627  6.355507E-04  5.649665E-04
200628 -5.876217E-04 -6.639485E-04
200629  7.954999E-04  4.031098E-04
200630 -8.876648E-04  2.573491E-04
200631  1.693803E-04 -9.173190E-04
200632  9.152397E-04  3.437921E-04
200633 -2.650893E-04  9.752412E-04
200634 -1.032428E-03 -1.958368E-05
200635 -3.484211E-04 -1.018938E-03
200636  8.418632E-04 -7.315751E-04
200637  9.716521E-04  5.944525E-04
200638 -4.847238E-04  1.077951E-03
200639 -1.054110E-03 -6.501309E-04
200640  1.124687E-03 -6.042610E-04
200641 -7.022566E-04  1.131502E-03
200642  8.820994E-04 -1.042555E-03
200643 -1.413339E-03 -9.757559E-05
200644 -5.874335E-04  1.349455E-03
200645 -4.288157E-04  1.449057E-03
200646 -1.512578E-03  2.442080E-04
200647  1.096719E-03 -1.099663E-03
200648 -1.569598E-03 -4.768868E-05
200649  5.780214E-04  1.434507E-03
200650 -6.566924E-04  1.391749E-03
200651 -3.736057E-04 -1.475172E-03
200652 -8.601082E-04  1.227606E-03
200653  3.117866E-04  1.437365E-03
200654 -3.902693E-04  1.377539E-03
200655 -1.287669E-03 -4.866039E-04
200656  1.331221E-03 -1.385853E-04
200657 -1.247342E-03 -3.123760E-04
200658  3.228870E-04  1.211906E-03
200659  1.163442E-03 -2.742154E-04
200660  2.183381E-04 -1.130834E-03
200661 -6.928456E-04 -8.770731E-04
200662 -1.052640E-03 -2.302387E-04
200663 -9.448334E-04  4.147252E-04
200664 -4.660102E-04  8.763712E-04
200665  2.781123E-04  9.276237E-04
200666  8.944702E-04  3.040856E-04
200667  5.707787E-04 -7.001090E-04
200668 -6.759639E-04 -5.685871E-04
200669 -3.207087E-04  8.088376E-04
200670  7.843674E-04 -3.262761E-04
200671 -8.232670E-04  1.626409E-05
200672  7.971221E-04 -1.752326E-04
200673 -4.801766E-04  6.377899E-04
200674 -4.705973E-04 -6.056865E-04
200675  4.235447E-04 -6.193370E-04
200676  6.995933E-04 -2.819056E-04
200677  6.814981E-04 -3.428801E-04
200678  2.926530E-04 -7.102608E-04
200679 -6.259051E-04 -3.541364E-04
200680  5.680287E-05  7.681946E-04
200681  9.248686E-05 -6.494829E-04
200682  1.942588E-04  6.998936E-04
200683 -7.552689E-04 -5.851767E-05
200684 -3.369408E-04 -7.975627E-04
200685 -7.174028E-05 -9.006932E-04
200686 -3.369520E-04 -7.975449E-04
200687 -7.552761E-04 -5.848899E-05
200688  1.942821E-04  6.999224E-04
200689  9.256321E-05 -6.494650E-04
200690  5.693172E-05  7.681931E-04
200691 -6.257545E-04 -3.541603E-04
200692  2.927801E-04 -7.103010E-04
200693  6.815660E-04 -3.429227E-04
200694  6.995905E-04 -2.819367E-04
200695  4.234831E-04 -6.193504E-04
200696 -4.706896E-04 -6.056853E-04
200697 -4.802651E-04  6.377986E-04
200698  7.970678E-04 -1.752206E-04
200699 -8.232729E-04  1.627817E-05
200700  7.844021E-04 -3.262626E-04
200701 -3.206591E-04  8.088450E-04
200702 -6.759296E-04 -5.685888E-04
200703  5.707797E-04 -7.001147E-04
200704  8.944426E-04  3.040869E-04
200705  2.780787E-04  9.276379E-04
200706 -4.660257E-04  8.763911E-04
200707 -9.448203E-04  4.147350E-04
200708 -1.052604E-03 -2.302495E-04
200709 -6.927999E-04 -8.771011E-04
200710  2.183827E-04 -1.130868E-03
200711  1.163478E-03 -2.742489E-04
200712  3.229094E-04  1.211871E-03
200713 -1.247335E-03 -3.124183E-04
200714  1.331217E-03 -1.386306E-04
200715 -1.287678E-03 -4.866439E-04
200716 -3.902818E-04  1.377505E-03
200717  3.117666E-04  1.437325E-03
200718 -8.601399E-04  1.227549E-03
200719 -3.736427E-04 -1.475237E-03
200720 -6.567183E-04  1.391703E-03
200721 -1.490181E-03  7.931949E-05
200722 -1.044878E-03 -1.068052E-03
200723  1.449108E-03  2.556194E-04
200724 -5.539157E-04 -1.344915E-03
200725 -1.217959E-03 -7.254332E-04
200726 -4.320253E-04 -1.311857E-03
200727  1.338452E-03  4.013320E-05
200728 -1.274811E-03  1.946898E-04
200729  1.069742E-03  6.523064E-04
200730  4.465332E-04 -1.106557E-03
200731 -8.278477E-04 -7.965903E-04
200732 -1.116040E-03 -6.293763E-06
200733 -9.690815E-04  4.767330E-04
200734 -7.627676E-04  7.054538E-04
200735 -5.613864E-04  8.233303E-04
200736 -3.166339E-04  9.035329E-04
200737  4.210005E-05  9.266406E-04
200738  5.258007E-04  7.412275E-04
200739  8.783929E-04  1.163677E-04
200740  4.361035E-04 -7.272291E-04
200741 -7.140588E-04 -4.327992E-04
200742 -1.205636E-04  8.089631E-04
200743  5.843183E-04 -5.580275E-04
200744 -6.395024E-04  4.312943E-04
200745  4.042650E-04 -6.598192E-04
200746  3.421940E-04  6.836066E-04
200747 -6.395439E-04  4.060285E-04
200748 -7.106188E-04 -1.965924E-04
200749 -6.570579E-04 -3.156576E-04
200750 -6.983438E-04  6.374915E-05
200751 -9.884860E-05  6.838974E-04
200752  6.767123E-04 -1.830758E-04
200753 -7.057636E-04  3.608176E-06
200754  6.312374E-04 -1.815359E-04
200755 -5.533675E-05  7.003868E-04
200756 -6.597188E-04  1.934863E-04
200757 -6.927405E-04 -9.464439E-05
200758 -6.596739E-04  1.935148E-04
200759 -5.524632E-05  7.004399E-04
200760  6.313768E-04 -1.814680E-04
200761 -7.055780E-04  3.673080E-06
200762  6.769179E-04 -1.830368E-04
200763 -9.867262E-05  6.838939E-04
200764 -6.982447E-04  6.370511E-05
200765 -6.570525E-04 -3.157200E-04
200766 -7.106884E-04 -1.966443E-04
200767 -6.396499E-04  4.060050E-04
200768  3.420921E-04  6.836103E-04
200769  4.041984E-04 -6.598010E-04
200770 -6.395189E-04  4.313148E-04
200771  5.843463E-04 -5.580094E-04
200772 -1.205135E-04  8.089772E-04
200773 -7.140154E-04 -4.327918E-04
200774  4.361182E-04 -7.272303E-04
200775  8.783740E-04  1.163622E-04
200776  5.257636E-04  7.412262E-04
200777  4.207098E-05  9.266469E-04
200778 -3.166355E-04  9.035382E-04
200779 -5.613597E-04  8.233208E-04
200780 -7.627258E-04  7.054252E-04
200781 -9.690374E-04  4.766968E-04
200782 -1.115999E-03 -6.322601E-06
200783 -8.278115E-04 -7.966110E-04
200784  4.465575E-04 -1.106585E-03
200785  1.069746E-03  6.522560E-04
200786 -1.274831E-03  1.946217E-04
200787  1.338416E-03  4.006712E-05
200788 -4.320716E-04 -1.311907E-03
200789 -1.218016E-03 -7.254735E-04
200790 -5.539846E-04 -1.344960E-03
200791  1.449039E-03  2.555679E-04
200792 -1.044923E-03 -1.068089E-03
200793  1.898691E-04  1.404979E-03
200794 -9.477836E-04  1.053806E-03
200795  2.011470E-04 -1.405352E-03
200796 -1.290417E-03  5.013630E-04
200797 -7.899435E-04  1.093282E-03
200798 -1.309211E-03  1.714295E-04
200799  4.183156E-04 -1.221987E-03
200800 -3.559783E-04  1.182243E-03
200801  1.096039E-03 -4.938029E-04
200802 -4.525855E-04 -1.060263E-03
200803 -1.092239E-03 -2.042207E-04
200804 -1.009237E-03  3.781590E-04
200805 -8.652079E-04  5.838155E-04
200806 -8.062543E-04  6.038952E-04
200807 -7.916215E-04  5.603737E-04
200808 -7.631735E-04  5.368605E-04
200809 -6.711581E-04  5.972374E-04
200810 -4.385357E-04  7.511657E-04
200811  4.479614E-05  8.518365E-04
200812  6.793632E-04  4.884017E-04
200813  6.275719E-04 -4.974531E-04
200814 -5.987162E-04 -5.151501E-04
200815 -4.788018E-05  7.691643E-04
200816  3.197115E-04 -7.009575E-04
200817 -1.596905E-04  7.139936E-04
200818 -4.047769E-04 -6.048435E-04
200819  6.313762E-04 -3.218724E-04
200820  6.056570E-04  3.653846E-04
200821  4.703630E-04  5.122425E-04
200822  6.422865E-04  2.530328E-04
200823  5.123180E-04 -4.931393E-04
200824 -5.967002E-04 -3.062513E-04
200825  4.126976E-04  5.592920E-04
200826 -5.793248E-04 -3.160300E-04
200827  5.505627E-04 -3.135562E-04
200828  5.258046E-04  4.285507E-04
200829  3.300939E-04  5.964826E-04
200830  5.259028E-04  4.285782E-04
200831  5.507401E-04 -3.134983E-04
200832 -5.790945E-04 -3.159448E-04
200833  4.129493E-04  5.593855E-04
200834 -5.964741E-04 -3.061824E-04
200835  5.124624E-04 -4.931233E-04
200836  6.423153E-04  2.529932E-04
200837  4.702885E-04  5.121746E-04
200838  6.055280E-04  3.653266E-04
200839  6.312474E-04 -3.218959E-04
200840 -4.048664E-04 -6.048334E-04
200841 -1.597237E-04  7.140197E-04
200842  3.197301E-04 -7.009328E-04
200843 -4.783179E-05  7.691813E-04
200844 -5.986665E-04 -5.151401E-04
200845  6.276007E-04 -4.974501E-04
200846  6.793625E-04  4.883966E-04
200847  4.477253E-05  8.518254E-04
200848 -4.385641E-04  7.511547E-04
200849 -6.711716E-04  5.972290E-04
200850 -7.631640E-04  5.368476E-04
200851 -7.915982E-04  5.603460E-04
200852 -8.062325E-04  6.038530E-04
200853 -8.651938E-04  5.837744E-04
200854 -1.009224E-03  3.781345E-04
200855 -1.092220E-03 -2.042330E-04
200856 -4.525692E-04 -1.060287E-03
200857  1.096036E-03 -4.938574E-04
200858 -3.560104E-04  1.182165E-03
200859  4.182599E-04 -1.222058E-03
200860 -1.309280E-03  1.713886E-04
200861 -7.900215E-04  1.093267E-03
200862 -1.290503E-03  5.013528E-04
200863  2.010662E-04 -1.405370E-03
200864 -9.478347E-04  1.053789E-03
200865 -7.108237E-04  1.153198E-03
200866 -1.337678E-03  2.180816E-04
200867  9.676155E-04 -9.300908E-04
200868 -1.275406E-03 -3.572495E-04
200869 -1.228247E-03  4.023247E-04
200870 -1.124285E-03 -5.841396E-04
200871  9.847459E-04 -7.391971E-04
200872 -9.296477E-04  7.277906E-04
200873  1.126256E-03  2.243200E-04
200874  2.860213E-04 -1.077829E-03
200875 -6.561077E-04 -8.443865E-04
200876 -9.336360E-04 -4.341351E-04
200877 -9.563552E-04 -2.755496E-04
200878 -9.117679E-04 -3.093982E-04
200879 -8.332695E-04 -4.185121E-04
200880 -7.500745E-04 -5.072370E-04
200881 -7.157722E-04 -5.127287E-04
200882 -7.642072E-04 -3.789693E-04
200883 -8.227521E-04 -2.371033E-05
200884 -5.933211E-04  5.421021E-04
200885  2.403731E-04  7.557469E-04
200886  7.189043E-04 -2.406373E-04
200887 -5.680599E-04 -4.903516E-04
200888  2.445829E-04  6.867878E-04
200889 -2.773847E-04 -6.753749E-04
200890  6.355545E-04  3.187367E-04
200891 -4.555628E-04  5.366353E-04
200892 -6.758640E-04 -1.579769E-04
200893 -5.445114E-04 -4.082438E-04
200894 -6.315889E-04 -2.298535E-04
200895 -4.766624E-04  4.281229E-04
200896  5.771884E-04  3.270869E-04
200897 -3.204186E-04 -5.666278E-04
200898  4.611181E-04  4.789672E-04
200899 -6.291224E-04  2.596902E-04
200900 -4.218460E-04 -4.556296E-04
200901 -1.848094E-04 -5.765142E-04
200902 -4.217198E-04 -4.556098E-04
200903 -6.289046E-04  2.597394E-04
200904  4.613795E-04  4.790505E-04
200905 -3.201637E-04 -5.665272E-04
200906  5.773813E-04  3.271671E-04
200907 -4.765817E-04  4.281485E-04
200908 -6.316346E-04 -2.298871E-04
200909 -5.446460E-04 -4.083074E-04
200910 -6.760219E-04 -1.580296E-04
200911 -4.556880E-04  5.366186E-04
200912  6.354897E-04  3.187534E-04
200913 -2.773880E-04 -6.753456E-04
200914  2.446226E-04  6.868109E-04
200915 -5.680069E-04 -4.903403E-04
200916  7.189438E-04 -2.406344E-04
200917  2.403873E-04  7.557440E-04
200918 -5.933287E-04  5.420923E-04
200919 -8.227691E-04 -2.372677E-05
200920 -7.642192E-04 -3.789885E-04
200921 -7.157702E-04 -5.127481E-04
200922 -7.500618E-04 -5.072610E-04
200923 -8.332607E-04 -4.185477E-04
200924 -9.117759E-04 -3.094433E-04
200925 -9.563768E-04 -2.755885E-04
200926 -9.336533E-04 -4.341543E-04
200927 -6.561073E-04 -8.443935E-04
200928  2.860311E-04 -1.077849E-03
200929  1.126252E-03  2.242683E-04
200930 -9.296814E-04  7.277192E-04
200931  9.846866E-04 -7.392545E-04
200932 -1.124357E-03 -5.841575E-04
200933 -1.228323E-03  4.023424E-04
200934 -1.275484E-03 -3.572220E-04
200935  9.675442E-04 -9.300749E-04
200936 -1.337723E-03  2.180850E-04
200937 -6.119071E-06 -1.282586E-03
200938  9.485991E-04 -8.553340E-04
200939 -2.500881E-04  1.245272E-03
200940  1.139847E-03 -5.103496E-04
200941  5.488703E-04 -1.099510E-03
200942  1.095057E-03 -4.884068E-04
200943  7.246570E-05  1.156706E-03
200944 -2.333089E-04 -1.118998E-03
200945 -5.901927E-04  9.147050E-04
200946  9.166883E-04  5.309085E-04
200947  9.232978E-04 -4.630158E-04
200948  5.511110E-04 -8.293953E-04
200949  3.719128E-04 -8.813008E-04
200950  3.799731E-04 -8.382779E-04
200951  4.689035E-04 -7.562517E-04
200952  5.472127E-04 -6.709717E-04
200953  5.585803E-04 -6.369313E-04
200954  4.578718E-04 -6.938029E-04
200955  1.642864E-04 -7.953454E-04
200956 -3.741025E-04 -6.883168E-04
200957 -7.618621E-04  2.221315E-05
200958 -1.776214E-05  7.548572E-04
200959  6.550796E-04 -2.975160E-04
200960 -7.062113E-04 -1.043172E-04
200961  6.999349E-04  8.871538E-05
200962 -6.038640E-04  3.064328E-04
200963 -1.255972E-04 -6.669629E-04
200964  5.509343E-04 -3.537384E-04
200965  6.462515E-04 -6.147944E-05
200966  6.041304E-04 -2.462555E-04
200967  1.075976E-04 -6.561784E-04
200968 -6.245581E-04  3.547344E-05
200969  5.809407E-04  2.640323E-04
200970 -6.327889E-04 -1.041253E-04
200971  3.759272E-04 -4.644320E-04
200972  5.769020E-04  2.532868E-04
200973  4.430081E-04  4.781874E-04
200974  5.770266E-04  2.532991E-04
200975  3.761357E-04 -4.643943E-04
200976 -6.325523E-04 -1.040532E-04
200977  5.811518E-04  2.641244E-04
200978 -6.244240E-04  3.554818E-05
200979  1.076171E-04 -6.561548E-04
200980  6.040374E-04 -2.462862E-04
200981  6.460955E-04 -6.153534E-05
200982  5.507816E-04 -3.537813E-04
200983 -1.257003E-04 -6.669716E-04
200984 -6.039032E-04  3.064529E-04
200985  6.999500E-04  8.874337E-05
200986 -7.061658E-04 -1.042989E-04
200987  6.551261E-04 -2.975113E-04
200988 -1.773555E-05  7.548539E-04
200989 -7.618581E-04  2.220559E-05
200990 -3.741103E-04 -6.883293E-04
200991  1.642796E-04 -7.953637E-04
200992  4.578743E-04 -6.938249E-04
200993  5.585917E-04 -6.369544E-04
200994  5.472229E-04 -6.709977E-04
200995  4.688973E-04 -7.562856E-04
200996  3.799427E-04 -8.383177E-04
200997  3.718683E-04 -8.813333E-04
200998  5.510759E-04 -8.294097E-04
200999  9.232884E-04 -4.630200E-04
201000  9.166965E-04  5.308914E-04
201001 -5.901923E-04  9.146612E-04
201002 -2.333349E-04 -1.119055E-03
201003  7.241563E-05  1.156668E-03
201004  1.094997E-03 -4.884031E-04
201005  5.488104E-04 -1.099470E-03
201006  1.139789E-03 -5.102988E-04
201007 -2.501393E-04  1.245309E-03
201008  9.485669E-04 -8.553176E-04
201009 -9.937315E-04  7.044906E-04
201010 -1.186872E-03 -2.364109E-04
201011  1.042797E-03 -5.825707E-04
201012 -1.123027E-03 -3.776095E-04
201013 -1.019084E-03  5.667803E-04
201014 -1.140472E-03 -8.967682E-06
201015  1.817107E-04 -1.098316E-03
201016  1.874132E-04  1.056210E-03
201017  4.088752E-04 -9.750046E-04
201018 -9.998770E-04 -1.878054E-04
201019 -5.303791E-04  8.187523E-04
201020  1.161267E-04  9.416111E-04
201021  4.092268E-04  8.301940E-04
201022  4.767783E-04  7.653614E-04
201023  4.484001E-04  7.536151E-04
201024  4.087232E-04  7.452882E-04
201025  4.260914E-04  7.014016E-04
201026  5.435772E-04  5.777675E-04
201027  7.229020E-04  2.802070E-04
201028  7.117652E-04 -2.758130E-04
201029  6.847862E-05 -7.358890E-04
201030 -7.222100E-04 -7.321639E-05
201031  2.362486E-04  6.761509E-04
201032  1.546694E-04 -6.734088E-04
201033 -1.470803E-04  6.562659E-04
201034 -2.493105E-04 -6.322572E-04
201035  6.596875E-04 -6.526519E-05
201036  2.910853E-04  5.886263E-04
201037 -9.929413E-06  6.593635E-04
201038  1.625992E-04  6.225510E-04
201039  6.143785E-04  1.687520E-04
201040  4.997410E-05 -6.473380E-04
201041 -3.476140E-04  4.926246E-04
201042  2.044629E-04 -5.847617E-04
201043  3.950612E-04  4.778592E-04
201044 -3.218585E-04  5.679956E-04
201045 -5.121447E-04  4.053111E-04
201046 -3.217569E-04  5.680038E-04
201047  3.952267E-04  4.778882E-04
201048  2.046421E-04 -5.847031E-04
201049 -3.474661E-04  4.926998E-04
201050  5.005131E-05 -6.472791E-04
201051  6.143605E-04  1.687662E-04
201052  1.624967E-04  6.225206E-04
201053 -1.006963E-05  6.593157E-04
201054  2.909619E-04  5.885932E-04
201055  6.596132E-04 -6.526829E-05
201056 -2.493309E-04 -6.322376E-04
201057 -1.470593E-04  6.562893E-04
201058  1.547095E-04 -6.733958E-04
201059  2.362834E-04  6.761515E-04
201060 -7.221945E-04 -7.322285E-05
201061  6.847756E-05 -7.358985E-04
201062  7.117600E-04 -2.758255E-04
201063  7.229033E-04  2.801904E-04
201064  5.435879E-04  5.777481E-04
201065  4.261058E-04  7.013814E-04
201066  4.087293E-04  7.452664E-04
201067  4.483856E-04  7.535880E-04
201068  4.767402E-04  7.653302E-04
201069  4.091776E-04  8.301689E-04
201070  1.160893E-04  9.416004E-04
201071 -5.303897E-04  8.187489E-04
201072 -9.998678E-04 -1.878193E-04
201073  4.088811E-04 -9.750382E-04
201074  1.873980E-04  1.056169E-03
201075  1.816752E-04 -1.098337E-03
201076 -1.140515E-03 -8.952687E-06
201077 -1.019125E-03  5.668264E-04
201078 -1.123064E-03 -3.775546E-04
201079  1.042765E-03 -5.825288E-04
201080 -1.186892E-03 -2.363906E-04
201081  7.716275E-05  1.150156E-03
201082 -7.504221E-04  8.700753E-04
201083 -1.038352E-04 -1.120177E-03
201084 -6.391526E-04  9.271020E-04
201085  4.482897E-04  1.009814E-03
201086  1.429937E-04  1.072539E-03
201087 -1.029889E-03  2.406919E-04
201088  6.828497E-04 -7.714862E-04
201089 -8.580357E-04  5.091466E-04
201090  8.413344E-04  4.789428E-04
201091  5.775391E-04 -7.595249E-04
201092 -2.608915E-04 -8.860171E-04
201093 -6.777919E-04 -5.758497E-04
201094 -8.038802E-04 -3.087084E-04
201095 -8.262177E-04 -1.410647E-04
201096 -8.175402E-04 -1.209656E-05
201097 -7.823145E-04  1.489672E-04
201098 -6.648670E-04  3.900676E-04
201099 -3.341853E-04  6.636424E-04
201100  2.910005E-04  6.667277E-04
201101  7.186193E-04 -4.178067E-05
201102 -9.116756E-05 -6.906167E-04
201103 -5.453806E-04  4.384724E-04
201104  6.650507E-04 -1.056399E-04
201105 -6.440826E-04  1.432575E-04
201106  4.151375E-04 -5.226726E-04
201107  3.872043E-04  5.108265E-04
201108 -3.160910E-04  5.609416E-04
201109 -5.215341E-04  3.772403E-04
201110 -3.879978E-04  4.980748E-04
201111  2.327968E-04  5.677751E-04
201112  5.083904E-04 -3.754719E-04
201113 -5.995695E-04  3.376639E-05
201114  5.630923E-04 -2.191848E-04
201115 -9.197481E-05  6.066744E-04
201116 -6.065005E-04  1.415741E-04
201117 -6.053378E-04 -1.007188E-04
201118 -6.064326E-04  1.415809E-04
201119 -9.186746E-05  6.066970E-04
201120  5.632037E-04 -2.191406E-04
201121 -5.994837E-04  3.382117E-05
201122  5.084264E-04 -3.754324E-04
201123  2.327693E-04  5.677791E-04
201124 -3.880784E-04  4.980464E-04
201125 -5.216341E-04  3.772022E-04
201126 -3.161742E-04  5.609175E-04
201127  3.871572E-04  5.108256E-04
201128  4.151278E-04 -5.226574E-04
201129 -6.440648E-04  1.432744E-04
201130  6.650795E-04 -1.056311E-04
201131 -5.453583E-04  4.384720E-04
201132 -9.116015E-05 -6.906228E-04
201133  7.186166E-04 -4.178970E-05
201134  2.909982E-04  6.667169E-04
201135 -3.341800E-04  6.636300E-04
201136 -6.648543E-04  3.900541E-04
201137 -7.823016E-04  1.489538E-04
201138 -8.175373E-04 -1.211065E-05
201139 -8.262323E-04 -1.410827E-04
201140 -8.039125E-04 -3.087298E-04
201141 -6.778311E-04 -5.758672E-04
201142 -2.609203E-04 -8.860250E-04
201143  5.775321E-04 -7.595284E-04
201144  8.413440E-04  4.789318E-04
201145 -8.580269E-04  5.091234E-04
201146  6.828440E-04 -7.715116E-04
201147 -1.029910E-03  2.406815E-04
201148  1.429665E-04  1.072554E-03
201149  4.482641E-04  1.009851E-03
201150 -6.391743E-04  9.271448E-04
201151 -1.038531E-04 -1.120144E-03
201152 -7.504335E-04  8.700918E-04
201153  2.650636E-04  1.056079E-03
201154 -5.182563E-04  9.551920E-04
201155 -4.280064E-04 -9.734544E-04
201156 -1.283454E-04  1.059025E-03
201157  9.408245E-04  4.518535E-04
201158  9.148366E-04  4.600548E-04
201159 -6.813864E-05  1.003143E-03
201160 -7.529342E-04 -6.329061E-04
201161  7.534571E-04  5.810990E-04
201162 -1.694715E-04 -9.247871E-04
201163 -8.343011E-04  3.384516E-04
201164  9.449679E-05  8.673054E-04
201165  7.250688E-04  4.563470E-04
201166  8.325643E-04 -5.305473E-05
201167  6.923060E-04 -4.117369E-04
201168  4.450545E-04 -6.395618E-04
201169  1.069488E-04 -7.545015E-04
201170 -3.202079E-04 -6.796098E-04
201171 -6.865219E-04 -2.559739E-04
201172 -5.363499E-04  4.592873E-04
201173  3.648895E-04  5.945556E-04
201174  4.864186E-04 -4.752032E-04
201175 -6.725057E-04 -5.966537E-05
201176  5.836639E-04  3.086774E-04
201177 -6.181987E-04 -1.952363E-04
201178  5.730991E-04 -3.034676E-04
201179  1.962820E-04  5.932579E-04
201180 -4.300713E-04  4.569941E-04
201181 -5.622692E-04  2.749561E-04
201182 -4.310294E-04  4.415632E-04
201183  1.911533E-04  5.699979E-04
201184  5.008322E-04 -3.558942E-04
201185 -5.878104E-04  4.559659E-05
201186  5.429489E-04 -2.389601E-04
201187 -4.996817E-05  5.948051E-04
201188 -5.796823E-04  1.756782E-04
201189 -5.966029E-04 -5.976365E-05
201190 -5.796513E-04  1.756832E-04
201191 -4.992171E-05  5.948198E-04
201192  5.429943E-04 -2.389331E-04
201193 -5.877773E-04  4.562832E-05
201194  5.008437E-04 -3.558736E-04
201195  1.911368E-04  5.699964E-04
201196 -4.310694E-04  4.415435E-04
201197 -5.623178E-04  2.749326E-04
201198 -4.301122E-04  4.569798E-04
201199  1.962580E-04  5.932570E-04
201200  5.730942E-04 -3.034600E-04
201201 -6.181885E-04 -1.952276E-04
201202  5.836794E-04  3.086827E-04
201203 -6.724956E-04 -5.966435E-05
201204  4.864200E-04 -4.752066E-04
201205  3.648867E-04  5.945486E-04
201206 -5.363504E-04  4.592789E-04
201207 -6.865165E-04 -2.559816E-04
201208 -3.201981E-04 -6.796162E-04
201209  1.069573E-04 -7.545065E-04
201210  4.450555E-04 -6.395666E-04
201211  6.922967E-04 -4.117442E-04
201212  8.325462E-04 -5.306487E-05
201213  7.250478E-04  4.563384E-04
201214  9.448224E-05  8.673013E-04
201215 -8.343030E-04  3.384484E-04
201216 -1.694633E-04 -9.247951E-04
201217  7.534655E-04  5.810857E-04
201218 -7.529333E-04 -6.329185E-04
201219 -6.814584E-05  1.003139E-03
201220  9.148252E-04  4.600622E-04
201221  9.408129E-04  4.518708E-04
201222 -1.283552E-04  1.059046E-03
201223 -4.280146E-04 -9.734381E-04
201224 -5.182617E-04  9.552000E-04
