170
200000 1.0 0.0 0.0
200001 -1.0 0.0 0.0
200002 0.0 1.0 0.0
200003 0.0 -1.0 0.0
200004 0.0 0.0 1.0
200005 0.0 0.0 -1.0
200006 0.0 0.7071067811865476 0.7071067811865476
200007 0.0 -0.7071067811865476 0.7071067811865476
200008 0.0 0.7071067811865476 -0.7071067811865476
200009 0.0 -0.7071067811865476 -0.7071067811865476
200010 0.7071067811865476 0.0 0.7071067811865476
200011 0.7071067811865476 0.0 -0.7071067811865476
200012 -0.7071067811865476 0.0 0.7071067811865476
200013 -0.7071067811865476 0.0 -0.7071067811865476
200014 0.7071067811865476 0.7071067811865476 0.0
200015 -0.7071067811865476 0.7071067811865476 0.0
200016 0.7071067811865476 -0.7071067811865476 0.0
200017 -0.7071067811865476 -0.7071067811865476 0.0
200018 0.5773502691896257 0.5773502691896257 0.5773502691896257
200019 -0.5773502691896257 0.5773502691896257 0.5773502691896257
200020 0.5773502691896257 -0.5773502691896257 0.5773502691896257
200021 0.5773502691896257 0.5773502691896257 -0.5773502691896257
200022 -0.5773502691896257 -0.5773502691896257 0.5773502691896257
200023 0.5773502691896257 -0.5773502691896257 -0.5773502691896257
200024 -0.5773502691896257 0.5773502691896257 -0.5773502691896257
200025 -0.5773502691896257 -0.5773502691896257 -0.5773502691896257
200026 0.2551252621114134 0.2551252621114134 0.9326425903126906
200027 -0.2551252621114134 0.2551252621114134 0.9326425903126906
200028 0.2551252621114134 -0.2551252621114134 0.9326425903126906
200029 0.2551252621114134 0.2551252621114134 -0.9326425903126906
200030 -0.2551252621114134 -0.2551252621114134 0.9326425903126906
200031 -0.2551252621114134 0.2551252621114134 -0.9326425903126906
200032 0.2551252621114134 -0.2551252621114134 -0.9326425903126906
200033 -0.2551252621114134 -0.2551252621114134 -0.9326425903126906
200034 -0.2551252621114134 0.9326425903126906 0.2551252621114134
200035 0.2551252621114134 -0.9326425903126906 0.2551252621114134
200036 0.2551252621114134 0.9326425903126906 -0.2551252621114134
200037 -0.2551252621114134 -0.9326425903126906 0.2551252621114134
200038 -0.2551252621114134 0.9326425903126906 -0.2551252621114134
200039 0.2551252621114134 -0.9326425903126906 -0.2551252621114134
200040 -0.2551252621114134 -0.9326425903126906 -0.2551252621114134
200041 0.2551252621114134 0.9326425903126906 0.2551252621114134
200042 0.9326425903126906 0.2551252621114134 0.2551252621114134
200043 -0.9326425903126906 0.2551252621114134 0.2551252621114134
200044 0.9326425903126906 -0.2551252621114134 0.2551252621114134
200045 0.9326425903126906 0.2551252621114134 -0.2551252621114134
200046 -0.9326425903126906 -0.2551252621114134 0.2551252621114134
200047 -0.9326425903126906 0.2551252621114134 -0.2551252621114134
200048 0.9326425903126906 -0.2551252621114134 -0.2551252621114134
200049 -0.9326425903126906 -0.2551252621114134 -0.2551252621114134
200050 0.6743601460362766 0.6743601460362766 0.3007935951377015
200051 -0.6743601460362766 0.6743601460362766 0.3007935951377015
200052 0.6743601460362766 -0.6743601460362766 0.3007935951377015
200053 0.6743601460362766 0.6743601460362766 -0.3007935951377015
200054 -0.6743601460362766 -0.6743601460362766 0.3007935951377015
200055 -0.6743601460362766 0.6743601460362766 -0.3007935951377015
200056 0.6743601460362766 -0.6743601460362766 -0.3007935951377015
200057 -0.6743601460362766 -0.6743601460362766 -0.3007935951377015
200058 -0.6743601460362766 0.3007935951377015 0.6743601460362766
200059 0.6743601460362766 -0.3007935951377015 0.6743601460362766
200060 0.6743601460362766 0.3007935951377015 -0.6743601460362766
200061 -0.6743601460362766 -0.3007935951377015 0.6743601460362766
200062 -0.6743601460362766 0.3007935951377015 -0.6743601460362766
200063 0.6743601460362766 -0.3007935951377015 -0.6743601460362766
200064 -0.6743601460362766 -0.3007935951377015 -0.6743601460362766
200065 0.6743601460362766 0.3007935951377015 0.6743601460362766
200066 0.3007935951377015 0.6743601460362766 0.6743601460362766
200067 -0.3007935951377015 0.6743601460362766 0.6743601460362766
200068 0.3007935951377015 -0.6743601460362766 0.6743601460362766
200069 0.3007935951377015 0.6743601460362766 -0.6743601460362766
200070 -0.3007935951377015 -0.6743601460362766 0.6743601460362766
200071 -0.3007935951377015 0.6743601460362766 -0.6743601460362766
200072 0.3007935951377015 -0.6743601460362766 -0.6743601460362766
200073 -0.3007935951377015 -0.6743601460362766 -0.6743601460362766
200074 0.431891069671941 0.431891069671941 0.7917955593934921
200075 -0.431891069671941 0.431891069671941 0.7917955593934921
200076 0.431891069671941 -0.431891069671941 0.7917955593934921
200077 0.431891069671941 0.431891069671941 -0.7917955593934921
200078 -0.431891069671941 -0.431891069671941 0.7917955593934921
200079 -0.431891069671941 0.431891069671941 -0.7917955593934921
200080 0.431891069671941 -0.431891069671941 -0.7917955593934921
200081 -0.431891069671941 -0.431891069671941 -0.7917955593934921
200082 -0.431891069671941 0.7917955593934921 0.431891069671941
200083 0.431891069671941 -0.7917955593934921 0.431891069671941
200084 0.431891069671941 0.7917955593934921 -0.431891069671941
200085 -0.431891069671941 -0.7917955593934921 0.431891069671941
200086 -0.431891069671941 0.7917955593934921 -0.431891069671941
200087 0.431891069671941 -0.7917955593934921 -0.431891069671941
200088 -0.431891069671941 -0.7917955593934921 -0.431891069671941
200089 0.431891069671941 0.7917955593934921 0.431891069671941
200090 0.7917955593934921 0.431891069671941 0.431891069671941
200091 -0.7917955593934921 0.431891069671941 0.431891069671941
200092 0.7917955593934921 -0.431891069671941 0.431891069671941
200093 0.7917955593934921 0.431891069671941 -0.431891069671941
200094 -0.7917955593934921 -0.431891069671941 0.431891069671941
200095 -0.7917955593934921 0.431891069671941 -0.431891069671941
200096 0.7917955593934921 -0.431891069671941 -0.431891069671941
200097 -0.7917955593934921 -0.431891069671941 -0.431891069671941
200098 0.2613931360335988 0.9652324219764484 0.0
200099 -0.2613931360335988 0.9652324219764484 0.0
200100 0.2613931360335988 -0.9652324219764484 0.0
200101 -0.2613931360335988 -0.9652324219764484 0.0
200102 0.9652324219764484 0.2613931360335988 0.0
200103 -0.9652324219764484 0.2613931360335988 0.0
200104 0.9652324219764484 -0.2613931360335988 0.0
200105 -0.9652324219764484 -0.2613931360335988 0.0
200106 0.2613931360335988 0.0 0.9652324219764484
200107 -0.2613931360335988 0.0 0.9652324219764484
200108 0.2613931360335988 0.0 -0.9652324219764484
200109 -0.2613931360335988 0.0 -0.9652324219764484
200110 0.9652324219764484 0.0 0.2613931360335988
200111 -0.9652324219764484 0.0 0.2613931360335988
200112 0.9652324219764484 0.0 -0.2613931360335988
200113 -0.9652324219764484 0.0 -0.2613931360335988
200114 0.0 0.2613931360335988 0.9652324219764484
200115 0.0 -0.2613931360335988 0.9652324219764484
200116 0.0 0.2613931360335988 -0.9652324219764484
200117 0.0 -0.2613931360335988 -0.9652324219764484
200118 0.0 0.9652324219764484 0.2613931360335988
200119 0.0 -0.9652324219764484 0.2613931360335988
200120 0.0 0.9652324219764484 -0.2613931360335988
200121 0.0 -0.9652324219764484 -0.2613931360335988
200122 0.4990453161796037 0.1446630744325115 0.8544158046846588
200123 -0.4990453161796037 0.1446630744325115 0.8544158046846588
200124 0.4990453161796037 -0.1446630744325115 0.8544158046846588
200125 0.4990453161796037 0.1446630744325115 -0.8544158046846588
200126 -0.4990453161796037 -0.1446630744325115 0.8544158046846588
200127 0.4990453161796037 -0.1446630744325115 -0.8544158046846588
200128 -0.4990453161796037 0.1446630744325115 -0.8544158046846588
200129 -0.4990453161796037 -0.1446630744325115 -0.8544158046846588
200130 0.1446630744325115 0.4990453161796037 0.8544158046846588
200131 -0.1446630744325115 0.4990453161796037 0.8544158046846588
200132 0.1446630744325115 -0.4990453161796037 0.8544158046846588
200133 0.1446630744325115 0.4990453161796037 -0.8544158046846588
200134 -0.1446630744325115 -0.4990453161796037 0.8544158046846588
200135 0.1446630744325115 -0.4990453161796037 -0.8544158046846588
200136 -0.1446630744325115 0.4990453161796037 -0.8544158046846588
200137 -0.1446630744325115 -0.4990453161796037 -0.8544158046846588
200138 0.8544158046846588 0.4990453161796037 0.1446630744325115
200139 -0.8544158046846588 0.4990453161796037 0.1446630744325115
200140 0.8544158046846588 -0.4990453161796037 0.1446630744325115
200141 0.8544158046846588 0.4990453161796037 -0.1446630744325115
200142 -0.8544158046846588 -0.4990453161796037 0.1446630744325115
200143 0.8544158046846588 -0.4990453161796037 -0.1446630744325115
200144 -0.8544158046846588 0.4990453161796037 -0.1446630744325115
200145 -0.8544158046846588 -0.4990453161796037 -0.1446630744325115
200146 0.8544158046846588 0.1446630744325115 0.4990453161796037
200147 -0.8544158046846588 0.1446630744325115 0.4990453161796037
200148 0.8544158046846588 -0.1446630744325115 0.4990453161796037
200149 0.8544158046846588 0.1446630744325115 -0.4990453161796037
200150 -0.8544158046846588 -0.1446630744325115 0.4990453161796037
200151 0.8544158046846588 -0.1446630744325115 -0.4990453161796037
200152 -0.8544158046846588 0.1446630744325115 -0.4990453161796037
200153 -0.8544158046846588 -0.1446630744325115 -0.4990453161796037
200154 0.4990453161796037 0.8544158046846588 0.1446630744325115
200155 -0.4990453161796037 0.8544158046846588 0.1446630744325115
200156 0.4990453161796037 -0.8544158046846588 0.1446630744325115
200157 0.4990453161796037 0.8544158046846588 -0.1446630744325115
200158 -0.4990453161796037 -0.8544158046846588 0.1446630744325115
200159 0.4990453161796037 -0.8544158046846588 -0.1446630744325115
200160 -0.4990453161796037 0.8544158046846588 -0.1446630744325115
200161 -0.4990453161796037 -0.8544158046846588 -0.1446630744325115
200162 0.1446630744325115 0.8544158046846588 0.4990453161796037
200163 -0.1446630744325115 0.8544158046846588 0.4990453161796037
200164 0.1446630744325115 -0.8544158046846588 0.4990453161796037
200165 0.1446630744325115 0.8544158046846588 -0.4990453161796037
200166 -0.1446630744325115 -0.8544158046846588 0.4990453161796037
200167 0.1446630744325115 -0.8544158046846588 -0.4990453161796037
200168 -0.1446630744325115 0.8544158046846588 -0.4990453161796037
200169 -0.1446630744325115 -0.8544158046846588 -0.4990453161796037
