Mesh2HRTF 1.0.0-dev
    1
    1  1225
200000  3.384177E-04 -7.614341E-04
200001 -3.194639E-04 -8.174368E-04
200002 -2.553922E-04 -8.402830E-04
200003 -5.594667E-05 -8.781289E-04
200004  2.764757E-04 -8.376849E-04
200005  6.624945E-04 -5.844992E-04
200006  8.803067E-04 -4.541198E-05
200007  6.336130E-04  6.017073E-04
200008 -1.192963E-04  8.532793E-04
200009 -8.016704E-04  2.897643E-04
200010 -5.609347E-04 -6.461800E-04
200011  4.739820E-04 -7.270660E-04
200012  8.088587E-04  3.193399E-04
200013 -2.227234E-04  8.215990E-04
200014 -8.102796E-04 -2.084530E-04
200015  2.464770E-04 -8.118086E-04
200016  8.069371E-04  2.945198E-04
200017 -3.567904E-04  7.608419E-04
200018 -6.877761E-04 -4.528694E-04
200019  5.568352E-04 -6.248271E-04
200020  5.688124E-04  6.245268E-04
200021 -6.587510E-04  4.968663E-04
200022 -4.277027E-04 -6.909745E-04
200023  7.173575E-04 -4.054000E-04
200024  4.381955E-04  7.053026E-04
200025 -6.455067E-04  5.024655E-04
200026 -5.908204E-04 -5.464950E-04
200027  3.871501E-04 -7.054722E-04
200028  8.025412E-04  1.215652E-04
200029  2.530529E-04  7.748526E-04
200030 -5.079118E-04  6.336457E-04
200031 -8.054156E-04  1.499840E-05
200032 -5.915877E-04 -5.373661E-04
200033 -1.618256E-04 -7.782605E-04
200034  2.261776E-04 -7.597942E-04
200035  4.762018E-04 -6.328521E-04
200036  5.998605E-04 -5.169841E-04
200037  6.353250E-04 -4.727545E-04
200038  5.998483E-04 -5.169832E-04
200039  4.761777E-04 -6.328503E-04
200040  2.261418E-04 -7.597909E-04
200041 -1.618726E-04 -7.782553E-04
200042 -5.916454E-04 -5.373585E-04
200043 -8.054833E-04  1.500886E-05
200044 -5.079887E-04  6.336594E-04
200045  2.529674E-04  7.748698E-04
200046  8.024479E-04  1.215859E-04
200047  3.870498E-04 -7.054484E-04
200048 -5.909271E-04 -5.464684E-04
200049 -6.456190E-04  5.024942E-04
200050  4.380780E-04  7.053326E-04
200051  7.172355E-04 -4.053696E-04
200052 -4.278288E-04 -6.909443E-04
200053 -6.588806E-04  4.968955E-04
200054  5.686797E-04  6.245546E-04
200055  5.566998E-04 -6.248011E-04
200056 -6.879134E-04 -4.528453E-04
200057 -3.569291E-04  7.608643E-04
200058  8.067980E-04  2.945407E-04
200059  2.463383E-04 -8.117887E-04
200060 -8.104168E-04 -2.084338E-04
200061 -2.228579E-04  8.216178E-04
200062  8.087284E-04  3.193587E-04
200063  4.738572E-04 -7.270470E-04
200064 -5.610524E-04 -6.461608E-04
200065 -8.017796E-04  2.897833E-04
200066 -1.193955E-04  8.532980E-04
200067  6.335252E-04  6.017249E-04
200068  8.802314E-04 -4.539592E-05
200069  6.624329E-04 -5.844853E-04
200070  2.764287E-04 -8.376739E-04
200071 -5.597839E-05 -8.781213E-04
200072 -2.554082E-04 -8.402791E-04
200073 -8.998124E-04 -2.478726E-04
200074 -8.492287E-04 -3.883875E-04
200075 -5.746524E-04 -7.351521E-04
200076  1.205412E-04 -9.171202E-04
200077  8.590361E-04 -2.906772E-04
200078  4.001777E-04  8.008384E-04
200079 -8.622796E-04  2.868887E-04
200080  5.195597E-05 -9.113881E-04
200081  6.751827E-04  5.748593E-04
200082 -8.906342E-04 -3.051842E-05
200083  7.951269E-04 -4.049216E-04
200084 -6.287677E-04  5.997253E-04
200085  5.456367E-04 -6.942329E-04
200086 -5.140058E-04  6.849291E-04
200087  5.946118E-04 -6.335810E-04
200088 -6.631284E-04  5.205307E-04
200089  7.819468E-04 -3.495083E-04
200090 -8.127928E-04  1.581773E-04
200091  8.422088E-04  6.295799E-05
200092 -7.829330E-04 -2.254764E-04
200093  7.425029E-04  3.727697E-04
200094 -6.872714E-04 -4.194187E-04
200095  6.901203E-04  4.334352E-04
200096 -7.290374E-04 -3.292877E-04
200097  7.837777E-04  1.427276E-04
200098 -7.734199E-04  1.974484E-04
200099  5.195398E-04 -5.856912E-04
200100  3.814291E-05  7.840322E-04
200101 -6.877594E-04 -3.869136E-04
200102  5.854759E-04 -5.021775E-04
200103  4.115972E-04  6.468595E-04
200104 -6.037049E-04  4.927094E-04
200105 -6.879512E-04 -3.739289E-04
200106 -1.124199E-04 -7.666931E-04
200107  3.852344E-04 -6.612239E-04
200108  6.119237E-04 -4.500386E-04
200109  6.662572E-04 -3.613031E-04
200110  6.119056E-04 -4.500614E-04
200111  3.851988E-04 -6.612665E-04
200112 -1.124715E-04 -7.667498E-04
200113 -6.880169E-04 -3.739926E-04
200114 -6.037823E-04  4.926470E-04
200115  4.115106E-04  6.468063E-04
200116  5.853827E-04 -5.022149E-04
200117 -6.878566E-04 -3.869306E-04
200118  3.804418E-05  7.840374E-04
200119  5.194415E-04 -5.856649E-04
200120 -7.735160E-04  1.974919E-04
200121  7.836849E-04  1.427823E-04
200122 -7.291265E-04 -3.292292E-04
200123  6.900347E-04  4.334898E-04
200124 -6.873545E-04 -4.193753E-04
200125  7.424206E-04  3.727966E-04
200126 -7.830166E-04 -2.254694E-04
200127  8.421214E-04  6.294445E-05
200128 -8.128865E-04  1.581453E-04
200129  7.818448E-04 -3.495547E-04
200130 -6.632402E-04  5.204759E-04
200131  5.944897E-04 -6.336376E-04
200132 -5.141377E-04  6.848775E-04
200133  5.454968E-04 -6.942737E-04
200134 -6.289128E-04  5.996997E-04
200135  7.949802E-04 -4.049295E-04
200136 -8.907783E-04 -3.050817E-05
200137  6.750452E-04  5.748862E-04
200138  5.182923E-05 -9.113479E-04
200139 -8.623923E-04  2.869377E-04
200140  4.000815E-04  8.008910E-04
200141  8.589581E-04 -2.906267E-04
200142  1.204824E-04 -9.170771E-04
200143 -5.746916E-04 -7.351207E-04
200144 -8.492483E-04 -3.883710E-04
200145 -7.766378E-04  5.994867E-04
200146 -9.017213E-04  3.871390E-04
200147 -9.189374E-04 -3.320329E-04
200148  2.886118E-05 -9.571710E-04
200149  9.167330E-04  2.119532E-04
200150 -7.395665E-04  6.216581E-04
200151  3.194316E-04 -8.841532E-04
200152 -2.827848E-04  8.950762E-04
200153  4.912990E-04 -7.848718E-04
200154 -8.789259E-04  3.077012E-04
200155  7.464180E-04  4.935626E-04
200156  1.941121E-04 -8.914983E-04
200157 -8.879473E-04 -8.499021E-05
200158 -1.013097E-04  8.640013E-04
200159  8.403912E-04  2.508575E-04
200160  4.810998E-04 -7.224961E-04
200161 -5.076109E-04 -6.697230E-04
200162 -7.895622E-04  2.590532E-04
200163 -1.284578E-05  8.386448E-04
200164  7.892767E-04  2.527446E-04
200165  3.772019E-04 -7.091655E-04
200166 -6.915021E-04 -4.000788E-04
200167 -3.339547E-04  7.284178E-04
200168  7.752034E-04  1.100560E-04
200169 -2.889526E-04 -7.274828E-04
200170 -3.412827E-04  6.926350E-04
200171  6.398593E-04 -4.196831E-04
200172 -7.347445E-04  2.166846E-04
200173  7.059860E-04 -2.618965E-04
200174 -5.815132E-04  4.763006E-04
200175  1.160275E-04 -7.478534E-04
200176  5.726254E-04  4.603755E-04
200177 -5.547830E-04  4.923507E-04
200178 -6.115896E-04 -4.311444E-04
200179  2.242384E-06 -7.449375E-04
200180  4.083873E-04 -6.181424E-04
200181  5.192005E-04 -5.265333E-04
200182  4.083663E-04 -6.182194E-04
200183  2.202533E-06 -7.450816E-04
200184 -6.116445E-04 -4.313371E-04
200185 -5.548479E-04  4.921335E-04
200186  5.725556E-04  4.601602E-04
200187  1.159576E-04 -7.480418E-04
200188 -5.815791E-04  4.761600E-04
200189  7.059272E-04 -2.619756E-04
200190 -7.347933E-04  2.166725E-04
200191  6.398232E-04 -4.196319E-04
200192 -3.413037E-04  6.927371E-04
200193 -2.889561E-04 -7.273492E-04
200194  7.752192E-04  1.101972E-04
200195 -3.339190E-04  7.285415E-04
200196 -6.914479E-04 -3.999951E-04
200197  3.772711E-04 -7.091384E-04
200198  7.893552E-04  2.527066E-04
200199 -1.276564E-05  8.385426E-04
200200 -7.894890E-04  2.588965E-04
200201 -5.075534E-04 -6.699176E-04
200202  4.811341E-04 -7.227077E-04
200203  8.403970E-04  2.506506E-04
200204 -1.013343E-04  8.638190E-04
200205 -8.880004E-04 -8.513240E-05
200206  1.940358E-04 -8.915907E-04
200207  7.463268E-04  4.935235E-04
200208 -8.790220E-04  3.077131E-04
200209  4.912080E-04 -7.848162E-04
200210 -2.828625E-04  8.951648E-04
200211  3.193726E-04 -8.840443E-04
200212 -7.396054E-04  6.217738E-04
200213  9.167122E-04  2.120631E-04
200214  2.885352E-05 -9.570782E-04
200215 -9.189379E-04 -3.319660E-04
200216 -9.017200E-04  3.871740E-04
200217 -1.409249E-04  1.023147E-03
200218 -4.829686E-04  9.057178E-04
200219 -1.005968E-03  1.569617E-05
200220  1.936243E-04 -9.789625E-04
200221  5.153223E-04  8.828617E-04
200222 -5.741693E-04 -7.986244E-04
200223  8.427226E-05  9.979311E-04
200224  7.958496E-04 -5.321469E-04
200225 -5.518893E-04 -7.957590E-04
200226 -9.625186E-04  1.254384E-04
200227 -6.327587E-04  7.011233E-04
200228 -3.089626E-04  8.628382E-04
200229 -1.980782E-04  8.740386E-04
200230 -2.772840E-04  8.359354E-04
200231 -4.753104E-04  7.248225E-04
200232 -6.925810E-04  4.987261E-04
200233 -8.230363E-04  1.732249E-04
200234 -8.118511E-04 -1.694629E-04
200235 -6.903893E-04 -4.381760E-04
200236 -5.468664E-04 -5.926558E-04
200237 -4.683439E-04 -6.445979E-04
200238 -5.057460E-04 -6.066165E-04
200239 -6.522139E-04 -4.357487E-04
200240 -7.752030E-04 -3.608403E-05
200241 -5.333109E-04  5.415934E-04
200242  2.928516E-04  6.850254E-04
200243  6.992659E-04 -2.696604E-04
200244 -4.693311E-04 -5.845856E-04
200245 -1.153020E-04  7.157975E-04
200246  3.940914E-04 -6.193414E-04
200247 -3.805452E-04  6.124571E-04
200248  5.779053E-05 -7.192125E-04
200249  5.504661E-04  4.673177E-04
200250 -5.327323E-04  4.722813E-04
200251 -6.085254E-04 -3.496174E-04
200252 -2.029609E-04 -6.727530E-04
200253 -2.896078E-05 -7.040952E-04
200254 -2.029894E-04 -6.728638E-04
200255 -6.085765E-04 -3.498213E-04
200256 -5.327956E-04  4.720156E-04
200257  5.504030E-04  4.670285E-04
200258  5.773904E-05 -7.194867E-04
200259 -3.805776E-04  6.122312E-04
200260  3.940805E-04 -6.194934E-04
200261 -1.152935E-04  7.157357E-04
200262 -4.693075E-04 -5.845508E-04
200263  6.993009E-04 -2.695337E-04
200264  2.928974E-04  6.852271E-04
200265 -5.332513E-04  5.418418E-04
200266 -7.751245E-04 -3.582684E-05
200267 -6.521111E-04 -4.355245E-04
200268 -5.056158E-04 -6.064640E-04
200269 -4.681873E-04 -6.445453E-04
200270 -5.466891E-04 -5.927152E-04
200271 -6.902014E-04 -4.383416E-04
200272 -8.116666E-04 -1.697122E-04
200273 -8.228710E-04  1.729261E-04
200274 -6.924505E-04  4.984170E-04
200275 -4.752269E-04  7.245405E-04
200276 -2.772539E-04  8.357100E-04
200277 -1.981003E-04  8.738878E-04
200278 -3.090275E-04  8.627679E-04
200279 -6.328504E-04  7.011283E-04
200280 -9.626176E-04  1.255054E-04
200281 -5.519758E-04 -7.956478E-04
200282  7.957917E-04 -5.320109E-04
200283  8.425178E-05  9.980738E-04
200284 -5.741522E-04 -7.984900E-04
200285  5.153681E-04  8.829770E-04
200286  1.936832E-04 -9.788731E-04
200287 -1.005915E-03  1.575641E-05
200288 -4.829371E-04  9.057479E-04
200289  2.891877E-04  1.043267E-03
200290 -2.071550E-04  1.051288E-03
200291 -1.047984E-03 -3.411131E-05
200292  7.547621E-04 -7.762693E-04
200293 -7.014890E-04  7.746950E-04
200294  1.069386E-03  3.817063E-05
200295  6.062486E-05 -1.010362E-03
200296 -7.308998E-04 -6.773291E-04
200297 -8.680816E-04 -4.839433E-04
200298 -6.661844E-04 -7.206183E-04
200299  3.872135E-05 -9.573389E-04
200300  8.762025E-04 -3.139996E-04
200301  3.626746E-04  8.372110E-04
200302 -8.759723E-04  2.143334E-04
200303  7.415649E-05 -8.939475E-04
200304  7.758710E-04  4.086843E-04
200305 -6.819550E-04  4.987285E-04
200306 -1.701946E-04 -8.142711E-04
200307  8.139921E-04  9.710142E-05
200308 -2.319464E-04  7.809375E-04
200309 -7.758300E-04 -1.934876E-04
200310 -2.604472E-05 -7.756781E-04
200311  6.314007E-04 -4.289600E-04
200312  7.537004E-04  5.187395E-05
200313  6.987642E-04  2.624864E-04
200314  7.162615E-04  1.807047E-04
200315  7.014888E-04 -2.138300E-04
200316  1.953909E-04 -6.990759E-04
200317 -6.722132E-04 -2.423939E-04
200318  6.780423E-05  7.065153E-04
200319  3.391483E-04 -6.088764E-04
200320 -3.626490E-04  6.037727E-04
200321  3.830689E-05 -6.817449E-04
200322  6.076079E-04  3.628753E-04
200323 -2.783714E-04  6.366988E-04
200324 -6.529903E-04  1.781052E-04
200325 -6.718619E-04 -2.479143E-05
200326 -6.530407E-04  1.780217E-04
200327 -2.784619E-04  6.365572E-04
200328  6.074972E-04  3.627156E-04
200329  3.820199E-05 -6.818836E-04
200330 -3.627223E-04  6.036811E-04
200331  3.391243E-04 -6.089115E-04
200332  6.783280E-05  7.065356E-04
200333 -6.721435E-04 -2.423212E-04
200334  1.954816E-04 -6.989490E-04
200335  7.015812E-04 -2.136443E-04
200336  7.163453E-04  1.809488E-04
200337  6.988403E-04  2.627753E-04
200338  7.537782E-04  5.217650E-05
200339  6.314921E-04 -4.286878E-04
200340 -2.593039E-05 -7.754824E-04
200341 -7.756886E-04 -1.934035E-04
200342 -2.317797E-04  7.808958E-04
200343  8.141761E-04  9.694437E-05
200344 -1.700078E-04 -8.145112E-04
200345 -6.817859E-04  4.984513E-04
200346  7.759990E-04  4.084194E-04
200347  7.422292E-05 -8.941576E-04
200348 -8.759787E-04  2.142059E-04
200349  3.625974E-04  8.371756E-04
200350  8.760697E-04 -3.139512E-04
200351  3.855706E-05 -9.572279E-04
200352 -6.663525E-04 -7.204718E-04
200353 -8.682278E-04 -4.837883E-04
200354 -7.310043E-04 -6.771882E-04
200355  6.057342E-05 -1.010251E-03
200356  1.069389E-03  3.824362E-05
200357 -7.014423E-04  7.747309E-04
200358  7.548325E-04 -7.762618E-04
200359 -1.047916E-03 -3.411833E-05
200360 -2.071136E-04  1.051280E-03
200361  6.996610E-05  1.118214E-03
200362 -5.671075E-04  9.717436E-04
200363 -8.822169E-04 -7.356572E-04
200364  1.049914E-03  4.157547E-04
200365 -3.945353E-04 -1.043834E-03
200366 -1.051453E-03  1.730188E-04
200367 -8.663416E-04  6.026752E-04
200368 -1.016766E-03  2.033430E-04
200369 -5.840450E-04 -8.311891E-04
200370  9.235667E-04 -3.864781E-04
200371 -3.340390E-04  9.364174E-04
200372 -7.171805E-05 -9.607254E-04
200373  1.119622E-04  9.274947E-04
200374  5.781076E-05 -9.178316E-04
200375 -3.398803E-04  8.211086E-04
200376  6.430426E-04 -5.987072E-04
200377 -7.966188E-04  2.895062E-04
200378  8.324123E-04 -8.656100E-06
200379 -8.068204E-04 -1.473210E-04
200380  7.782357E-04  1.345511E-04
200381 -7.858373E-04  8.109546E-05
200382  5.867267E-04 -4.880555E-04
200383  5.157128E-05  7.523762E-04
200384 -7.282973E-04 -1.099767E-04
200385 -5.208241E-05 -7.296377E-04
200386  5.111692E-04 -5.160859E-04
200387  6.422537E-04 -3.116349E-04
200388  5.564369E-04 -4.258947E-04
200389  9.746596E-05 -6.832625E-04
200390 -6.490233E-04 -2.276706E-04
200391  4.230933E-05  6.925918E-04
200392  3.074430E-04 -5.926560E-04
200393 -2.226991E-04  6.449076E-04
200394 -2.781195E-04 -6.020282E-04
200395  6.388757E-04 -2.041466E-04
200396  5.080250E-04  4.301801E-04
200397  3.334254E-04  5.725564E-04
200398  5.079568E-04  4.301440E-04
200399  6.387429E-04 -2.041798E-04
200400 -2.783019E-04 -6.020039E-04
200401 -2.228981E-04  6.450267E-04
200402  3.072734E-04 -5.924447E-04
200403  4.221162E-05  6.928540E-04
200404 -6.490305E-04 -2.274136E-04
200405  9.753564E-05 -6.830506E-04
200406  5.565465E-04 -4.257326E-04
200407  6.423637E-04 -3.114948E-04
200408  5.112565E-04 -5.159298E-04
200409 -5.201887E-05 -7.294426E-04
200410 -7.282441E-04 -1.097495E-04
200411  5.162948E-05  7.526008E-04
200412  5.867999E-04 -4.878793E-04
200413 -7.857446E-04  8.118641E-05
200414  7.783502E-04  1.345427E-04
200415 -8.066848E-04 -1.474170E-04
200416  8.325605E-04 -8.808403E-06
200417 -7.964796E-04  2.893388E-04
200418  6.431405E-04 -5.988479E-04
200419 -3.398543E-04  8.210288E-04
200420  5.775040E-05 -9.178313E-04
200421  1.118247E-04  9.275745E-04
200422 -7.190411E-05 -9.605852E-04
200423 -3.342391E-04  9.365880E-04
200424  9.233798E-04 -3.863074E-04
200425 -5.842046E-04 -8.310420E-04
200426 -1.016894E-03  2.034508E-04
200427 -8.664364E-04  6.027337E-04
200428 -1.051511E-03  1.730244E-04
200429 -3.945563E-04 -1.043875E-03
200430  1.049925E-03  4.156850E-04
200431 -8.821907E-04 -7.357279E-04
200432 -5.670869E-04  9.716995E-04
200433 -1.032493E-03  6.837698E-04
200434 -1.243219E-03 -1.309136E-04
200435  6.775801E-04 -9.910207E-04
200436 -9.907103E-04  6.572503E-04
200437  6.335298E-04  9.510637E-04
200438  9.231128E-04  6.727166E-04
200439  2.228261E-04  1.093738E-03
200440 -1.074872E-03  6.063504E-05
200441  8.503490E-04 -6.502783E-04
200442 -8.774535E-04  5.582931E-04
200443  9.943271E-04  1.149488E-04
200444 -3.103222E-04 -9.338909E-04
200445 -8.730719E-04  3.727182E-04
200446  2.411488E-04  8.967248E-04
200447  9.049215E-04  3.088207E-05
200448  3.036112E-04 -8.126190E-04
200449 -6.882608E-04 -4.983443E-04
200450 -5.925752E-04  5.814389E-04
200451  5.861482E-04  5.429149E-04
200452  3.373919E-04 -7.188218E-04
200453 -7.609436E-04  1.321557E-04
200454  6.997876E-04  2.888425E-04
200455 -6.351979E-04 -3.705923E-04
200456  7.193982E-04  1.447963E-04
200457 -5.594230E-04  4.389812E-04
200458 -3.295931E-04 -6.203681E-04
200459  4.202156E-04 -5.528266E-04
200460  6.277150E-04 -2.611287E-04
200461  5.853585E-04 -3.267374E-04
200462  1.792578E-04 -6.377550E-04
200463 -6.171008E-04 -2.270796E-04
200464  1.698741E-04  6.454066E-04
200465 -1.578151E-05 -6.541893E-04
200466  3.243477E-04  5.523953E-04
200467 -6.483420E-04  1.207933E-04
200468 -4.109439E-04 -5.398458E-04
200469 -1.935892E-04 -6.501462E-04
200470 -4.109795E-04 -5.398765E-04
200471 -6.484405E-04  1.207891E-04
200472  3.241614E-04  5.524949E-04
200473 -1.604326E-05 -6.539403E-04
200474  1.695961E-04  6.457833E-04
200475 -6.173165E-04 -2.266603E-04
200476  1.791577E-04 -6.373985E-04
200477  5.853723E-04 -3.265147E-04
200478  6.277948E-04 -2.610437E-04
200479  4.203036E-04 -5.528244E-04
200480 -3.295300E-04 -6.203735E-04
200481 -5.593840E-04  4.390218E-04
200482  7.194322E-04  1.448929E-04
200483 -6.351542E-04 -3.704687E-04
200484  6.998419E-04  2.889490E-04
200485 -7.608835E-04  1.322132E-04
200486  3.374599E-04 -7.188190E-04
200487  5.862356E-04  5.428798E-04
200488 -5.924631E-04  5.813895E-04
200489 -6.881417E-04 -4.983891E-04
200490  3.036954E-04 -8.126453E-04
200491  9.049271E-04  3.088722E-05
200492  2.410593E-04  8.967721E-04
200493 -8.732317E-04  3.728073E-04
200494 -3.105000E-04 -9.337766E-04
200495  9.941802E-04  1.150643E-04
200496 -8.775511E-04  5.583932E-04
200497  8.502822E-04 -6.501965E-04
200498 -1.074944E-03  6.070143E-05
200499  2.227248E-04  1.093785E-03
200500  9.229880E-04  6.727325E-04
200501  6.334112E-04  9.510410E-04
200502 -9.907936E-04  6.571975E-04
200503  6.775394E-04 -9.910801E-04
200504 -1.243231E-03 -1.309521E-04
200505 -3.246042E-05 -1.263933E-03
200506  9.202661E-04 -8.412336E-04
200507 -2.819443E-04  1.247414E-03
200508  1.108367E-03 -5.221339E-04
200509  5.255327E-04 -1.119216E-03
200510  1.085776E-03 -5.045334E-04
200511  7.581542E-05  1.153420E-03
200512 -2.260512E-04 -1.109398E-03
200513 -5.886077E-04  9.283796E-04
200514  9.096590E-04  5.383777E-04
200515  9.131508E-04 -4.659340E-04
200516  5.463489E-04 -8.391682E-04
200517  3.765238E-04 -8.909196E-04
200518  3.904271E-04 -8.426111E-04
200519  4.775387E-04 -7.544037E-04
200520  5.482386E-04 -6.652250E-04
200521  5.516834E-04 -6.304945E-04
200522  4.475705E-04 -6.894265E-04
200523  1.566601E-04 -7.950234E-04
200524 -3.747971E-04 -6.929460E-04
200525 -7.552040E-04  1.392102E-05
200526 -7.320637E-06  7.472182E-04
200527  6.635411E-04 -2.986129E-04
200528 -7.044093E-04 -9.580563E-05
200529  6.946357E-04  1.026612E-04
200530 -6.118136E-04  3.151563E-04
200531 -1.299436E-04 -6.725404E-04
200532  5.532194E-04 -3.713525E-04
200533  6.522348E-04 -7.635648E-05
200534  6.074072E-04 -2.428564E-04
200535  1.041041E-04 -6.337427E-04
200536 -6.330422E-04  5.914151E-05
200537  5.727279E-04  2.658037E-04
200538 -6.374132E-04 -1.349198E-04
200539  3.739010E-04 -5.210201E-04
200540  5.749387E-04  1.846729E-04
200541  4.405403E-04  4.068586E-04
200542  5.749987E-04  1.846161E-04
200543  3.739468E-04 -5.210717E-04
200544 -6.374738E-04 -1.348803E-04
200545  5.725240E-04  2.659884E-04
200546 -6.333358E-04  5.945185E-05
200547  1.038329E-04 -6.333991E-04
200548  6.072527E-04 -2.425958E-04
200549  6.522155E-04 -7.625186E-05
200550  5.532816E-04 -3.713965E-04
200551 -1.298720E-04 -6.726616E-04
200552 -6.117710E-04  3.150424E-04
200553  6.946566E-04  1.026076E-04
200554 -7.043820E-04 -9.579382E-05
200555  6.635900E-04 -2.985688E-04
200556 -7.261142E-06  7.472503E-04
200557 -7.551557E-04  1.391719E-05
200558 -3.747657E-04 -6.929724E-04
200559  1.566947E-04 -7.950361E-04
200560  4.476333E-04 -6.894009E-04
200561  5.517695E-04 -6.304396E-04
200562  5.483038E-04 -6.651703E-04
200563  4.775289E-04 -7.543684E-04
200564  3.903239E-04 -8.425906E-04
200565  3.763658E-04 -8.909025E-04
200566  5.462107E-04 -8.391569E-04
200567  9.130940E-04 -4.659404E-04
200568  9.096901E-04  5.383566E-04
200569 -5.885461E-04  9.283711E-04
200570 -2.260448E-04 -1.109365E-03
200571  7.571151E-05  1.153495E-03
200572  1.085578E-03 -5.044433E-04
200573  5.253130E-04 -1.119141E-03
200574  1.108202E-03 -5.220849E-04
200575 -2.820273E-04  1.247442E-03
200576  9.202411E-04 -8.412199E-04
200577 -6.915156E-04  1.208055E-03
200578 -1.341468E-03  1.068202E-04
200579  1.277754E-03 -3.465111E-04
200580 -3.509781E-04 -1.263253E-03
200581 -1.264504E-04 -1.289327E-03
200582  1.228260E-03  8.281200E-05
200583 -1.215012E-03 -3.960051E-05
200584  4.645493E-04  1.080878E-03
200585  1.111783E-03  1.606867E-04
200586  1.069646E-03 -1.022602E-04
200587  9.867027E-04  2.991493E-04
200588  3.965037E-04  9.078054E-04
200589 -6.663667E-04  6.867123E-04
200590 -7.785617E-04 -4.941625E-04
200591  3.712388E-04 -8.118816E-04
200592  8.423389E-04  2.111863E-04
200593  6.868354E-05  8.427078E-04
200594 -6.595518E-04  4.877503E-04
200595 -7.914244E-04 -6.133201E-05
200596 -7.026786E-04 -3.102205E-04
200597 -7.089575E-04 -2.236452E-04
200598 -6.942869E-04  2.231149E-04
200599 -8.311750E-05  7.198706E-04
200600  6.956848E-04 -3.835981E-05
200601 -5.354605E-04 -4.341373E-04
200602  4.899186E-04  4.563405E-04
200603 -6.631463E-04 -8.257689E-05
200604  1.828096E-04 -6.348271E-04
200605  6.147987E-04 -1.937509E-04
200606  6.388089E-04 -7.293884E-05
200607  4.661091E-04 -4.314605E-04
200608 -3.839550E-04 -4.946697E-04
200609 -8.990771E-05  5.995054E-04
200610  4.213258E-05 -6.394463E-04
200611  4.531831E-04  3.978547E-04
200612 -2.882377E-04  5.509549E-04
200613 -4.900378E-04  3.834853E-04
200614 -2.880755E-04  5.509002E-04
200615  4.534017E-04  3.977850E-04
200616  4.226234E-05 -6.394731E-04
200617 -8.995545E-05  5.995638E-04
200618 -3.841497E-04 -4.945316E-04
200619  4.658930E-04 -4.313055E-04
200620  6.386944E-04 -7.285276E-05
200621  6.148191E-04 -1.937812E-04
200622  1.829066E-04 -6.349492E-04
200623 -6.630539E-04 -8.272116E-05
200624  4.899668E-04  4.562348E-04
200625 -5.354438E-04 -4.341803E-04
200626  6.957063E-04 -3.834933E-05
200627 -8.306757E-05  7.199005E-04
200628 -6.942177E-04  2.231175E-04
200629 -7.089034E-04 -2.236961E-04
200630 -7.026652E-04 -3.102966E-04
200631 -7.914396E-04 -6.136408E-05
200632 -6.595582E-04  4.878089E-04
200633  6.870372E-05  8.428322E-04
200634  8.423575E-04  2.113009E-04
200635  3.712067E-04 -8.118342E-04
200636 -7.786631E-04 -4.941811E-04
200637 -6.665001E-04  6.866604E-04
200638  3.964127E-04  9.077353E-04
200639  9.867160E-04  2.990535E-04
200640  1.069763E-03 -1.023706E-04
200641  1.111922E-03  1.606113E-04
200642  4.645889E-04  1.080888E-03
200643 -1.215151E-03 -3.950047E-05
200644  1.227974E-03  8.296070E-05
200645 -1.267572E-04 -1.289168E-03
200646 -3.511826E-04 -1.263099E-03
200647  1.277682E-03 -3.463727E-04
200648 -1.341468E-03  1.069078E-04
200649  2.440735E-04  1.465048E-03
200650 -1.136421E-03  8.434074E-04
200651  1.297710E-03 -5.456818E-04
200652  3.280850E-04 -1.313593E-03
200653  1.263624E-03 -4.102784E-04
200654 -9.818524E-04  8.462162E-04
200655  1.166103E-03  4.467571E-04
200656  1.085304E-03 -4.919997E-04
200657  1.119767E-03 -2.219032E-04
200658  7.252758E-04  8.241716E-04
200659 -8.649464E-04  6.099623E-04
200660 -7.713185E-05 -1.022682E-03
200661  7.062846E-04  6.690013E-04
200662 -9.099286E-04 -1.732342E-04
200663  8.409142E-04 -3.191349E-04
200664 -4.632346E-04  7.370270E-04
200665 -2.300819E-04 -8.047313E-04
200666  7.911354E-04  1.533880E-04
200667 -2.295196E-04  7.478374E-04
200668 -7.564005E-04  1.455585E-05
200669 -5.430752E-04 -4.981362E-04
200670 -4.206746E-04 -5.820960E-04
200671 -6.038787E-04 -3.629457E-04
200672 -6.126935E-04  3.312929E-04
200673  4.107149E-04  5.315340E-04
200674  6.574561E-06 -6.694895E-04
200675  5.638855E-05  6.390452E-04
200676 -5.336439E-04 -3.645320E-04
200677  2.701541E-04 -5.692387E-04
200678  5.338458E-04 -3.194303E-04
200679  4.121734E-04 -4.588166E-04
200680 -2.758027E-04 -5.526974E-04
200681 -3.322827E-04  4.904090E-04
200682  3.909345E-04 -4.785308E-04
200683  6.529365E-05  6.158301E-04
200684 -5.628723E-04  2.095503E-04
200685 -5.634884E-04 -5.165121E-05
200686 -5.626742E-04  2.095476E-04
200687  6.559411E-05  6.158264E-04
200688  3.911907E-04 -4.785333E-04
200689 -3.321847E-04  4.904147E-04
200690 -2.758639E-04 -5.526774E-04
200691  4.120663E-04 -4.587993E-04
200692  5.338216E-04 -3.194556E-04
200693  2.702495E-04 -5.693234E-04
200694 -5.334919E-04 -3.646382E-04
200695  5.651532E-05  6.389732E-04
200696  6.640321E-06 -6.695078E-04
200697  4.107296E-04  5.315564E-04
200698 -6.126969E-04  3.313463E-04
200699 -6.038610E-04 -3.628752E-04
200700 -4.206171E-04 -5.820561E-04
200701 -5.430049E-04 -4.981790E-04
200702 -7.563705E-04  1.444868E-05
200703 -2.295529E-04  7.477658E-04
200704  7.910684E-04  1.534402E-04
200705 -2.301405E-04 -8.045744E-04
200706 -4.632767E-04  7.371783E-04
200707  8.408666E-04 -3.190811E-04
200708 -9.099962E-04 -1.732751E-04
200709  7.062137E-04  6.689266E-04
200710 -7.716285E-05 -1.022759E-03
200711 -8.648920E-04  6.098655E-04
200712  7.254204E-04  8.240534E-04
200713  1.119926E-03 -2.219889E-04
200714  1.085341E-03 -4.919931E-04
200715  1.165921E-03  4.468544E-04
200716 -9.822086E-04  8.463573E-04
200717  1.263267E-03 -4.101154E-04
200718  3.278885E-04 -1.313393E-03
200719  1.297695E-03 -5.454601E-04
200720 -1.136369E-03  8.435642E-04
200721 -1.435767E-03  1.072801E-04
200722 -5.133633E-04 -1.349573E-03
200723 -1.989017E-04  1.480036E-03
200724  2.050513E-04  1.438130E-03
200725 -1.374234E-03 -1.441339E-04
200726  1.081761E-03  7.773866E-04
200727  1.189577E-03 -4.854092E-04
200728  1.223528E-03 -9.722945E-05
200729  3.533822E-04  1.134282E-03
200730 -1.069033E-03 -3.343624E-04
200731  1.058179E-03 -3.545122E-05
200732 -1.015041E-03 -6.901158E-05
200733  8.944818E-04  3.909584E-04
200734 -5.965918E-04 -7.137146E-04
200735  2.198837E-04  8.637652E-04
200736  5.551263E-05 -8.655032E-04
200737 -1.221295E-04  8.172982E-04
200738 -6.635553E-05 -7.944244E-04
200739  5.138025E-04  5.873202E-04
200740 -7.267478E-04  1.980628E-04
200741 -2.425504E-04 -6.906787E-04
200742  3.785682E-04 -6.047121E-04
200743  5.012470E-04 -4.764074E-04
200744  2.400907E-04 -6.294948E-04
200745 -4.837530E-04 -4.569982E-04
200746 -2.355738E-04  6.014745E-04
200747  4.384202E-04 -4.761595E-04
200748 -1.718827E-04  6.017482E-04
200749 -5.456076E-04 -2.971571E-04
200750 -9.849433E-05 -5.936230E-04
200751 -1.010696E-04 -5.902449E-04
200752 -5.378323E-04 -2.763981E-04
200753 -7.891628E-05  5.690390E-04
200754  2.547099E-04 -5.498978E-04
200755  1.699401E-04  6.104995E-04
200756 -5.329244E-04  3.051049E-04
200757 -5.639163E-04  4.633715E-05
200758 -5.327726E-04  3.051642E-04
200759  1.701926E-04  6.105960E-04
200760  2.549652E-04 -5.498111E-04
200761 -7.876309E-05  5.690797E-04
200762 -5.378128E-04 -2.763939E-04
200763 -1.011012E-04 -5.902532E-04
200764 -9.845845E-05 -5.936488E-04
200765 -5.454719E-04 -2.972052E-04
200766 -1.717142E-04  6.017179E-04
200767  4.385492E-04 -4.761295E-04
200768 -2.355070E-04  6.015468E-04
200769 -4.837498E-04 -4.569266E-04
200770  2.400392E-04 -6.294147E-04
200771  5.011897E-04 -4.762868E-04
200772  3.785742E-04 -6.045913E-04
200773 -2.424728E-04 -6.906552E-04
200774 -7.266739E-04  1.979667E-04
200775  5.137951E-04  5.872166E-04
200776 -6.644563E-05 -7.944037E-04
200777 -1.222446E-04  8.174474E-04
200778  5.542470E-05 -8.653503E-04
200779  2.198415E-04  8.638098E-04
200780 -5.965939E-04 -7.137668E-04
200781  8.945029E-04  3.908997E-04
200782 -1.015004E-03 -6.903368E-05
200783  1.058252E-03 -3.547505E-05
200784 -1.068896E-03 -3.344173E-04
200785  3.535393E-04  1.134240E-03
200786  1.223573E-03 -9.720363E-05
200787  1.189393E-03 -4.853305E-04
200788  1.081390E-03  7.774687E-04
200789 -1.374591E-03 -1.440356E-04
200790  2.048952E-04  1.438312E-03
200791 -1.988494E-04  1.480298E-03
200792 -5.132599E-04 -1.349367E-03
200793  6.100264E-04  1.406649E-03
200794 -1.247225E-03  8.465375E-04
200795  1.460265E-03  4.510276E-04
200796  1.268487E-03  7.684817E-04
200797 -1.405766E-03  1.322121E-04
200798  4.494372E-04  1.276126E-03
200799  5.876100E-04  1.170429E-03
200800 -8.644521E-04  8.985557E-04
200801 -4.193117E-05 -1.161881E-03
200802  2.830395E-05  1.121701E-03
200803  5.925348E-04 -8.938678E-04
200804 -1.013836E-03 -3.163954E-05
200805  2.749855E-04  9.405927E-04
200806  7.949787E-04 -4.647599E-04
200807 -6.576678E-04 -6.133180E-04
200808 -2.415448E-04  8.049480E-04
200809  7.526585E-04 -3.551740E-04
200810 -7.842211E-04 -2.941633E-05
200811  7.617561E-04  8.310777E-05
200812 -6.987974E-04  2.742792E-04
200813  1.124587E-04 -7.152303E-04
200814  7.001643E-04  3.702205E-05
200815  4.511115E-04  5.102886E-04
200816  4.084451E-04  5.280181E-04
200817  6.387085E-04  1.262615E-04
200818  1.463577E-04 -6.234903E-04
200819 -5.204875E-04  3.421041E-04
200820  4.750129E-04 -4.000595E-04
200821  8.953929E-05  6.084676E-04
200822 -5.247046E-04  3.214556E-04
200823 -5.756620E-04  1.876405E-04
200824 -2.961255E-04  5.023525E-04
200825  5.578267E-04  1.896949E-04
200826 -3.941115E-04 -4.125720E-04
200827  5.835687E-04  1.594412E-04
200828 -8.975631E-05  6.867274E-04
200829 -3.685035E-04  5.997628E-04
200830 -8.968578E-05  6.868098E-04
200831  5.837035E-04  1.595943E-04
200832 -3.939463E-04 -4.124109E-04
200833  5.579491E-04  1.897934E-04
200834 -2.961001E-04  5.023942E-04
200835 -5.756874E-04  1.876786E-04
200836 -5.246749E-04  3.214991E-04
200837  8.965340E-05  6.084975E-04
200838  4.751397E-04 -4.000138E-04
200839 -5.204053E-04  3.422055E-04
200840  1.463977E-04 -6.233708E-04
200841  6.386945E-04  1.263357E-04
200842  4.083422E-04  5.280798E-04
200843  4.509589E-04  5.104265E-04
200844  7.000845E-04  3.721710E-05
200845  1.125170E-04 -7.151187E-04
200846 -6.986813E-04  2.742294E-04
200847  7.617985E-04  8.299585E-05
200848 -7.842964E-04 -2.943142E-05
200849  7.525252E-04 -3.550617E-04
200850 -2.416488E-04  8.050694E-04
200851 -6.576861E-04 -6.132999E-04
200852  7.950492E-04 -4.648202E-04
200853  2.750929E-04  9.405664E-04
200854 -1.013752E-03 -3.158583E-05
200855  5.926012E-04 -8.937969E-04
200856  2.841193E-05  1.121732E-03
200857 -4.177798E-05 -1.161857E-03
200858 -8.643735E-04  8.986168E-04
200859  5.874759E-04  1.170495E-03
200860  4.491122E-04  1.276144E-03
200861 -1.406079E-03  1.322275E-04
200862  1.268381E-03  7.686146E-04
200863  1.460365E-03  4.512942E-04
200864 -1.247093E-03  8.467686E-04
200865 -1.149082E-03  9.947663E-04
200866 -1.177787E-03 -1.073088E-03
200867 -4.641687E-04  1.471045E-03
200868 -1.249980E-03  8.461398E-04
200869  1.137736E-03 -8.992978E-04
200870 -3.160595E-04 -1.354025E-03
200871  4.477051E-04 -1.241137E-03
200872  9.236917E-04  8.571237E-04
200873 -9.159696E-04 -7.389394E-04
200874  1.417137E-04  1.105885E-03
200875  1.015219E-03 -3.563363E-04
200876 -1.564642E-04 -9.913767E-04
200877 -9.454193E-04 -1.954394E-04
200878 -5.765172E-04  7.352277E-04
200879  4.524391E-04  7.412721E-04
200880  7.869298E-04 -3.344096E-04
200881 -3.877296E-04 -7.146968E-04
200882 -3.921230E-04  6.812637E-04
200883  6.803992E-04 -3.113131E-04
200884 -6.870051E-04  2.887381E-04
200885  4.064466E-04 -5.852443E-04
200886  3.903977E-04  5.610767E-04
200887 -3.844147E-04  5.434128E-04
200888 -5.763693E-04  3.185797E-04
200889 -4.274879E-04  4.902448E-04
200890  2.864734E-04  5.645453E-04
200891  3.522855E-04 -5.125926E-04
200892 -4.169691E-04  4.402642E-04
200893 -9.858224E-06 -5.947750E-04
200894  5.741121E-04 -9.431545E-05
200895  5.562529E-04  1.477607E-04
200896  5.470263E-04 -1.966893E-04
200897 -1.812060E-04 -5.568241E-04
200898 -7.115361E-05  5.689579E-04
200899 -1.921404E-04 -4.859458E-04
200900  4.961534E-04 -9.128061E-05
200901  4.973776E-04  2.259288E-04
200902  4.961681E-04 -9.122558E-05
200903 -1.921064E-04 -4.858070E-04
200904 -7.109088E-05  5.691354E-04
200905 -1.811469E-04 -5.566986E-04
200906  5.470164E-04 -1.966178E-04
200907  5.561865E-04  1.478520E-04
200908  5.740886E-04 -9.419383E-05
200909 -9.804217E-06 -5.946750E-04
200910 -4.169156E-04  4.403493E-04
200911  3.522918E-04 -5.124734E-04
200912  2.864689E-04  5.646653E-04
200913 -4.275135E-04  4.902889E-04
200914 -5.765006E-04  3.185894E-04
200915 -3.846456E-04  5.435217E-04
200916  3.902249E-04  5.612990E-04
200917  4.064584E-04 -5.850675E-04
200918 -6.868732E-04  2.887441E-04
200919  6.804844E-04 -3.114095E-04
200920 -3.921665E-04  6.812238E-04
200921 -3.878506E-04 -7.146313E-04
200922  7.868350E-04 -3.343358E-04
200923  4.524495E-04  7.412591E-04
200924 -5.763942E-04  7.351662E-04
200925 -9.452635E-04 -1.954315E-04
200926 -1.563730E-04 -9.912624E-04
200927  1.015245E-03 -3.561980E-04
200928  1.417735E-04  1.105978E-03
200929 -9.158275E-04 -7.388642E-04
200930  9.238105E-04  8.572186E-04
200931  4.476427E-04 -1.241070E-03
200932 -3.163084E-04 -1.354046E-03
200933  1.137487E-03 -8.993409E-04
200934 -1.250043E-03  8.462242E-04
200935 -4.640514E-04  1.471291E-03
200936 -1.177655E-03 -1.072860E-03
200937  1.250228E-03  9.035180E-04
200938 -9.309299E-04  1.210043E-03
200939  1.403785E-03  5.982142E-04
200940  2.658857E-04  1.482386E-03
200941  1.711842E-04 -1.443981E-03
200942 -7.433400E-04 -1.165928E-03
200943  6.234898E-04 -1.164482E-03
200944  2.043047E-04  1.232576E-03
200945  3.490883E-04 -1.128877E-03
200946 -1.105143E-03 -4.202710E-05
200947 -3.320618E-04  9.918027E-04
200948  5.324685E-04  8.695940E-04
200949  8.980336E-04  3.352347E-04
200950  8.547167E-04 -2.706988E-04
200951  4.226399E-04 -7.678354E-04
200952 -3.478731E-04 -7.763319E-04
200953 -7.836065E-04  9.644297E-05
200954  1.863701E-04  7.627036E-04
200955  5.081723E-04 -5.310738E-04
200956 -6.814260E-04  2.799033E-04
200957  5.776895E-04 -3.965116E-04
200958 -6.708179E-05  6.665646E-04
200959 -6.539099E-04 -4.843645E-05
200960 -4.426014E-04 -4.671479E-04
200961 -4.732021E-04 -4.195093E-04
200962 -6.134177E-04  1.266154E-04
200963  2.745314E-04  5.453760E-04
200964 -4.849485E-05 -5.980212E-04
200965  3.688924E-04  4.686900E-04
200966 -4.664485E-04  3.685647E-04
200967 -5.880474E-04  5.483771E-05
200968 -4.925806E-04  2.877227E-04
200969  2.755612E-04  4.978407E-04
200970  1.018799E-04 -5.494907E-04
200971  1.772395E-04  5.731531E-04
200972 -6.072301E-04  2.328404E-04
200973 -6.471232E-04 -5.289302E-05
200974 -6.072164E-04  2.328427E-04
200975  1.772360E-04  5.732331E-04
200976  1.018770E-04 -5.493447E-04
200977  2.755699E-04  4.979544E-04
200978 -4.926244E-04  2.877929E-04
200979 -5.881624E-04  5.495289E-05
200980 -4.665358E-04  3.687374E-04
200981  3.688840E-04  4.688325E-04
200982 -4.850840E-05 -5.979335E-04
200983  2.744652E-04  5.454698E-04
200984 -6.134678E-04  1.267073E-04
200985 -4.732287E-04 -4.195003E-04
200986 -4.427267E-04 -4.671952E-04
200987 -6.541756E-04 -4.838971E-05
200988 -6.732419E-05  6.667572E-04
200989  5.776438E-04 -3.963167E-04
200990 -6.813094E-04  2.799519E-04
200991  5.082755E-04 -5.311419E-04
200992  1.863548E-04  7.626538E-04
200993 -7.837025E-04  9.646669E-05
200994 -3.479472E-04 -7.763034E-04
200995  4.226709E-04 -7.678698E-04
200996  8.548593E-04 -2.707498E-04
200997  8.981917E-04  3.352716E-04
200998  5.325259E-04  8.697346E-04
200999 -3.320991E-04  9.919559E-04
201000 -1.105144E-03 -4.192285E-05
201001  3.492063E-04 -1.128786E-03
201002  2.044474E-04  1.232688E-03
201003  6.234873E-04 -1.164406E-03
201004 -7.435168E-04 -1.165953E-03
201005  1.709957E-04 -1.444044E-03
201006  2.658518E-04  1.482438E-03
201007  1.403897E-03  5.984236E-04
201008 -9.308140E-04  1.210247E-03
201009 -1.140420E-03  9.592805E-04
201010 -1.076451E-03 -1.211791E-03
201011 -9.875380E-04  1.180063E-03
201012 -1.482553E-03 -3.250785E-04
201013  1.079805E-03  9.340127E-04
201014  1.346768E-03  3.096700E-04
201015  2.821907E-05  1.295851E-03
201016 -4.724453E-04 -1.138627E-03
201017 -4.060931E-04  1.080051E-03
201018  1.043744E-03  3.807975E-04
201019  8.877144E-04 -5.929824E-04
201020  3.878190E-04 -9.064925E-04
201021 -7.670548E-06 -9.259847E-04
201022 -3.292578E-04 -8.373544E-04
201023 -6.351498E-04 -6.036474E-04
201024 -8.209065E-04 -8.847826E-05
201025 -4.787629E-04  6.184952E-04
201026  5.250502E-04  5.722080E-04
201027  3.493596E-04 -6.369519E-04
201028 -6.694073E-04  2.816435E-04
201029  6.425533E-04 -2.535597E-04
201030 -3.475603E-04  5.628643E-04
201031 -4.811040E-04 -4.375825E-04
201032  6.722086E-05 -6.310304E-04
201033  1.257827E-04 -6.036920E-04
201034 -3.285891E-04 -5.183604E-04
201035 -4.760503E-04  3.681646E-04
201036  5.921440E-04 -8.176763E-05
201037 -4.804566E-04  3.334324E-04
201038 -2.666269E-04 -5.063780E-04
201039  1.007443E-04 -5.625515E-04
201040 -9.888492E-05 -5.687693E-04
201041 -5.413482E-04  6.405662E-06
201042  4.770891E-04  3.477933E-04
201043 -5.556203E-04 -8.522034E-05
201044  6.164394E-05 -4.967319E-04
201045  2.766132E-04 -3.415157E-04
201046  6.170353E-05 -4.967750E-04
201047 -5.556021E-04 -8.520171E-05
201048  4.770636E-04  3.478918E-04
201049 -5.413625E-04  6.488836E-06
201050 -9.894024E-05 -5.687222E-04
201051  1.005987E-04 -5.624443E-04
201052 -2.667660E-04 -5.061880E-04
201053 -4.805120E-04  3.335941E-04
201054  5.920891E-04 -8.169540E-05
201055 -4.761642E-04  3.682129E-04
201056 -3.286744E-04 -5.183067E-04
201057  1.257616E-04 -6.037060E-04
201058  6.712754E-05 -6.311171E-04
201059 -4.813570E-04 -4.376070E-04
201060 -3.478316E-04  5.629867E-04
201061  6.424590E-04 -2.533915E-04
201062 -6.693251E-04  2.817116E-04
201063  3.494567E-04 -6.369917E-04
201064  5.250508E-04  5.721580E-04
201065 -4.788344E-04  6.184874E-04
201066 -8.209611E-04 -8.848369E-05
201067 -6.351129E-04 -6.036885E-04
201068 -3.291261E-04 -8.373838E-04
201069 -7.543586E-06 -9.259275E-04
201070  3.878230E-04 -9.063627E-04
201071  8.876114E-04 -5.928677E-04
201072  1.043686E-03  3.808640E-04
201073 -4.060054E-04  1.080123E-03
201074 -4.722989E-04 -1.138519E-03
201075  2.824952E-05  1.295935E-03
201076  1.346640E-03  3.096608E-04
201077  1.079660E-03  9.339581E-04
201078 -1.482570E-03 -3.250437E-04
201079 -9.874390E-04  1.180231E-03
201080 -1.076356E-03 -1.211623E-03
201081  6.198429E-04  1.338054E-03
201082 -1.391837E-03  5.349664E-04
201083  7.632867E-04  1.258903E-03
201084 -7.994076E-04  1.239009E-03
201085  1.210891E-03 -7.139390E-04
201086  7.316263E-04 -1.140768E-03
201087  1.214391E-03  4.044135E-04
201088 -1.216205E-03  2.410339E-05
201089  8.294051E-04  7.760373E-04
201090  8.260870E-04 -7.473423E-04
201091 -3.622435E-05 -1.034415E-03
201092 -5.119061E-04 -8.169144E-04
201093 -7.133166E-04 -5.912639E-04
201094 -8.120401E-04 -3.863350E-04
201095 -8.554372E-04 -1.019508E-04
201096 -7.338555E-04  3.413978E-04
201097 -1.794652E-04  7.561314E-04
201098  6.614055E-04  3.844599E-04
201099  2.192306E-04 -6.854421E-04
201100 -6.378080E-04  3.235799E-04
201101  6.456355E-04 -2.229805E-04
201102 -4.252893E-04  4.985534E-04
201103 -3.490229E-04 -5.410746E-04
201104  2.854032E-04 -5.595526E-04
201105  3.790384E-04 -4.766003E-04
201106 -7.457772E-06 -6.044328E-04
201107 -5.966755E-04  1.039678E-05
201108  4.957202E-04  3.221635E-04
201109 -5.611654E-04 -1.027251E-04
201110  2.097301E-04 -5.207869E-04
201111  4.940043E-04 -2.571886E-04
201112  3.920872E-04 -4.064839E-04
201113 -2.907716E-04 -4.595796E-04
201114 -2.459867E-05  5.709061E-04
201115 -1.830077E-04 -4.988897E-04
201116  4.363682E-04 -1.188657E-04
201117  3.817862E-04  1.666762E-04
201118  4.364944E-04 -1.189280E-04
201119 -1.829379E-04 -4.989097E-04
201120 -2.462118E-05  5.709638E-04
201121 -2.907892E-04 -4.595249E-04
201122  3.920421E-04 -4.064626E-04
201123  4.938513E-04 -2.571086E-04
201124  2.095555E-04 -5.206076E-04
201125 -5.612551E-04 -1.025594E-04
201126  4.956460E-04  3.222201E-04
201127 -5.968092E-04  1.040010E-05
201128 -7.563694E-06 -6.044163E-04
201129  3.790225E-04 -4.766226E-04
201130  2.853520E-04 -5.596547E-04
201131 -3.492278E-04 -5.411595E-04
201132 -4.255472E-04  4.985906E-04
201133  6.455142E-04 -2.228669E-04
201134 -6.377641E-04  3.236463E-04
201135  2.193073E-04 -6.854613E-04
201136  6.614109E-04  3.844125E-04
201137 -1.795184E-04  7.561008E-04
201138 -7.338979E-04  3.413697E-04
201139 -8.554096E-04 -1.019881E-04
201140 -8.119410E-04 -3.863381E-04
201141 -7.132357E-04 -5.911962E-04
201142 -5.119510E-04 -8.168242E-04
201143 -3.637191E-05 -1.034377E-03
201144  8.259937E-04 -7.473463E-04
201145  8.294707E-04  7.760681E-04
201146 -1.216065E-03  2.419451E-05
201147  1.214430E-03  4.044991E-04
201148  7.315191E-04 -1.140758E-03
201149  1.210769E-03 -7.139725E-04
201150 -7.994152E-04  1.239038E-03
201151  7.633732E-04  1.259034E-03
201152 -1.391760E-03  5.350961E-04
201153 -1.426665E-03  1.577770E-05
201154 -1.427083E-04 -1.529618E-03
201155 -1.380378E-03  4.915967E-04
201156 -1.204675E-03 -7.970256E-04
201157  8.531568E-04  1.057047E-03
201158  1.288818E-03  2.701153E-04
201159  2.917553E-04  1.207683E-03
201160 -8.396564E-04 -8.488928E-04
201161  2.008749E-04  1.085327E-03
201162  1.050405E-03 -2.943689E-04
201163  2.931595E-04 -9.756284E-04
201164 -3.254672E-04 -8.906785E-04
201165 -6.335654E-04 -6.557251E-04
201166 -7.876376E-04 -4.024579E-04
201167 -8.448982E-04 -6.707923E-05
201168 -6.907515E-04  4.015377E-04
201169 -8.285306E-05  7.642300E-04
201170  7.014159E-04  2.758007E-04
201171  9.811964E-05 -7.058804E-04
201172 -5.618298E-04  4.248884E-04
201173  5.897055E-04 -3.323724E-04
201174 -3.247867E-04  5.631586E-04
201175 -4.332716E-04 -4.647811E-04
201176  1.870409E-04 -5.922057E-04
201177  2.986266E-04 -5.256262E-04
201178 -9.015460E-05 -5.947242E-04
201179 -5.854823E-04  8.188092E-05
201180  5.209021E-04  2.653028E-04
201181 -5.653092E-04 -4.519141E-05
201182  1.642693E-04 -5.296514E-04
201183  4.724200E-04 -2.904669E-04
201184  3.664987E-04 -4.266675E-04
201185 -3.104982E-04 -4.373603E-04
201186 -5.164598E-06  5.719132E-04
201187 -2.022711E-04 -4.927049E-04
201188  4.247970E-04 -1.553522E-04
201189  3.795803E-04  1.198777E-04
201190  4.249856E-04 -1.554067E-04
201191 -2.021473E-04 -4.927369E-04
201192 -5.176284E-06  5.719435E-04
201193 -3.105128E-04 -4.373228E-04
201194  3.664740E-04 -4.266619E-04
201195  4.722777E-04 -2.904207E-04
201196  1.640726E-04 -5.295053E-04
201197 -5.654305E-04 -4.503623E-05
201198  5.208161E-04  2.653492E-04
201199 -5.856165E-04  8.185073E-05
201200 -9.026819E-05 -5.947386E-04
201201  2.986115E-04 -5.256477E-04
201202  1.870284E-04 -5.923028E-04
201203 -4.334093E-04 -4.649052E-04
201204 -3.249968E-04  5.631177E-04
201205  5.895832E-04 -3.323225E-04
201206 -5.618171E-04  4.249385E-04
201207  9.817157E-05 -7.058891E-04
201208  7.014196E-04  2.757540E-04
201209 -8.289441E-05  7.641816E-04
201210 -6.907897E-04  4.014930E-04
201211 -8.448920E-04 -6.711048E-05
201212 -7.875837E-04 -4.024380E-04
201213 -6.335313E-04 -6.556564E-04
201214 -3.255393E-04 -8.906433E-04
201215  2.930043E-04 -9.756844E-04
201216  1.050311E-03 -2.944542E-04
201217  2.009369E-04  1.085314E-03
201218 -8.395243E-04 -8.488199E-04
201219  2.917870E-04  1.207764E-03
201220  1.288711E-03  2.701374E-04
201221  8.530440E-04  1.057031E-03
201222 -1.204679E-03 -7.969954E-04
201223 -1.380302E-03  4.917000E-04
201224 -1.426445E-04 -1.529519E-03
