Mesh2HRTF 1.0.0-dev
    1
    1  1225
200000 -2.751549E-06 -1.585626E-05
200001 -2.508566E-06 -1.299322E-05
200002 -1.809123E-06 -1.130383E-05
200003 -1.079832E-06 -9.496241E-06
200004 -3.376152E-07 -7.622904E-06
200005  4.006452E-07 -5.735044E-06
200006  1.118999E-06 -3.879661E-06
200007  1.803198E-06 -2.097290E-06
200008  2.441295E-06 -4.206639E-07
200009  3.024039E-06  1.125730E-06
200010  3.545066E-06  2.525329E-06
200011  4.000862E-06  3.768583E-06
200012  4.390542E-06  4.851656E-06
200013  4.715455E-06  5.774984E-06
200014  4.978661E-06  6.541829E-06
200015  5.184322E-06  7.156990E-06
200016  5.337062E-06  7.625728E-06
200017  5.441337E-06  7.952933E-06
200018  5.500879E-06  8.142539E-06
200019  5.518253E-06  8.197130E-06
200020  5.494567E-06  8.117731E-06
200021  5.429355E-06  7.903739E-06
200022  5.320644E-06  7.552993E-06
200023  5.165213E-06  7.061985E-06
200024  4.958996E-06  6.426244E-06
200025  4.697624E-06  5.640923E-06
200026  4.377035E-06  4.701620E-06
200027  3.994123E-06  3.605442E-06
200028  3.547356E-06  2.352285E-06
200029  3.037319E-06  9.462545E-07
200030  2.467129E-06 -6.028955E-07
200031  1.842684E-06 -2.278490E-06
200032  1.172721E-06 -4.056029E-06
200033  4.686539E-07 -5.902876E-06
200034 -2.558040E-07 -7.778710E-06
200035 -9.852167E-07 -9.636870E-06
200036 -1.703177E-06 -1.142658E-05
200037 -2.393178E-06 -1.309594E-05
200038 -3.039534E-06 -1.459545E-05
200039 -3.628292E-06 -1.588169E-05
200040 -4.148031E-06 -1.692075E-05
200041 -4.590503E-06 -1.769097E-05
200042 -4.951045E-06 -1.818473E-05
200043 -5.228747E-06 -1.840900E-05
200044 -5.426351E-06 -1.838454E-05
200045 -5.549929E-06 -1.814406E-05
200046 -5.608357E-06 -1.772939E-05
200047 -5.612661E-06 -1.718820E-05
200048 -5.575279E-06 -1.657057E-05
200049 -5.509303E-06 -1.592579E-05
200050 -5.427742E-06 -1.529970E-05
200051 -5.342844E-06 -1.473272E-05
200052 -5.265499E-06 -1.425850E-05
200053 -5.204738E-06 -1.390332E-05
200054 -5.167332E-06 -1.368577E-05
200055 -5.157501E-06 -1.361683E-05
200056 -5.176733E-06 -1.369993E-05
200057 -5.223716E-06 -1.393100E-05
200058 -5.294375E-06 -1.429846E-05
200059 -5.382034E-06 -1.478313E-05
200060 -5.477681E-06 -1.535821E-05
200061 -5.570359E-06 -1.598955E-05
200062 -5.647653E-06 -1.663638E-05
200063 -5.696298E-06 -1.725257E-05
200064 -5.702869E-06 -1.778870E-05
200065 -5.654535E-06 -1.819469E-05
200066 -5.539849E-06 -1.842303E-05
200067 -5.349521E-06 -1.843219E-05
200068 -5.077101E-06 -1.818992E-05
200069 -4.719540E-06 -1.767601E-05
200070 -4.277536E-06 -1.688419E-05
200071 -3.755648E-06 -1.582280E-05
200072 -3.162140E-06 -1.451425E-05
200073 -2.071678E-06 -6.687956E-06
200074 -9.688896E-07 -2.939042E-06
200075  1.963279E-07  8.690587E-07
200076  1.353316E-06  4.439372E-06
200077  2.438467E-06  7.544521E-06
200078  3.399730E-06  1.004477E-05
200079  4.198929E-06  1.189002E-05
200080  4.812311E-06  1.310821E-05
200081  5.229993E-06  1.378466E-05
200082  5.454946E-06  1.403752E-05
200083  5.501866E-06  1.399437E-05
200084  5.395923E-06  1.377347E-05
200085  5.171163E-06  1.347157E-05
200086  4.868283E-06  1.315869E-05
200087  4.531660E-06  1.287866E-05
200088  4.205725E-06  1.265379E-05
200089  3.931042E-06  1.249149E-05
200090  3.740515E-06  1.239110E-05
200091  3.656215E-06  1.234963E-05
200092  3.687194E-06  1.236547E-05
200093  3.828554E-06  1.243975E-05
200094  4.061883E-06  1.257515E-05
200095  4.357027E-06  1.277221E-05
200096  4.675003E-06  1.302378E-05
200097  4.971704E-06  1.330816E-05
200098  5.201949E-06  1.358241E-05
200099  5.323362E-06  1.377770E-05
200100  5.299716E-06  1.379860E-05
200101  5.103539E-06  1.352822E-05
200102  4.718040E-06  1.284028E-05
200103  4.138563E-06  1.161774E-05
200104  3.373780E-06  9.776204E-06
200105  2.446617E-06  7.288318E-06
200106  1.394602E-06  4.204447E-06
200107  2.690926E-07  6.642193E-07
200108 -8.672524E-07 -3.105521E-06
200109 -1.945062E-06 -6.808818E-06
200110 -2.894733E-06 -1.011407E-05
200111 -3.653963E-06 -1.269851E-05
200112 -4.175035E-06 -1.429620E-05
200113 -4.430389E-06 -1.474020E-05
200114 -4.415321E-06 -1.398985E-05
200115 -4.147279E-06 -1.213706E-05
200116 -3.662041E-06 -9.389781E-06
200117 -3.007788E-06 -6.036315E-06
200118 -2.238460E-06 -2.398319E-06
200119 -1.407789E-06  1.217275E-06
200120 -5.650020E-07  4.557778E-06
200121  2.474294E-07  7.448920E-06
200122  9.942413E-07  9.801199E-06
200123  1.646688E-06  1.160017E-05
200124  2.181524E-06  1.288542E-05
200125  2.580273E-06  1.372436E-05
200126  2.829061E-06  1.418645E-05
200127  2.918899E-06  1.432234E-05
200128  2.846090E-06  1.415038E-05
200129  2.612422E-06  1.365224E-05
200130  2.225041E-06  1.277756E-05
200131  1.696137E-06  1.145757E-05
200132  1.042820E-06  9.626112E-06
200133  2.874830E-07  7.245335E-06
200134 -5.412619E-07  4.331786E-06
200135 -1.407407E-06  9.771442E-07
200136 -2.266826E-06 -2.642390E-06
200137 -3.067834E-06 -6.272782E-06
200138 -3.753716E-06 -9.606603E-06
200139 -4.267425E-06 -1.232269E-05
200140 -4.557989E-06 -1.413422E-05
200141 -4.587544E-06 -1.483552E-05
200142 -4.337518E-06 -1.433751E-05
200143 -3.812512E-06 -1.268389E-05
200144 -3.040864E-06 -1.004453E-05
200145 -1.393313E-06 -4.288206E-07
200146 -4.646918E-07  5.567490E-06
200147  4.161980E-07  1.057852E-05
200148  1.127586E-06  1.393606E-05
200149  1.606445E-06  1.534577E-05
200150  1.845130E-06  1.487758E-05
200151  1.871251E-06  1.288716E-05
200152  1.721636E-06  9.898890E-06
200153  1.422104E-06  6.481280E-06
200154  9.805930E-07  3.140412E-06
200155  3.941348E-07  2.479728E-07
200156 -3.360919E-07 -1.989607E-06
200157 -1.190139E-06 -3.523692E-06
200158 -2.121973E-06 -4.427879E-06
200159 -3.061958E-06 -4.848631E-06
200160 -3.927113E-06 -4.956447E-06
200161 -4.634626E-06 -4.907998E-06
200162 -5.114359E-06 -4.823441E-06
200163 -5.317964E-06 -4.776938E-06
200164 -5.224349E-06 -4.794656E-06
200165 -4.842117E-06 -4.854647E-06
200166 -4.209249E-06 -4.886311E-06
200167 -3.389343E-06 -4.771886E-06
200168 -2.463440E-06 -4.355666E-06
200169 -1.517564E-06 -3.466664E-06
200170 -6.283578E-07 -1.956661E-06
200171  1.487127E-07  2.506367E-07
200172  7.837858E-07  3.109829E-06
200173  1.267251E-06  6.417811E-06
200174  1.596729E-06  9.805888E-06
200175  1.762932E-06  1.277032E-05
200176  1.742672E-06  1.474420E-05
200177  1.504776E-06  1.520415E-05
200178  1.028578E-06  1.379523E-05
200179  3.278585E-07  1.044837E-05
200180 -5.310026E-07  5.458987E-06
200181 -1.426941E-06 -5.036493E-07
200182 -2.202635E-06 -6.476398E-06
200183 -2.699597E-06 -1.137067E-05
200184 -2.798945E-06 -1.420084E-05
200185 -2.453941E-06 -1.431803E-05
200186 -1.702991E-06 -1.158217E-05
200187 -6.586448E-07 -6.414505E-06
200188  5.234045E-07  2.944312E-07
200189  1.684742E-06  7.399633E-06
200190  2.701112E-06  1.377589E-05
200191  3.505090E-06  1.856829E-05
200192  4.089513E-06  2.134772E-05
200193  4.493272E-06  2.213792E-05
200194  4.776441E-06  2.132725E-05
200195  4.994371E-06  1.951357E-05
200196  5.179680E-06  1.734144E-05
200197  5.337466E-06  1.537682E-05
200198  5.453497E-06  1.403761E-05
200199  5.509734E-06  1.357119E-05
200200  5.498542E-06  1.405621E-05
200201  5.427970E-06  1.540655E-05
200202  5.315216E-06  1.736867E-05
200203  5.171634E-06  1.952098E-05
200204  4.987262E-06  2.129709E-05
200205  4.723597E-06  2.205576E-05
200206  4.320058E-06  2.120577E-05
200207  3.713889E-06  1.836774E-05
200208  2.867543E-06  1.352760E-05
200209  1.794022E-06  7.122788E-06
200210  5.702257E-07  1.341865E-08
200211 -6.685119E-07 -6.674323E-06
200212 -1.753783E-06 -1.179879E-05
200213 -2.523491E-06 -1.447614E-05
200214 -2.863811E-06 -1.429349E-05
200215 -2.740273E-06 -1.139894E-05
200216 -2.207389E-06 -6.447599E-06
200217  4.677062E-07  4.660238E-06
200218  1.128736E-06  1.160774E-05
200219  1.274152E-06  1.551738E-05
200220  7.705157E-07  1.586032E-05
200221 -2.603818E-07  1.294614E-05
200222 -1.505625E-06  7.681513E-06
200223 -2.601300E-06  1.263652E-06
200224 -3.284411E-06 -5.106632E-06
200225 -3.488403E-06 -1.044712E-05
200226 -3.344044E-06 -1.413411E-05
200227 -3.095609E-06 -1.595511E-05
200228 -2.982115E-06 -1.607644E-05
200229 -3.143179E-06 -1.493810E-05
200230 -3.586557E-06 -1.310389E-05
200231 -4.216636E-06 -1.110886E-05
200232 -4.893985E-06 -9.348075E-06
200233 -5.489686E-06 -8.036323E-06
200234 -5.912708E-06 -7.239814E-06
200235 -6.110618E-06 -6.951018E-06
200236 -6.059260E-06 -7.160884E-06
200237 -5.758689E-06 -7.887555E-06
200238 -5.242189E-06 -9.145655E-06
200239 -4.590295E-06 -1.087296E-05
200240 -3.931783E-06 -1.285556E-05
200241 -3.415862E-06 -1.469696E-05
200242 -3.155693E-06 -1.585912E-05
200243 -3.165496E-06 -1.577395E-05
200244 -3.328024E-06 -1.399607E-05
200245 -3.422746E-06 -1.035303E-05
200246 -3.216087E-06 -5.051616E-06
200247 -2.577531E-06  1.288273E-06
200248 -1.562890E-06  7.685109E-06
200249 -4.154495E-07  1.293572E-05
200250  5.251835E-07  1.583912E-05
200251  9.691739E-07  1.548627E-05
200252  8.106420E-07  1.156906E-05
200253  1.871054E-07  4.622477E-06
200254 -5.646277E-07 -3.915509E-06
200255 -1.038675E-06 -1.192592E-05
200256 -9.219123E-07 -1.713101E-05
200257 -1.203185E-07 -1.780112E-05
200258  1.201245E-06 -1.340413E-05
200259  2.679531E-06 -4.914409E-06
200260  3.885271E-06  5.403524E-06
200261  4.471287E-06  1.470658E-05
200262  4.279433E-06  2.051622E-05
200263  3.373442E-06  2.150666E-05
200264  1.997976E-06  1.781879E-05
200265  4.885666E-07  1.080858E-05
200266 -8.346125E-07  2.402754E-06
200267 -1.758772E-06 -5.610963E-06
200268 -2.230856E-06 -1.205862E-05
200269 -2.351806E-06 -1.648575E-05
200270 -2.310290E-06 -1.895263E-05
200271 -2.279524E-06 -1.969426E-05
200272 -2.323860E-06 -1.883166E-05
200273 -2.362824E-06 -1.626085E-05
200274 -2.212428E-06 -1.176233E-05
200275 -1.682574E-06 -5.287909E-06
200276 -6.816911E-07  2.701552E-06
200277  7.188718E-07  1.103365E-05
200278  2.284255E-06  1.793150E-05
200279  3.675679E-06  2.148774E-05
200280  4.549544E-06  2.037106E-05
200281  4.667854E-06  1.446479E-05
200282  3.987529E-06  5.112075E-06
200283  2.695358E-06 -5.203019E-06
200284  1.165749E-06 -1.364515E-05
200285 -1.555134E-07 -1.796782E-05
200286 -9.049929E-07 -1.721857E-05
200287 -9.337833E-07 -1.194804E-05
200288 -3.623843E-07 -3.895780E-06
200289  2.779488E-06  8.528003E-06
200290  4.075475E-06  1.283070E-05
200291  4.018022E-06  1.269847E-05
200292  2.396317E-06  8.944377E-06
200293 -3.304640E-07  3.083458E-06
200294 -3.206382E-06 -3.290639E-06
200295 -5.190030E-06 -8.868638E-06
200296 -5.614835E-06 -1.274393E-05
200297 -4.464926E-06 -1.441504E-05
200298 -2.324325E-06 -1.377930E-05
200299 -4.318398E-08 -1.113646E-05
200300  1.674702E-06 -7.151399E-06
200301  2.534498E-06 -2.720667E-06
200302  2.655005E-06  1.258926E-06
200303  2.375241E-06  4.150476E-06
200304  2.019617E-06  5.755413E-06
200305  1.758235E-06  6.318922E-06
200306  1.605289E-06  6.347478E-06
200307  1.509243E-06  6.318217E-06
200308  1.451076E-06  6.419272E-06
200309  1.482213E-06  6.448723E-06
200310  1.678102E-06  5.921748E-06
200311  2.034917E-06  4.332006E-06
200312  2.379104E-06  1.438782E-06
200313  2.371987E-06 -2.555791E-06
200314  1.653139E-06 -7.014668E-06
200315  7.785984E-08 -1.104210E-05
200316 -2.087042E-06 -1.373908E-05
200317 -4.163969E-06 -1.443180E-05
200318 -5.320954E-06 -1.280693E-05
200319 -4.977762E-06 -8.954880E-06
200320 -3.136537E-06 -3.373068E-06
200321 -4.348750E-07  3.024417E-06
200322  2.123302E-06  8.911851E-06
200323  3.619616E-06  1.267856E-05
200324  3.624515E-06  1.280249E-05
200325  2.363207E-06  8.480487E-06
200326  5.849736E-07  2.998423E-07
200327 -7.884222E-07 -9.460280E-06
200328 -1.075297E-06 -1.728941E-05
200329 -1.308085E-07 -1.973282E-05
200330  1.600660E-06 -1.505037E-05
200331  3.301772E-06 -4.395930E-06
200332  4.161876E-06  8.275548E-06
200333  3.726160E-06  1.776225E-05
200334  2.041519E-06  1.996278E-05
200335 -4.411589E-07  1.378589E-05
200336 -3.099161E-06  1.559187E-06
200337 -5.349286E-06 -1.226878E-05
200338 -6.766724E-06 -2.333580E-05
200339 -7.150579E-06 -2.922099E-05
200340 -6.588706E-06 -3.005108E-05
200341 -5.486952E-06 -2.782531E-05
200342 -4.465298E-06 -2.512102E-05
200343 -4.093450E-06 -2.393006E-05
200344 -4.593009E-06 -2.498717E-05
200345 -5.708036E-06 -2.757016E-05
200346 -6.842014E-06 -2.970123E-05
200347 -7.362805E-06 -2.881886E-05
200348 -6.872392E-06 -2.293921E-05
200349 -5.311665E-06 -1.194548E-05
200350 -2.925227E-06  1.743830E-06
200351 -1.833607E-07  1.378624E-05
200352  2.300547E-06  1.976971E-05
200353  3.902964E-06  1.741159E-05
200354  4.205220E-06  7.841947E-06
200355  3.215107E-06 -4.820138E-06
200356  1.442930E-06 -1.538453E-05
200357 -2.675450E-07 -1.993345E-05
200358 -1.101698E-06 -1.736024E-05
200359 -6.511055E-07 -9.442258E-06
200360  8.863749E-07  3.530067E-07
200361  2.852823E-06  9.607486E-06
200362  5.711139E-06  7.532745E-06
200363  6.613050E-06  2.529792E-06
200364  4.993306E-06 -2.614309E-06
200365  1.406910E-06 -5.984537E-06
200366 -2.598679E-06 -7.053967E-06
200367 -5.169554E-06 -6.279846E-06
200368 -5.099597E-06 -4.360049E-06
200369 -2.484804E-06 -1.728764E-06
200370  1.377857E-06  1.484457E-06
200371  4.796877E-06  5.178472E-06
200372  6.639717E-06  8.990583E-06
200373  6.804474E-06  1.223179E-05
200374  5.995238E-06  1.411196E-05
200375  5.099213E-06  1.413807E-05
200376  4.653152E-06  1.245196E-05
200377  4.686028E-06  9.882570E-06
200378  4.898726E-06  7.637413E-06
200379  4.964853E-06  6.767593E-06
200380  4.762159E-06  7.678985E-06
200381  4.449075E-06  9.943227E-06
200382  4.372672E-06  1.250415E-05
200383  4.831860E-06  1.416887E-05
200384  5.783895E-06  1.412798E-05
200385  6.677492E-06  1.224531E-05
200386  6.617016E-06  8.999267E-06
200387  4.891329E-06  5.156768E-06
200388  1.586463E-06  1.394939E-06
200389 -2.192978E-06 -1.911601E-06
200390 -4.785145E-06 -4.629924E-06
200391 -4.907323E-06 -6.595526E-06
200392 -2.452832E-06 -7.354820E-06
200393  1.401798E-06 -6.217271E-06
200394  4.836295E-06 -2.758570E-06
200395  6.331393E-06  2.450447E-06
200396  5.356523E-06  7.464451E-06
200397  2.500961E-06  9.502533E-06
200398 -8.952536E-07  6.454161E-06
200399 -3.364982E-06 -1.392156E-06
200400 -3.943482E-06 -1.064435E-05
200401 -2.597696E-06 -1.605672E-05
200402 -2.632112E-07 -1.348486E-05
200403  1.620807E-06 -2.910152E-06
200404  1.923184E-06  1.063368E-05
200405  4.978306E-07  1.938372E-05
200406 -1.786773E-06  1.740433E-05
200407 -3.722620E-06  4.518709E-06
200408 -4.582523E-06 -1.319091E-05
200409 -4.385597E-06 -2.688356E-05
200410 -3.472280E-06 -3.013785E-05
200411 -1.968402E-06 -2.226118E-05
200412  2.132089E-07 -7.733416E-06
200413  2.865806E-06  7.165736E-06
200414  5.162380E-06  1.761335E-05
200415  6.040700E-06  2.129141E-05
200416  5.015617E-06  1.763173E-05
200417  2.597323E-06  7.207279E-06
200418 -1.261472E-07 -7.661539E-06
200419 -2.305259E-06 -2.215649E-05
200420 -3.723943E-06 -3.001423E-05
200421 -4.484672E-06 -2.678097E-05
200422 -4.506040E-06 -1.317341E-05
200423 -3.511174E-06  4.382211E-06
200424 -1.538552E-06  1.707197E-05
200425  6.632836E-07  1.887048E-05
200426  1.919173E-06  1.002123E-05
200427  1.438555E-06 -3.494720E-06
200428 -5.458387E-07 -1.391711E-05
200429 -2.852434E-06 -1.626784E-05
200430 -4.053858E-06 -1.064910E-05
200431 -3.278453E-06 -1.273342E-06
200432 -6.370665E-07  6.596886E-06
200433 -3.256619E-07  6.294086E-06
200434  3.544952E-06 -2.265490E-06
200435  6.066719E-06 -9.151030E-06
200436  5.990061E-06 -1.087567E-05
200437  3.156513E-06 -7.322914E-06
200438 -1.021941E-06 -1.006479E-06
200439 -4.113056E-06  4.967420E-06
200440 -4.185251E-06  8.678533E-06
200441 -1.220026E-06  9.943411E-06
200442  2.825982E-06  9.727870E-06
200443  5.465377E-06  9.160231E-06
200444  5.434156E-06  8.807104E-06
200445  3.329511E-06  8.462287E-06
200446  8.079186E-07  7.414469E-06
200447 -7.426634E-07  5.022387E-06
200448 -9.516979E-07  1.286764E-06
200449 -3.132636E-07 -2.945001E-06
200450  4.115501E-07 -6.303487E-06
200451  6.708109E-07 -7.562705E-06
200452  2.939000E-07 -6.251717E-06
200453 -5.008876E-07 -2.881424E-06
200454 -1.146791E-06  1.320347E-06
200455 -9.083933E-07  5.023304E-06
200456  6.670870E-07  7.423945E-06
200457  3.190316E-06  8.526956E-06
200458  5.294343E-06  8.929604E-06
200459  5.361425E-06  9.281773E-06
200460  2.808090E-06  9.758135E-06
200461 -1.134566E-06  9.814240E-06
200462 -4.035320E-06  8.382738E-06
200463 -3.969137E-06  4.561541E-06
200464 -9.361620E-07 -1.429156E-06
200465  3.177262E-06 -7.671751E-06
200466  5.963875E-06 -1.110232E-05
200467  5.997490E-06 -9.277272E-06
200468  3.415447E-06 -2.377363E-06
200469 -5.141631E-07  6.101415E-06
200470 -4.197018E-06  1.095139E-05
200471 -6.304177E-06  8.602155E-06
200472 -6.106447E-06  1.143810E-07
200473 -3.792841E-06 -8.641288E-06
200474 -6.902621E-07 -1.054667E-05
200475  1.155284E-06 -2.654972E-06
200476  3.014535E-07  1.051930E-05
200477 -2.689338E-06  1.911403E-05
200478 -5.278704E-06  1.492218E-05
200479 -4.914019E-06 -1.590762E-06
200480 -1.338921E-06 -2.020088E-05
200481  3.125398E-06 -2.762228E-05
200482  5.829563E-06 -1.723518E-05
200483  6.310326E-06  6.152671E-06
200484  6.381101E-06  3.064248E-05
200485  7.768186E-06  4.669857E-05
200486  1.003621E-05  5.307134E-05
200487  1.116715E-05  5.423568E-05
200488  1.002393E-05  5.298268E-05
200489  7.725416E-06  4.652564E-05
200490  6.288308E-06  3.040648E-05
200491  6.170429E-06  5.897766E-06
200492  5.682402E-06 -1.745780E-05
200493  3.038642E-06 -2.778698E-05
200494 -1.304780E-06 -2.033334E-05
200495 -4.750338E-06 -1.765035E-06
200496 -5.052917E-06  1.462023E-05
200497 -2.523317E-06  1.864186E-05
200498  2.970919E-07  9.922270E-06
200499  9.541252E-07 -3.241595E-06
200500 -1.002641E-06 -1.095325E-05
200501 -4.064762E-06 -8.755144E-06
200502 -6.214159E-06  2.796210E-07
200503 -6.225890E-06  8.914730E-06
200504 -4.010536E-06  1.124892E-05
200505 -4.378719E-06  1.441956E-07
200506 -1.573636E-06 -1.055638E-05
200507  2.102869E-06 -1.474972E-05
200508  4.647647E-06 -1.065810E-05
200509  4.171295E-06 -1.398615E-06
200510  8.118946E-07  7.645536E-06
200511 -2.873259E-06  1.230823E-05
200512 -3.902506E-06  1.162447E-05
200513 -1.603538E-06  7.366272E-06
200514  1.684372E-06  2.158030E-06
200515  2.789504E-06 -2.075921E-06
200516  5.738402E-07 -4.586559E-06
200517 -3.341216E-06 -5.630556E-06
200518 -6.372689E-06 -6.117556E-06
200519 -7.169272E-06 -7.062328E-06
200520 -6.194282E-06 -8.929965E-06
200521 -4.729948E-06 -1.133067E-05
200522 -3.715794E-06 -1.332790E-05
200523 -3.430709E-06 -1.406206E-05
200524 -3.849404E-06 -1.322271E-05
200525 -4.916668E-06 -1.118046E-05
200526 -6.336519E-06 -8.795098E-06
200527 -7.232767E-06 -6.939863E-06
200528 -6.416858E-06 -5.937861E-06
200529 -3.464706E-06 -5.324049E-06
200530  3.311206E-07 -4.162698E-06
200531  2.495727E-06 -1.641469E-06
200532  1.462519E-06  2.459479E-06
200533 -1.685098E-06  7.441322E-06
200534 -3.888836E-06  1.147386E-05
200535 -2.870805E-06  1.200615E-05
200536  7.472186E-07  7.291890E-06
200537  4.088952E-06 -1.710964E-06
200538  4.637286E-06 -1.086701E-05
200539  2.177046E-06 -1.486271E-05
200540 -1.512988E-06 -1.067610E-05
200541 -4.440331E-06 -1.244978E-07
200542 -5.745425E-06  1.056405E-05
200543 -5.563539E-06  1.445718E-05
200544 -4.070377E-06  8.902896E-06
200545 -1.243977E-06 -1.774188E-06
200546  2.147368E-06 -8.690461E-06
200547  3.845948E-06 -5.242368E-06
200548  1.613458E-06  6.532094E-06
200549 -3.758699E-06  1.607317E-05
200550 -7.603879E-06  1.260223E-05
200551 -5.124415E-06 -4.189777E-06
200552  3.259839E-06 -2.107663E-05
200553  1.114615E-05 -2.101672E-05
200554  1.194583E-05  1.122263E-06
200555  5.522031E-06  3.166802E-05
200556 -1.786015E-06  4.875001E-05
200557 -4.007413E-06  4.209382E-05
200558 -1.557044E-06  2.285992E-05
200559  3.318928E-07  1.281523E-05
200560 -1.405614E-06  2.280417E-05
200561 -3.762375E-06  4.194644E-05
200562 -1.540213E-06  4.848693E-05
200563  5.681314E-06  3.132211E-05
200564  1.198093E-05  7.796774E-07
200565  1.109200E-05 -2.126686E-05
200566  3.203743E-06 -2.119940E-05
200567 -5.103918E-06 -4.231141E-06
200568 -7.501573E-06  1.253397E-05
200569 -3.659049E-06  1.586819E-05
200570  1.593002E-06  6.160583E-06
200571  3.653073E-06 -5.676680E-06
200572  1.857299E-06 -8.982044E-06
200573 -1.467262E-06 -1.741875E-06
200574 -4.099818E-06  9.276558E-06
200575 -5.417446E-06  1.499783E-05
200576 -5.571220E-06  1.103249E-05
200577 -6.338241E-06 -4.542603E-06
200578 -6.571674E-06 -1.204702E-05
200579 -2.850097E-06 -1.158855E-05
200580  2.363223E-06 -4.135682E-06
200581  4.932811E-06  5.237329E-06
200582  2.890831E-06  1.076242E-05
200583 -1.462639E-06  9.642832E-06
200584 -3.764507E-06  3.446068E-06
200585 -2.156641E-06 -3.873846E-06
200586  8.165852E-07 -9.234306E-06
200587  1.211704E-06 -1.179362E-05
200588 -1.969846E-06 -1.202276E-05
200589 -6.040408E-06 -1.062757E-05
200590 -7.802378E-06 -8.451517E-06
200591 -6.600026E-06 -6.460316E-06
200592 -4.209365E-06 -5.224268E-06
200593 -2.557948E-06 -4.637878E-06
200594 -2.110093E-06 -4.339719E-06
200595 -2.192244E-06 -4.180959E-06
200596 -2.302496E-06 -4.190407E-06
200597 -2.814846E-06 -4.405597E-06
200598 -4.369663E-06 -4.976495E-06
200599 -6.601522E-06 -6.195086E-06
200600 -7.745385E-06 -8.095876E-06
200601 -6.105469E-06 -1.011903E-05
200602 -2.244028E-06 -1.139895E-05
200603  8.323126E-07 -1.119774E-05
200604  5.381674E-07 -8.823807E-06
200605 -2.221162E-06 -3.712892E-06
200606 -3.703191E-06  3.413118E-06
200607 -1.472300E-06  9.518157E-06
200608  2.711630E-06  1.061042E-05
200609  4.694155E-06  5.085063E-06
200610  2.267354E-06 -4.250078E-06
200611 -2.739611E-06 -1.164244E-05
200612 -6.413848E-06 -1.212604E-05
200613 -6.344089E-06 -4.825059E-06
200614 -3.403580E-06  6.055186E-06
200615 -3.317929E-07  1.335651E-05
200616  1.345506E-06  1.169778E-05
200617  2.710649E-06  2.076427E-06
200618  5.205888E-06 -7.726755E-06
200619  7.255206E-06 -8.819610E-06
200620  4.926455E-06  4.825367E-07
200621 -2.474082E-06  1.122542E-05
200622 -8.683887E-06  1.069987E-05
200623 -5.629661E-06 -4.068055E-06
200624  6.347996E-06 -1.926621E-05
200625  1.588988E-05 -1.477386E-05
200626  1.137733E-05  1.362042E-05
200627 -5.877832E-06  4.292128E-05
200628 -2.193165E-05  3.974851E-05
200629 -2.488625E-05 -6.252011E-06
200630 -1.739589E-05 -6.618874E-05
200631 -1.241230E-05 -9.360745E-05
200632 -1.720297E-05 -6.610676E-05
200633 -2.455228E-05 -6.183279E-06
200634 -2.155661E-05  3.970232E-05
200635 -5.586882E-06  4.274024E-05
200636  1.148531E-05  1.337793E-05
200637  1.579961E-05 -1.496648E-05
200638  6.143224E-06 -1.932548E-05
200639 -5.819572E-06 -3.982182E-06
200640 -8.776418E-06  1.085342E-05
200641 -2.495073E-06  1.130568E-05
200642  4.867568E-06  3.748485E-07
200643  7.070268E-06 -9.086325E-06
200644  4.932798E-06 -7.943855E-06
200645  2.510860E-06  2.168007E-06
200646  1.364804E-06  1.218308E-05
200647 -1.215664E-07  1.404200E-05
200648 -3.204261E-06  6.623288E-06
200649 -5.609313E-06 -4.527382E-06
200650 -9.141756E-06 -6.479400E-06
200651 -6.205801E-06 -3.602456E-06
200652  7.350584E-07  2.060195E-06
200653  5.750874E-06  6.824435E-06
200654  4.782968E-06  7.000920E-06
200655 -2.996437E-07  1.647741E-06
200656 -3.689113E-06 -5.927517E-06
200657 -2.169492E-06 -1.087690E-05
200658  1.452532E-06 -1.127388E-05
200659  2.257217E-06 -8.830506E-06
200660 -7.251461E-07 -5.751840E-06
200661 -3.863429E-06 -2.701188E-06
200662 -3.682370E-06  2.920810E-07
200663 -5.790166E-07  2.880601E-06
200664  2.381177E-06  4.927286E-06
200665  3.081348E-06  6.774710E-06
200666  2.072549E-06  8.423299E-06
200667  1.299258E-06  9.180599E-06
200668  1.818225E-06  8.567643E-06
200669  2.732114E-06  7.016898E-06
200670  2.155694E-06  5.215223E-06
200671 -5.710564E-07  3.208167E-06
200672 -3.551985E-06  7.008426E-07
200673 -3.855034E-06 -2.190806E-06
200674 -9.712688E-07 -5.208445E-06
200675  1.890457E-06 -8.394708E-06
200676  1.246604E-06 -1.105983E-05
200677 -2.065822E-06 -1.087240E-05
200678 -3.418025E-06 -5.990132E-06
200679 -1.686815E-07  1.660170E-06
200680  4.604020E-06  7.086956E-06
200681  5.413441E-06  6.878628E-06
200682  5.558041E-07  2.053417E-06
200683 -6.097257E-06 -3.597089E-06
200684 -8.941794E-06 -6.485204E-06
200685 -5.593545E-06 -4.742792E-06
200686  1.257295E-06  9.901911E-07
200687  6.257514E-06  7.071609E-06
200688  6.400151E-06  8.427638E-06
200689  4.163697E-06  2.706361E-06
200690  4.466225E-06 -6.303505E-06
200691  7.631468E-06 -1.045321E-05
200692  7.553247E-06 -4.638524E-06
200693 -5.277146E-08  6.219522E-06
200694 -8.833719E-06  9.440683E-06
200695 -6.792058E-06 -1.895771E-06
200696  7.375492E-06 -1.654480E-05
200697  1.780724E-05 -1.221600E-05
200698  7.509669E-06  1.725965E-05
200699 -1.997821E-05  4.312537E-05
200700 -4.117500E-05  2.106567E-05
200701 -3.781982E-05 -6.159699E-05
200702 -1.782175E-05 -1.603752E-04
200703 -6.546723E-06 -2.046120E-04
200704 -1.772682E-05 -1.601871E-04
200705 -3.763044E-05 -6.135109E-05
200706 -4.092539E-05  2.122298E-05
200707 -1.975974E-05  4.313567E-05
200708  7.581140E-06  1.715939E-05
200709  1.767082E-05 -1.234622E-05
200710  7.080256E-06 -1.661568E-05
200711 -7.114318E-06 -1.834185E-06
200712 -9.059860E-06  9.638946E-06
200713 -1.547178E-07  6.444264E-06
200714  7.490650E-06 -4.560958E-06
200715  7.488599E-06 -1.059992E-05
200716  4.219378E-06 -6.520642E-06
200717  3.944090E-06  2.728727E-06
200718  6.381751E-06  8.866581E-06
200719  6.453183E-06  7.753510E-06
200720  1.458543E-06  1.538467E-06
200721 -3.654280E-06 -1.764818E-07
200722 -8.940282E-06  2.074589E-06
200723 -6.926546E-06  3.244920E-06
200724  3.283526E-07  3.273702E-06
200725  6.321567E-06  2.862472E-06
200726  5.681136E-06  8.550493E-07
200727 -1.514753E-07 -3.901583E-06
200728 -4.239435E-06 -8.675662E-06
200729 -2.307773E-06 -8.812258E-06
200730  2.397181E-06 -3.810679E-06
200731  3.969094E-06  2.164475E-06
200732  1.471490E-06  5.857909E-06
200733 -7.182326E-07  7.592168E-06
200734  8.921664E-07  8.579687E-06
200735  4.913110E-06  9.022573E-06
200736  7.431405E-06  9.298825E-06
200737  6.566444E-06  1.036596E-05
200738  3.930209E-06  1.213879E-05
200739  2.484171E-06  1.308671E-05
200740  3.664584E-06  1.223668E-05
200741  6.179179E-06  1.055512E-05
200742  7.152567E-06  9.558815E-06
200743  4.897720E-06  9.333002E-06
200744  1.056725E-06  8.925354E-06
200745 -6.407348E-07  7.929687E-06
200746  1.297036E-06  6.099495E-06
200747  3.685286E-06  2.220427E-06
200748  2.324922E-06 -3.970406E-06
200749 -1.998732E-06 -9.101993E-06
200750 -3.724054E-06 -8.882446E-06
200751  1.800078E-07 -3.832670E-06
200752  5.587908E-06  1.142094E-06
200753  5.973091E-06  3.100917E-06
200754  1.292655E-07  3.336649E-06
200755 -6.799489E-06  3.272748E-06
200756 -8.713632E-06  2.144484E-06
200757 -3.623859E-06 -2.711137E-07
200758  4.999420E-06 -1.800452E-06
200759  1.050599E-05 -5.847289E-07
200760  8.547643E-06  1.681436E-06
200761  2.168986E-06  9.792883E-07
200762 -4.301871E-07 -4.069471E-06
200763  4.007480E-06 -9.047698E-06
200764  7.897868E-06 -7.209627E-06
200765  2.232724E-06  1.920603E-06
200766 -8.411225E-06  8.362755E-06
200767 -8.370472E-06  1.436725E-06
200768  6.914052E-06 -1.307642E-05
200769  1.864129E-05 -1.254578E-05
200770  4.771134E-06  1.418955E-05
200771 -2.922071E-05  3.869965E-05
200772 -5.059550E-05  9.115633E-06
200773 -3.542947E-05 -9.257897E-05
200774  1.574361E-06 -2.142230E-04
200775  2.088481E-05 -2.689037E-04
200776  1.530119E-06 -2.140409E-04
200777 -3.545926E-05 -9.233446E-05
200778 -5.055907E-05  9.298276E-06
200779 -2.914245E-05  3.877426E-05
200780  4.795727E-06  1.416261E-05
200781  1.852958E-05 -1.265834E-05
200782  6.671143E-06 -1.322502E-05
200783 -8.656318E-06  1.360895E-06
200784 -8.631095E-06  8.457136E-06
200785  2.137010E-06  2.153003E-06
200786  7.883856E-06 -7.020302E-06
200787  3.952627E-06 -9.080778E-06
200788 -6.108359E-07 -4.284465E-06
200789  1.932721E-06  8.809153E-07
200790  8.438789E-06  1.966501E-06
200791  1.061053E-05 -2.583716E-08
200792  5.159846E-06 -1.366950E-06
200793 -1.938638E-06  5.591248E-06
200794 -6.862594E-06  9.168210E-06
200795 -5.497908E-06  5.853341E-06
200796  8.055800E-07 -3.193186E-07
200797  6.265066E-06 -3.295219E-06
200798  5.182961E-06 -3.033897E-06
200799 -1.268742E-06 -3.721365E-06
200800 -5.535658E-06 -5.029879E-06
200801 -2.963413E-06 -2.248751E-06
200802  2.564205E-06  4.862391E-06
200803  4.513029E-06  1.077676E-05
200804  2.202452E-06  1.218737E-05
200805  4.819799E-07  1.097237E-05
200806  2.644240E-06  9.269846E-06
200807  6.660391E-06  7.104283E-06
200808  8.350771E-06  5.023285E-06
200809  6.223480E-06  4.699043E-06
200810  2.544573E-06  6.146883E-06
200811  7.329167E-07  7.118272E-06
200812  2.338577E-06  6.191444E-06
200813  5.887811E-06  4.821488E-06
200814  8.067689E-06  5.232603E-06
200815  6.613287E-06  7.364199E-06
200816  2.811352E-06  9.508517E-06
200817  6.233449E-07  1.108443E-05
200818  2.138705E-06  1.208249E-05
200819  4.361637E-06  1.044967E-05
200820  2.630530E-06  4.373495E-06
200821 -2.504512E-06 -2.794076E-06
200822 -4.849911E-06 -5.406158E-06
200823 -7.789242E-07 -3.674931E-06
200824  5.178799E-06 -2.627898E-06
200825  5.942019E-06 -2.938025E-06
200826  6.325315E-07 -2.435710E-07
200827 -5.330225E-06  5.859628E-06
200828 -6.621541E-06  9.294347E-06
200829 -1.904688E-06  5.624034E-06
200830  5.976004E-06 -1.981444E-06
200831  1.099713E-05 -6.626063E-06
200832  7.930745E-06 -5.364522E-06
200833 -1.154250E-06 -1.831961E-06
200834 -6.478953E-06 -1.669693E-06
200835 -1.566158E-06 -5.542258E-06
200836  6.265849E-06 -7.313597E-06
200837  3.837928E-06 -1.500165E-06
200838 -7.557640E-06  6.740968E-06
200839 -9.910418E-06  4.671295E-06
200840  5.495387E-06 -8.830693E-06
200841  1.908393E-05 -1.341288E-05
200842  4.740948E-06  8.026130E-06
200843 -3.146209E-05  3.301699E-05
200844 -5.010754E-05  7.543870E-06
200845 -2.313465E-05 -9.288010E-05
200846  2.901854E-05 -2.174416E-04
200847  5.530021E-05 -2.742485E-04
200848  2.888980E-05 -2.173506E-04
200849 -2.330220E-05 -9.277600E-05
200850 -5.021034E-05  7.605532E-06
200851 -3.147247E-05  3.304242E-05
200852  4.762872E-06  8.011634E-06
200853  1.906493E-05 -1.351748E-05
200854  5.412531E-06 -9.035499E-06
200855 -1.003233E-05  4.473451E-06
200856 -7.665698E-06  6.704464E-06
200857  3.802930E-06 -1.324408E-06
200858  6.309553E-06 -7.056540E-06
200859 -1.533262E-06 -5.436049E-06
200860 -6.569309E-06 -1.812391E-06
200861 -1.367343E-06 -2.008682E-06
200862  7.744809E-06 -5.250194E-06
200863  1.098625E-05 -6.234041E-06
200864  6.075246E-06 -1.693987E-06
200865 -8.478011E-07  1.001531E-05
200866 -4.036721E-06  1.280572E-05
200867 -3.110866E-06  4.817873E-06
200868  1.542747E-06 -5.708052E-06
200869  5.558570E-06 -8.273483E-06
200870  3.574719E-06 -3.284116E-06
200871 -3.152312E-06  4.114098E-07
200872 -6.858742E-06  4.278513E-07
200873 -3.421469E-06  2.669998E-06
200874  2.399019E-06  8.484577E-06
200875  4.090510E-06  1.192421E-05
200876  1.605511E-06  1.020931E-05
200877 -8.347675E-08  6.722407E-06
200878  1.928612E-06  3.770331E-06
200879  5.445820E-06  4.046749E-07
200880  6.511229E-06 -3.008348E-06
200881  3.897927E-06 -4.152994E-06
200882 -2.604999E-08 -2.845156E-06
200883 -1.863053E-06 -1.827984E-06
200884 -1.257771E-07 -2.833631E-06
200885  3.678613E-06 -4.074822E-06
200886  6.268409E-06 -2.842761E-06
200887  5.372040E-06  6.107260E-07
200888  2.081124E-06  3.914121E-06
200889  1.200760E-07  6.658369E-06
200890  1.680508E-06  9.854479E-06
200891  4.093334E-06  1.136159E-05
200892  2.568747E-06  7.841575E-06
200893 -2.905867E-06  2.003847E-06
200894 -6.104562E-06 -8.514903E-08
200895 -2.579721E-06  3.739126E-07
200896  3.610207E-06 -2.855874E-06
200897  5.237762E-06 -7.880115E-06
200898  1.397328E-06 -5.669933E-06
200899 -2.904342E-06  4.776499E-06
200900 -3.805388E-06  1.296448E-05
200901 -8.325427E-07  1.014622E-05
200902  4.606820E-06 -8.622587E-07
200903  8.644040E-06 -1.001519E-05
200904  5.982286E-06 -1.049970E-05
200905 -3.464990E-06 -4.418757E-06
200906 -1.063312E-05  2.747349E-07
200907 -6.512533E-06 -1.532495E-06
200908  3.758117E-06 -5.842004E-06
200909  4.745862E-06 -3.950891E-06
200910 -6.243791E-06  4.375442E-06
200911 -1.090301E-05  6.702056E-06
200912  3.486089E-06 -4.367513E-06
200913  1.879165E-05 -1.310780E-05
200914  6.446772E-06  1.871536E-06
200915 -2.854644E-05  2.695222E-05
200916 -4.407026E-05  1.151204E-05
200917 -1.002365E-05 -7.380524E-05
200918  5.033594E-05 -1.858702E-04
200919  8.030112E-05 -2.380088E-04
200920  5.020242E-05 -1.858827E-04
200921 -1.020543E-05 -7.386323E-05
200922 -4.419546E-05  1.142538E-05
200923 -2.857115E-05  2.690091E-05
200924  6.494916E-06  1.856058E-06
200925  1.887242E-05 -1.317999E-05
200926  3.573348E-06 -4.554076E-06
200927 -1.084021E-05  6.478448E-06
200928 -6.216747E-06  4.265189E-06
200929  4.778546E-06 -3.847519E-06
200930  3.831329E-06 -5.565154E-06
200931 -6.443080E-06 -1.291560E-06
200932 -1.065608E-05  2.657434E-07
200933 -3.620063E-06 -4.596307E-06
200934  5.772205E-06 -1.051203E-05
200935  8.540235E-06 -9.772284E-06
200936  4.650822E-06 -6.986688E-07
200937 -4.325078E-08  1.210391E-05
200938 -1.343019E-06  1.347430E-05
200939 -8.911459E-07  2.302867E-06
200940  2.085519E-06 -1.020843E-05
200941  4.505594E-06 -1.077719E-05
200942  1.490453E-06 -1.179514E-06
200943 -5.056868E-06  5.200347E-06
200944 -7.301629E-06  4.153050E-06
200945 -2.626787E-06  3.693820E-06
200946  3.041326E-06  6.770916E-06
200947  3.954017E-06  7.339013E-06
200948  1.082656E-06  3.317868E-06
200949 -8.510841E-07 -7.724991E-07
200950  5.487902E-07 -3.148857E-06
200951  3.373914E-06 -6.124723E-06
200952  4.178436E-06 -9.609939E-06
200953  1.736762E-06 -1.078001E-05
200954 -1.905150E-06 -9.318951E-06
200955 -3.579991E-06 -8.210780E-06
200956 -1.894909E-06 -9.315483E-06
200957  1.646490E-06 -1.071901E-05
200958  3.994443E-06 -9.478708E-06
200959  3.283876E-06 -5.970537E-06
200960  6.834076E-07 -3.068807E-06
200961 -5.882721E-07 -9.234345E-07
200962  1.301060E-06  2.858524E-06
200963  4.097051E-06  6.716418E-06
200964  3.254922E-06  6.142045E-06
200965 -2.137270E-06  3.028201E-06
200966 -6.542118E-06  3.551024E-06
200967 -4.445110E-06  5.050427E-06
200968  1.517745E-06 -8.082825E-07
200969  4.144426E-06 -1.042582E-05
200970  1.947886E-06 -1.024099E-05
200971 -6.614646E-07  2.213114E-06
200972 -1.149088E-06  1.364923E-05
200973 -6.845093E-08  1.229023E-05
200974  2.439860E-06  2.188864E-07
200975  5.212008E-06 -1.123856E-05
200976  3.848602E-06 -1.308449E-05
200977 -4.029763E-06 -5.926671E-06
200978 -1.188215E-05  1.625594E-06
200979 -9.564273E-06  1.781288E-06
200980  1.167921E-06 -3.799471E-06
200981  5.015822E-06 -5.320589E-06
200982 -4.498555E-06  1.743111E-06
200983 -1.093443E-05  7.125779E-06
200984  1.308134E-06 -5.846175E-07
200985  1.732672E-05 -1.130828E-05
200986  8.223833E-06 -2.472297E-06
200987 -2.322451E-05  2.087097E-05
200988 -3.631784E-05  1.544176E-05
200989 -1.322162E-06 -4.966275E-05
200990  5.888698E-05 -1.414670E-04
200991  8.861654E-05 -1.851423E-04
200992  5.879794E-05 -1.415463E-04
200993 -1.440800E-06 -4.982379E-05
200994 -3.639333E-05  1.526287E-05
200995 -2.322544E-05  2.077472E-05
200996  8.292380E-06 -2.477899E-06
200997  1.746528E-05 -1.132691E-05
200998  1.502815E-06 -6.915132E-07
200999 -1.074813E-05  6.968633E-06
201000 -4.370425E-06  1.631007E-06
201001  5.109954E-06 -5.285139E-06
201002  1.252096E-06 -3.558313E-06
201003 -9.516003E-06  2.103416E-06
201004 -1.189218E-05  1.755266E-06
201005 -4.119471E-06 -6.047962E-06
201006  3.667639E-06 -1.316347E-05
201007  5.054251E-06 -1.110253E-05
201008  2.443571E-06  3.015293E-07
201009  7.995298E-07  1.244545E-05
201010  6.682764E-07  1.270216E-05
201011  5.203890E-07 -1.032698E-09
201012  2.317907E-06 -1.285698E-05
201013  3.499770E-06 -1.128456E-05
201014 -5.239399E-07  1.388732E-06
201015 -6.516597E-06  8.551247E-06
201016 -6.496864E-06  5.462612E-06
201017 -2.047113E-07  2.270038E-06
201018  5.036440E-06  2.950750E-06
201019  4.890986E-06  1.303728E-06
201020  1.582580E-06 -3.920806E-06
201021 -7.624333E-07 -7.391307E-06
201022 -2.696733E-07 -8.224013E-06
201023  1.800841E-06 -1.004466E-05
201024  2.593036E-06 -1.291686E-05
201025  6.083513E-07 -1.365268E-05
201026 -2.623593E-06 -1.190356E-05
201027 -4.126902E-06 -1.070505E-05
201028 -2.531361E-06 -1.189487E-05
201029  6.199385E-07 -1.359731E-05
201030  2.465147E-06 -1.282032E-05
201031  1.708074E-06 -9.942694E-06
201032 -1.469629E-07 -8.178071E-06
201033 -4.492396E-07 -7.545774E-06
201034  1.923649E-06 -4.358360E-06
201035  5.133546E-06  7.447339E-07
201036  5.236208E-06  2.420279E-06
201037  2.193199E-07  1.660272E-06
201038 -5.733001E-06  4.820040E-06
201039 -5.860889E-06  8.307691E-06
201040 -5.242548E-07  1.661718E-06
201041  3.073169E-06 -1.103652E-05
201042  2.175973E-06 -1.297537E-05
201043  7.595126E-07 -1.207752E-07
201044  8.045000E-07  1.288462E-05
201045  7.226304E-07  1.264754E-05
201046  7.866705E-07  7.043224E-07
201047  2.131033E-06 -1.136592E-05
201048  2.012200E-06 -1.373239E-05
201049 -3.446659E-06 -6.224559E-06
201050 -1.096941E-05  2.536324E-06
201051 -1.082082E-05  3.840842E-06
201052 -1.238102E-06 -2.048609E-06
201053  4.634479E-06 -5.718718E-06
201054 -2.523856E-06 -4.488494E-07
201055 -9.836985E-06  6.295392E-06
201056 -5.577791E-07  1.876958E-06
201057  1.467292E-05 -8.664888E-06
201058  8.931129E-06 -4.543459E-06
201059 -1.745884E-05  1.533166E-05
201060 -2.856085E-05  1.667752E-05
201061  2.545188E-06 -2.950714E-05
201062  5.572358E-05 -9.982973E-05
201063  8.192830E-05 -1.340200E-04
201064  5.568723E-05 -9.993218E-05
201065  2.503742E-06 -2.969908E-05
201066 -2.857447E-05  1.647779E-05
201067 -1.743663E-05  1.523237E-05
201068  8.997792E-06 -4.531269E-06
201069  1.481866E-05 -8.631527E-06
201070 -3.350511E-07  1.867323E-06
201071 -9.613100E-06  6.248144E-06
201072 -2.343952E-06 -5.121003E-07
201073  4.794238E-06 -5.727206E-06
201074 -1.129018E-06 -1.873971E-06
201075 -1.082160E-05  4.174751E-06
201076 -1.101865E-05  2.760073E-06
201077 -3.486733E-06 -6.270737E-06
201078  1.891801E-06 -1.382899E-05
201079  1.951782E-06 -1.129830E-05
201080  7.609232E-07  7.429332E-07
201081  1.642981E-06  1.219655E-05
201082  1.713768E-06  1.183162E-05
201083  1.020641E-06 -1.475494E-06
201084  2.417256E-06 -1.400372E-05
201085  2.843748E-06 -1.086814E-05
201086 -2.200247E-06  3.177476E-06
201087 -7.480154E-06  9.990419E-06
201088 -4.773824E-06  5.439365E-06
201089  3.273887E-06  9.418837E-07
201090  7.945239E-06  2.848596E-07
201091  6.757412E-06 -2.933205E-06
201092  3.139406E-06 -8.823641E-06
201093  3.202641E-07 -1.139109E-05
201094 -2.446676E-07 -1.072315E-05
201095  1.088775E-06 -1.146506E-05
201096  1.979068E-06 -1.366102E-05
201097  4.255308E-07 -1.388669E-05
201098 -2.561436E-06 -1.186094E-05
201099 -4.002133E-06 -1.059799E-05
201100 -2.424524E-06 -1.184914E-05
201101  4.993941E-07 -1.384406E-05
201102  1.897752E-06 -1.360788E-05
201103  1.008494E-06 -1.141498E-05
201104 -1.252742E-07 -1.068743E-05
201105  6.671634E-07 -1.148881E-05
201106  3.564895E-06 -9.156421E-06
201107  7.053590E-06 -3.373310E-06
201108  8.104710E-06 -1.446572E-07
201109  3.651018E-06  3.930461E-07
201110 -3.959758E-06  4.818331E-06
201111 -6.753051E-06  9.721596E-06
201112 -2.225620E-06  3.349598E-06
201113  2.356493E-06 -1.076447E-05
201114  2.278288E-06 -1.420807E-05
201115  1.262874E-06 -1.597882E-06
201116  1.783245E-06  1.201631E-05
201117  1.515378E-06  1.238421E-05
201118  1.698789E-07  6.991703E-07
201119  1.627105E-07 -1.133222E-05
201120  6.518564E-07 -1.352628E-05
201121 -2.568153E-06 -5.722240E-06
201122 -9.158984E-06  3.151464E-06
201123 -1.095295E-05  4.536082E-06
201124 -3.424344E-06 -1.233718E-06
201125  3.626705E-06 -5.557559E-06
201126 -6.052842E-07 -1.720485E-06
201127 -7.719793E-06  4.965026E-06
201128 -1.748075E-06  2.919022E-06
201129  1.115155E-05 -6.077487E-06
201130  8.188567E-06 -4.805628E-06
201131 -1.213883E-05  1.086255E-05
201132 -2.099674E-05  1.527116E-05
201133  3.410696E-06 -1.624367E-05
201134  4.496773E-05 -6.774914E-05
201135  6.535652E-05 -9.324466E-05
201136  4.496802E-05 -6.784863E-05
201137  3.422209E-06 -1.642068E-05
201138 -2.097206E-05  1.509770E-05
201139 -1.211231E-05  1.078592E-05
201140  8.234859E-06 -4.778588E-06
201141  1.127196E-05 -6.011371E-06
201142 -1.555680E-06  2.987412E-06
201143 -7.528094E-06  5.023454E-06
201144 -4.159096E-07 -1.707971E-06
201145  3.857820E-06 -5.561230E-06
201146 -3.264255E-06 -1.107766E-06
201147 -1.100087E-05  4.834678E-06
201148 -9.276263E-06  3.406479E-06
201149 -2.582400E-06 -5.703886E-06
201150  5.988976E-07 -1.361007E-05
201151 -1.877760E-08 -1.130914E-05
201152  1.197919E-07  7.144232E-07
201153  2.141637E-06  1.225641E-05
201154  1.669691E-06  1.157018E-05
201155  8.558162E-07 -2.177809E-06
201156  2.705484E-06 -1.435697E-05
201157  2.701252E-06 -1.038618E-05
201158 -3.489749E-06  3.707828E-06
201159 -8.146444E-06  9.874898E-06
201160 -2.880160E-06  5.359856E-06
201161  6.646587E-06  1.471670E-06
201162  1.069422E-05  4.806249E-07
201163  8.813874E-06 -4.061552E-06
201164  5.258499E-06 -1.070395E-05
201165  2.070917E-06 -1.280619E-05
201166  4.625383E-07 -1.129283E-05
201167  1.165469E-06 -1.148120E-05
201168  2.212036E-06 -1.329247E-05
201169  9.152077E-07 -1.316548E-05
201170 -2.137925E-06 -1.094030E-05
201171 -3.682253E-06 -9.635569E-06
201172 -1.986369E-06 -1.093826E-05
201173  1.020529E-06 -1.315479E-05
201174  2.172076E-06 -1.329463E-05
201175  1.112232E-06 -1.147941E-05
201176  5.835145E-07 -1.124851E-05
201177  2.426629E-06 -1.281048E-05
201178  5.721574E-06 -1.088855E-05
201179  9.129780E-06 -4.372822E-06
201180  1.083174E-05  1.224393E-07
201181  7.041749E-06  9.911981E-07
201182 -1.963226E-06  4.855855E-06
201183 -7.338853E-06  9.685118E-06
201184 -3.535109E-06  3.800426E-06
201185  2.182928E-06 -1.044899E-05
201186  2.591880E-06 -1.463437E-05
201187  1.098765E-06 -2.273968E-06
201188  1.673258E-06  1.175192E-05
201189  1.973560E-06  1.240874E-05
201190  4.728347E-07  5.321111E-07
201191 -4.214135E-07 -1.162675E-05
201192 -1.490546E-08 -1.331643E-05
201193 -1.809374E-06 -4.954407E-06
201194 -7.345086E-06  3.476922E-06
201195 -1.052784E-05  3.930863E-06
201196 -5.296321E-06 -1.755154E-06
201197  2.184116E-06 -5.378014E-06
201198  1.051293E-06 -1.944076E-06
201199 -4.878262E-06  3.895444E-06
201200 -2.159330E-06  2.866943E-06
201201  7.134890E-06 -4.254718E-06
201202  6.157915E-06 -4.124364E-06
201203 -7.338153E-06  7.727400E-06
201204 -1.324812E-05  1.255528E-05
201205  2.965936E-06 -8.982092E-06
201206  2.982551E-05 -4.593624E-05
201207  4.277974E-05 -6.442791E-05
201208  2.984149E-05 -4.602660E-05
201209  2.996601E-06 -9.129660E-06
201210 -1.321826E-05  1.242520E-05
201211 -7.327522E-06  7.680508E-06
201212  6.176658E-06 -4.091909E-06
201213  7.220064E-06 -4.180203E-06
201214 -2.025032E-06  2.977126E-06
201215 -4.758975E-06  4.028078E-06
201216  1.216199E-06 -1.845180E-06
201217  2.470268E-06 -5.314063E-06
201218 -5.083719E-06 -1.622474E-06
201219 -1.061396E-05  4.179626E-06
201220 -7.534040E-06  3.706763E-06
201221 -1.817351E-06 -4.896781E-06
201222 -1.036306E-08 -1.337443E-05
201223 -5.954957E-07 -1.163800E-05
201224  4.019477E-07  5.311203E-07
