Mesh2HRTF 1.0.0-dev
    1
    1  1225
200000 -9.319493E-07 -1.104112E-05
200001 -1.209927E-06  1.151371E-05
200002 -1.215257E-06  1.146334E-05
200003 -1.231823E-06  1.130849E-05
200004 -1.258728E-06  1.104357E-05
200005 -1.294509E-06  1.065969E-05
200006 -1.337128E-06  1.014546E-05
200007 -1.383984E-06  9.487954E-06
200008 -1.431927E-06  8.674001E-06
200009 -1.477308E-06  7.691754E-06
200010 -1.516060E-06  6.532417E-06
200011 -1.543832E-06  5.192093E-06
200012 -1.556185E-06  3.673584E-06
200013 -1.548845E-06  1.987967E-06
200014 -1.518000E-06  1.557487E-07
200015 -1.460636E-06 -1.792620E-06
200016 -1.374864E-06 -3.817039E-06
200017 -1.260191E-06 -5.868997E-06
200018 -1.117713E-06 -7.893758E-06
200019 -9.501661E-07 -9.833425E-06
200020 -7.618286E-07 -1.163063E-05
200021 -5.582560E-07 -1.323255E-05
200022 -3.458808E-07 -1.459481E-05
200023 -1.315149E-07 -1.568488E-05
200024  7.818693E-08 -1.648449E-05
200025  2.772313E-07 -1.699098E-05
200026  4.606969E-07 -1.721718E-05
200027  6.250073E-07 -1.719013E-05
200028  7.680407E-07 -1.694859E-05
200029  8.890803E-07 -1.653992E-05
200030  9.886300E-07 -1.601648E-05
200031  1.068135E-06 -1.543208E-05
200032  1.129654E-06 -1.483870E-05
200033  1.175528E-06 -1.428385E-05
200034  1.208075E-06 -1.380841E-05
200035  1.229337E-06 -1.344527E-05
200036  1.240892E-06 -1.321839E-05
200037  1.243715E-06 -1.314229E-05
200038  1.238115E-06 -1.322182E-05
200039  1.223703E-06 -1.345209E-05
200040  1.199426E-06 -1.381854E-05
200041  1.163655E-06 -1.429718E-05
200042  1.114315E-06 -1.485508E-05
200043  1.049086E-06 -1.545129E-05
200044  9.656578E-07 -1.603827E-05
200045  8.620378E-07 -1.656397E-05
200046  7.368784E-07 -1.697455E-05
200047  5.898004E-07 -1.721761E-05
200048  4.216647E-07 -1.724576E-05
200049  2.347458E-07 -1.702022E-05
200050  3.277030E-08 -1.651396E-05
200051 -1.792045E-07 -1.571416E-05
200052 -3.950750E-07 -1.462353E-05
200053 -6.081110E-07 -1.326036E-05
200054 -8.114671E-07 -1.165726E-05
200055 -9.987200E-07 -9.858673E-06
200056 -1.164367E-06 -7.917492E-06
200057 -1.304224E-06 -5.891156E-06
200058 -1.415674E-06 -3.837625E-06
200059 -1.497771E-06 -1.811685E-06
200060 -1.551164E-06  1.381159E-07
200061 -1.577901E-06  1.971663E-06
200062 -1.581148E-06  3.658505E-06
200063 -1.564845E-06  5.178157E-06
200064 -1.533380E-06  6.519572E-06
200065 -1.491272E-06  7.679991E-06
200066 -1.442925E-06  8.663354E-06
200067 -1.392427E-06  9.478498E-06
200068 -1.343424E-06  1.013730E-05
200069 -1.299037E-06  1.065295E-05
200070 -1.261815E-06  1.103838E-05
200071 -1.233729E-06  1.130496E-05
200072 -1.216164E-06  1.146155E-05
200073  1.063093E-06  8.719971E-06
200074  1.046791E-06  8.834302E-06
200075  1.003909E-06  9.164443E-06
200076  9.341729E-07  9.693869E-06
200077  8.368142E-07  1.039355E-05
200078  7.103831E-07  1.121962E-05
200079  5.528252E-07  1.211074E-05
200080  3.620191E-07  1.298581E-05
200081  1.368824E-07  1.374330E-05
200082 -1.210226E-07  1.426313E-05
200083 -4.056423E-07  1.441259E-05
200084 -7.047935E-07  1.405710E-05
200085 -9.992953E-07  1.307587E-05
200086 -1.263427E-06  1.138163E-05
200087 -1.467091E-06  8.941869E-06
200088 -1.579722E-06  5.798140E-06
200089 -1.575500E-06  2.078638E-06
200090 -1.438957E-06 -2.000221E-06
200091 -1.169688E-06 -6.146598E-06
200092 -7.848326E-07 -1.002109E-05
200093 -3.183148E-07 -1.327712E-05
200094  1.834551E-07 -1.560773E-05
200095  6.687791E-07 -1.679045E-05
200096  1.089271E-06 -1.672087E-05
200097  1.407854E-06 -1.542779E-05
200098  1.604267E-06 -1.306621E-05
200099  1.676840E-06 -9.889895E-06
200100  1.640409E-06 -6.209518E-06
200101  1.521260E-06 -2.345787E-06
200102  1.350738E-06  1.412814E-06
200103  1.159232E-06  4.839985E-06
200104  9.718679E-07  7.785354E-06
200105  8.064730E-07  1.017224E-05
200106  6.736504E-07  1.198300E-05
200107  5.783035E-07  1.323747E-05
200108  5.217690E-07  1.396991E-05
200109  5.038280E-07  1.420954E-05
200110  5.240877E-07  1.396749E-05
200111  5.824704E-07  1.323238E-05
200112  6.787304E-07  1.197488E-05
200113  8.110878E-07  1.016061E-05
200114  9.742493E-07  7.769863E-06
200115  1.157323E-06  4.820447E-06
200116  1.342355E-06  1.389328E-06
200117  1.504304E-06 -2.372805E-06
200118  1.613118E-06 -6.239352E-06
200119  1.638041E-06 -9.921588E-06
200120  1.553592E-06 -1.309864E-05
200121  1.345885E-06 -1.545976E-05
200122  1.017577E-06 -1.675120E-05
200123  5.898385E-07 -1.681804E-05
200124  1.004691E-07 -1.563165E-05
200125 -4.016980E-07 -1.329667E-05
200126 -8.648451E-07 -1.003588E-05
200127 -1.242780E-06 -6.156595E-06
200128 -1.502106E-06 -2.005807E-06
200129 -1.626449E-06  2.076666E-06
200130 -1.617130E-06  5.798602E-06
200131 -1.490581E-06  8.943303E-06
200132 -1.273530E-06  1.138243E-05
200133 -9.973225E-07  1.307449E-05
200134 -6.926407E-07  1.405221E-05
200135 -3.855754E-07  1.440330E-05
200136 -9.546195E-08  1.424908E-05
200137  1.655508E-07  1.372478E-05
200138  3.915912E-07  1.296371E-05
200139  5.813772E-07  1.208649E-05
200140  7.363234E-07  1.119504E-05
200141  8.588917E-07  1.037064E-05
200142  9.514603E-07  9.674603E-06
200143  1.015763E-06  9.150534E-06
200144  1.052813E-06  8.827013E-06
200145  8.924892E-07 -1.041448E-05
200146  8.936798E-07 -1.029258E-05
200147  9.054100E-07 -9.941490E-06
200148  9.360231E-07 -9.333522E-06
200149  9.947843E-07 -8.423150E-06
200150  1.086016E-06 -7.151689E-06
200151  1.203411E-06 -5.457982E-06
200152  1.326270E-06 -3.296733E-06
200153  1.419205E-06 -6.639406E-07
200154  1.436229E-06  2.373803E-06
200155  1.329465E-06  5.652508E-06
200156  1.061655E-06  8.895275E-06
200157  6.203789E-07  1.171810E-05
200158  3.056182E-08  1.366569E-05
200159 -6.391275E-07  1.428136E-05
200160 -1.280329E-06  1.320606E-05
200161 -1.762136E-06  1.029025E-05
200162 -1.960373E-06  5.690513E-06
200163 -1.793207E-06 -8.328322E-08
200164 -1.252776E-06 -6.200393E-06
200165 -4.207432E-07 -1.163414E-05
200166  5.414727E-07 -1.536407E-05
200167  1.429243E-06 -1.660972E-05
200168  2.049046E-06 -1.502979E-05
200169  2.272946E-06 -1.082202E-05
200170  2.073507E-06 -4.685078E-06
200171  1.525979E-06  2.351818E-06
200172  7.775497E-07  9.180337E-06
200173 -3.154141E-09  1.486770E-05
200174 -6.759705E-07  1.883944E-05
200175 -1.160747E-06  2.094611E-05
200176 -1.442957E-06  2.141429E-05
200177 -1.557767E-06  2.071905E-05
200178 -1.564372E-06  1.943198E-05
200179 -1.522633E-06  1.809093E-05
200180 -1.478771E-06  1.711478E-05
200181 -1.460271E-06  1.676254E-05
200182 -1.475953E-06  1.712059E-05
200183 -1.516707E-06  1.810094E-05
200184 -1.555023E-06  1.944344E-05
200185 -1.545096E-06  2.072878E-05
200186 -1.427961E-06  2.141959E-05
200187 -1.145648E-06  2.094538E-05
200188 -6.642312E-07  1.883254E-05
200189  9.008499E-10  1.485587E-05
200190  7.694677E-07  9.165778E-06
200191  1.502104E-06  2.337108E-06
200192  2.031860E-06 -4.697546E-06
200193  2.213843E-06 -1.083041E-05
200194  1.975304E-06 -1.503293E-05
200195  1.345943E-06 -1.660701E-05
200196  4.553593E-07 -1.535527E-05
200197 -5.021152E-07 -1.161917E-05
200198 -1.321995E-06 -6.179373E-06
200199 -1.843925E-06 -5.669412E-08
200200 -1.988074E-06  5.721545E-06
200201 -1.764648E-06  1.032370E-05
200202 -1.258008E-06  1.323888E-05
200203 -5.946836E-07  1.430970E-05
200204  9.255610E-08  1.368529E-05
200205  6.942085E-07  1.172490E-05
200206  1.141261E-06  8.886120E-06
200207  1.409182E-06  5.625649E-06
200208  1.511344E-06  2.329299E-06
200209  1.486285E-06 -7.241197E-07
200210  1.383255E-06 -3.368836E-06
200211  1.249518E-06 -5.536823E-06
200212  1.121507E-06 -7.231143E-06
200213  1.020649E-06 -8.496758E-06
200214  9.536376E-07 -9.395110E-06
200215  9.161840E-07 -9.985786E-06
200216  8.987507E-07 -1.031574E-05
200217 -1.444702E-06 -8.211193E-06
200218 -1.462925E-06 -8.329171E-06
200219 -1.514994E-06 -8.720210E-06
200220 -1.559594E-06 -9.378941E-06
200221 -1.540100E-06 -1.026659E-05
200222 -1.399947E-06 -1.128105E-05
200223 -1.098182E-06 -1.223612E-05
200224 -6.228764E-07 -1.286093E-05
200225 -1.204451E-09 -1.282592E-05
200226  6.951218E-07 -1.179734E-05
200227  1.351731E-06 -9.517875E-06
200228  1.824618E-06 -5.905687E-06
200229  1.967555E-06 -1.154489E-06
200230  1.673565E-06  4.196625E-06
200231  9.234432E-07  9.266264E-06
200232 -1.740572E-07  1.294838E-05
200233 -1.372085E-06  1.416164E-05
200234 -2.325815E-06  1.219733E-05
200235 -2.688819E-06  7.068743E-06
200236 -2.245230E-06 -2.826528E-07
200237 -1.028494E-06 -8.064563E-06
200238  6.359177E-07 -1.405548E-05
200239  2.208073E-06 -1.628888E-05
200240  3.123768E-06 -1.377090E-05
200241  3.025602E-06 -6.931884E-06
200242  1.925121E-06  2.419136E-06
200243  2.063257E-07  1.166764E-05
200244 -1.541185E-06  1.828102E-05
200245 -2.777213E-06  2.064106E-05
200246 -3.222123E-06  1.847830E-05
200247 -2.922214E-06  1.276488E-05
200248 -2.157692E-06  5.183250E-06
200249 -1.270017E-06 -2.536308E-06
200250 -5.140236E-07 -9.111802E-06
200251 -3.595101E-10 -1.388290E-05
200252  2.739161E-07 -1.668862E-05
200253  3.535120E-07 -1.759844E-05
200254  2.622162E-07 -1.666913E-05
200255 -2.103544E-08 -1.384898E-05
200256 -5.388403E-07 -9.071992E-06
200257 -1.293278E-06 -2.500076E-06
200258 -2.174585E-06  5.208301E-06
200259 -2.930562E-06  1.277504E-05
200260 -3.223436E-06  1.847454E-05
200261 -2.776433E-06  2.062829E-05
200262 -1.545093E-06  1.826629E-05
200263  1.914633E-07  1.165789E-05
200264  1.895717E-06  2.419198E-06
200265  2.981929E-06 -6.920320E-06
200266  3.069897E-06 -1.374914E-05
200267  2.150882E-06 -1.626009E-05
200268  5.837274E-07 -1.402312E-05
200269 -1.067204E-06 -8.031133E-06
200270 -2.262906E-06 -2.492294E-07
200271 -2.679806E-06  7.102004E-06
200272 -2.287291E-06  1.223006E-05
200273 -1.304831E-06  1.419210E-05
200274 -8.275804E-08  1.297290E-05
200275  1.030659E-06  9.279540E-06
200276  1.786403E-06  4.192758E-06
200277  2.075354E-06 -1.180572E-06
200278  1.918174E-06 -5.957008E-06
200279  1.424631E-06 -9.594709E-06
200280  7.443062E-07 -1.189714E-05
200281  2.438620E-08 -1.294373E-05
200282 -6.182191E-07 -1.299004E-05
200283 -1.110047E-06 -1.236875E-05
200284 -1.422882E-06 -1.140890E-05
200285 -1.568204E-06 -1.038140E-05
200286 -1.587043E-06 -9.473023E-06
200287 -1.536614E-06 -8.786998E-06
200288 -1.474796E-06 -8.363846E-06
200289 -9.285941E-07  8.173471E-06
200290 -1.000973E-06  8.113321E-06
200291 -1.227513E-06  7.843959E-06
200292 -1.554564E-06  7.205148E-06
200293 -1.910318E-06  6.005342E-06
200294 -2.219050E-06  4.100263E-06
200295 -2.406290E-06  1.457282E-06
200296 -2.398781E-06 -1.805483E-06
200297 -2.129855E-06 -5.399810E-06
200298 -1.558132E-06 -8.860058E-06
200299 -6.981165E-07 -1.155702E-05
200300  3.479952E-07 -1.276511E-05
200301  1.374189E-06 -1.182070E-05
200302  2.090129E-06 -8.378366E-06
200303  2.193369E-06 -2.706390E-06
200304  1.494682E-06  4.111947E-06
200305  6.180456E-08  1.024176E-05
200306 -1.693946E-06  1.354691E-05
200307 -3.078097E-06  1.239213E-05
200308 -3.364780E-06  6.532489E-06
200309 -2.175204E-06 -2.359429E-06
200310  2.040469E-07 -1.096427E-05
200311  2.794158E-06 -1.551188E-05
200312  4.310235E-06 -1.351136E-05
200313  3.833580E-06 -5.178359E-06
200314  1.399081E-06  6.308092E-06
200315 -1.910901E-06  1.605686E-05
200316 -4.507387E-06  1.970285E-05
200317 -5.177928E-06  1.545757E-05
200318 -3.743848E-06  4.834536E-06
200319 -1.058972E-06 -8.316765E-06
200320  1.607766E-06 -1.982398E-05
200321  3.328701E-06 -2.705148E-05
200322  3.900626E-06 -2.966214E-05
200323  3.706145E-06 -2.914092E-05
200324  3.307658E-06 -2.764853E-05
200325  3.119689E-06 -2.692293E-05
200326  3.285871E-06 -2.761506E-05
200327  3.664951E-06 -2.908292E-05
200328  3.845801E-06 -2.959462E-05
200329  3.269716E-06 -2.699084E-05
200330  1.555668E-06 -1.978320E-05
200331 -1.095788E-06 -8.301994E-06
200332 -3.763527E-06  4.825174E-06
200333 -5.185882E-06  1.543265E-05
200334 -4.512997E-06  1.967446E-05
200335 -1.922124E-06  1.603651E-05
200336  1.379869E-06  6.303075E-06
200337  3.810183E-06 -5.166926E-06
200338  4.289887E-06 -1.348813E-05
200339  2.783780E-06 -1.548471E-05
200340  2.080344E-07 -1.094074E-05
200341 -2.154763E-06 -2.343974E-06
200342 -3.326525E-06  6.539447E-06
200343 -3.020396E-06  1.239277E-05
200344 -1.615703E-06  1.354326E-05
200345  1.589457E-07  1.023318E-05
200346  1.604332E-06  4.094362E-06
200347  2.304225E-06 -2.739217E-06
200348  2.188189E-06 -8.432194E-06
200349  1.446450E-06 -1.189826E-05
200350  3.859187E-07 -1.286490E-05
200351 -6.968724E-07 -1.167372E-05
200352 -1.590214E-06 -8.986318E-06
200353 -2.188266E-06 -5.528174E-06
200354 -2.475235E-06 -1.929815E-06
200355 -2.492750E-06  1.341426E-06
200356 -2.308100E-06  3.996132E-06
200357 -1.994777E-06  5.915838E-06
200358 -1.627118E-06  7.133443E-06
200359 -1.281005E-06  7.793489E-06
200360 -1.029440E-06  8.087163E-06
200361  1.831204E-06  8.389707E-06
200362  1.784230E-06  8.686568E-06
200363  1.622320E-06  9.468150E-06
200364  1.370054E-06  1.048072E-05
200365  1.030683E-06  1.140515E-05
200366  5.758541E-07  1.194021E-05
200367 -2.303020E-08  1.183054E-05
200368 -7.437658E-07  1.084162E-05
200369 -1.481683E-06  8.742501E-06
200370 -2.058117E-06  5.372939E-06
200371 -2.262828E-06  8.184614E-07
200372 -1.919112E-06 -4.379149E-06
200373 -9.710152E-07 -9.124526E-06
200374  4.174930E-07 -1.193491E-05
200375  1.805993E-06 -1.143215E-05
200376  2.556618E-06 -7.060869E-06
200377  2.105948E-06  2.611983E-07
200378  3.565162E-07  7.994447E-06
200379 -2.042114E-06  1.270076E-05
200380 -3.804597E-06  1.162384E-05
200381 -3.635551E-06  4.482879E-06
200382 -1.136335E-06 -5.651370E-06
200383  2.595051E-06 -1.336505E-05
200384  5.287520E-06 -1.374412E-05
200385  4.845800E-06 -5.609078E-06
200386  9.706837E-07  7.043478E-06
200387 -4.220876E-06  1.681684E-05
200388 -7.357693E-06  1.724484E-05
200389 -6.153912E-06  6.988181E-06
200390 -1.149862E-06 -9.060856E-06
200391  4.649561E-06 -2.270158E-05
200392  8.015578E-06 -2.738148E-05
200393  7.729125E-06 -2.171669E-05
200394  4.983564E-06 -9.384251E-06
200395  1.917519E-06  3.871128E-06
200396 -7.063922E-08  1.338624E-05
200397 -7.070769E-07  1.677842E-05
200398 -7.768024E-08  1.341866E-05
200399  1.897306E-06  3.928257E-06
200400  4.945826E-06 -9.315292E-06
200401  7.679314E-06 -2.165007E-05
200402  7.968766E-06 -2.732911E-05
200403  4.621081E-06 -2.267067E-05
200404 -1.155466E-06 -9.052721E-06
200405 -6.146158E-06  6.977997E-06
200406 -7.352584E-06  1.722501E-05
200407 -4.228376E-06  1.679719E-05
200408  9.542669E-07  7.031288E-06
200409  4.834929E-06 -5.611916E-06
200410  5.296877E-06 -1.374145E-05
200411  2.629730E-06 -1.336396E-05
200412 -1.082865E-06 -5.658137E-06
200413 -3.575186E-06  4.466160E-06
200414 -3.745610E-06  1.159979E-05
200415 -1.984297E-06  1.267403E-05
200416  4.195248E-07  7.967408E-06
200417  2.179431E-06  2.309392E-07
200418  2.638085E-06 -7.102140E-06
200419  1.883564E-06 -1.149325E-05
200420  4.742553E-07 -1.202067E-05
200421 -9.495525E-07 -9.232525E-06
200422 -1.938935E-06 -4.500037E-06
200423 -2.319862E-06  6.976098E-07
200424 -2.141404E-06  5.264089E-06
200425 -1.578814E-06  8.653106E-06
200426 -8.453170E-07  1.077328E-05
200427 -1.239157E-07  1.178000E-05
200428  4.780783E-07  1.190194E-05
200429  9.388609E-07  1.137429E-05
200430  1.289652E-06  1.045512E-05
200431  1.561391E-06  9.448699E-06
200432  1.751102E-06  8.675816E-06
200433  1.955740E-06 -5.622723E-06
200434  2.000899E-06 -5.264192E-06
200435  2.123352E-06 -4.262117E-06
200436  2.355889E-06 -2.761924E-06
200437  2.650013E-06 -8.829912E-07
200438  2.848834E-06  1.354246E-06
200439  2.761163E-06  3.977459E-06
200440  2.267828E-06  6.877750E-06
200441  1.369230E-06  9.606541E-06
200442  1.677108E-07  1.133507E-05
200443 -1.141935E-06  1.108721E-05
200444 -2.237653E-06  8.193714E-06
200445 -2.674723E-06  2.783137E-06
200446 -2.056265E-06 -3.915577E-06
200447 -3.618172E-07 -9.672656E-06
200448  1.788192E-06 -1.192966E-05
200449  3.233061E-06 -9.027996E-06
200450  2.859278E-06 -1.545152E-06
200451  4.392625E-07  7.183398E-06
200452 -2.834755E-06  1.224747E-05
200453 -4.717361E-06  9.998027E-06
200454 -3.331895E-06  9.955472E-07
200455  1.080500E-06 -9.300383E-06
200456  5.570259E-06 -1.348950E-05
200457  6.194882E-06 -7.556870E-06
200458  1.361947E-06  5.222227E-06
200459 -5.942595E-06  1.549802E-05
200460 -9.724069E-06  1.437730E-05
200461 -5.904765E-06  7.903208E-07
200462  3.559028E-06 -1.648741E-05
200463  1.168364E-05 -2.466083E-05
200464  1.231173E-05 -1.641336E-05
200465  5.427140E-06  4.799563E-06
200466 -3.340849E-06  2.818101E-05
200467 -8.422665E-06  4.439410E-05
200468 -9.135136E-06  5.151274E-05
200469 -8.690639E-06  5.309436E-05
200470 -9.118873E-06  5.151764E-05
200471 -8.410492E-06  4.440565E-05
200472 -3.353046E-06  2.820230E-05
200473  5.391732E-06  4.833225E-06
200474  1.227743E-05 -1.636800E-05
200475  1.167770E-05 -2.460963E-05
200476  3.587497E-06 -1.643999E-05
200477 -5.863176E-06  8.247657E-07
200478 -9.700493E-06  1.439422E-05
200479 -5.951980E-06  1.549866E-05
200480  1.333334E-06  5.211345E-06
200481  6.178655E-06 -7.574604E-06
200482  5.591646E-06 -1.351165E-05
200483  1.140407E-06 -9.326242E-06
200484 -3.255531E-06  9.671407E-07
200485 -4.652008E-06  9.970418E-06
200486 -2.794167E-06  1.222554E-05
200487  4.620698E-07  7.170273E-06
200488  2.883801E-06 -1.552131E-06
200489  3.275515E-06 -9.038770E-06
200490  1.849500E-06 -1.195828E-05
200491 -2.971384E-07 -9.730498E-06
200492 -2.011051E-06 -4.005040E-06
200493 -2.666646E-06  2.670529E-06
200494 -2.271003E-06  8.073863E-06
200495 -1.207710E-06  1.097719E-05
200496  8.490162E-08  1.124756E-05
200497  1.282663E-06  9.546940E-06
200498  2.183628E-06  6.844022E-06
200499  2.678694E-06  3.961975E-06
200500  2.765066E-06  1.347111E-06
200501  2.564745E-06 -8.899623E-07
200502  2.274937E-06 -2.772107E-06
200503  2.058059E-06 -4.273519E-06
200504  1.964028E-06 -5.271866E-06
200505 -8.539062E-07 -1.067984E-05
200506 -8.001069E-07 -1.067675E-05
200507 -6.127776E-07 -1.069434E-05
200508 -1.558341E-07 -1.074080E-05
200509  5.803763E-07 -1.070654E-05
200510  1.421599E-06 -1.025978E-05
200511  2.141544E-06 -8.876766E-06
200512  2.611689E-06 -6.088479E-06
200513  2.779686E-06 -1.842568E-06
200514  2.522017E-06  3.261541E-06
200515  1.624039E-06  8.029455E-06
200516  3.300484E-08  1.097939E-05
200517 -1.818846E-06  1.078519E-05
200518 -3.017763E-06  6.844868E-06
200519 -2.668212E-06 -5.193230E-08
200520 -6.057624E-07 -7.343898E-06
200521  2.205411E-06 -1.133308E-05
200522  3.976636E-06 -9.172742E-06
200523  3.121991E-06 -1.291463E-06
200524 -4.117189E-07  7.769159E-06
200525 -4.429105E-06  1.165510E-05
200526 -5.475544E-06  6.848557E-06
200527 -1.660046E-06 -3.712442E-06
200528  4.676675E-06 -1.171518E-05
200529  7.681165E-06 -9.729833E-06
200530  3.080405E-06  1.731550E-06
200531 -6.384475E-06  1.296884E-05
200532 -1.163359E-05  1.256119E-05
200533 -5.567881E-06 -1.576759E-06
200534  8.369476E-06 -1.790996E-05
200535  1.745071E-05 -1.982335E-05
200536  1.161213E-05 -9.579851E-07
200537 -5.613649E-06  2.719039E-05
200538 -1.975866E-05  4.441092E-05
200539 -2.009052E-05  4.032264E-05
200540 -1.063495E-05  2.420753E-05
200541 -5.012287E-06  1.554107E-05
200542 -1.061991E-05  2.417370E-05
200543 -2.009014E-05  4.026945E-05
200544 -1.979960E-05  4.436243E-05
200545 -5.686839E-06  2.717038E-05
200546  1.155051E-05 -9.374612E-07
200547  1.744339E-05 -1.976799E-05
200548  8.419892E-06 -1.783915E-05
200549 -5.500632E-06 -1.512512E-06
200550 -1.160142E-05  1.260425E-05
200551 -6.407907E-06  1.298653E-05
200552  3.027294E-06  1.726980E-06
200553  7.647498E-06 -9.750505E-06
200554  4.695114E-06 -1.174474E-05
200555 -1.596172E-06 -3.742781E-06
200556 -5.402525E-06  6.825967E-06
200557 -4.382437E-06  1.164733E-05
200558 -4.007616E-07  7.779226E-06
200559  3.116816E-06 -1.266949E-06
200560  3.986117E-06 -9.144629E-06
200561  2.248977E-06 -1.131778E-05
200562 -5.320544E-07 -7.357635E-06
200563 -2.587846E-06 -1.032956E-07
200564 -2.959389E-06  6.759222E-06
200565 -1.801577E-06  1.067843E-05
200566  6.297239E-09  1.086789E-05
200567  1.563341E-06  7.926868E-06
200568  2.441092E-06  3.176854E-06
200569  2.688250E-06 -1.904399E-06
200570  2.513134E-06 -6.126508E-06
200571  2.035587E-06 -8.895094E-06
200572  1.308513E-06 -1.026709E-05
200573  4.643253E-07 -1.071235E-05
200574 -2.650075E-07 -1.075039E-05
200575 -7.000436E-07 -1.070627E-05
200576 -8.491753E-07 -1.068521E-05
200577 -2.592998E-06 -1.231211E-06
200578 -2.660038E-06 -1.532963E-06
200579 -2.777229E-06 -2.425810E-06
200580 -2.669173E-06 -3.900189E-06
200581 -2.226686E-06 -5.899287E-06
200582 -1.579695E-06 -8.171945E-06
200583 -8.628107E-07 -1.015289E-05
200584  4.000900E-09 -1.107285E-05
200585  1.175098E-06 -1.027617E-05
200586  2.476602E-06 -7.488105E-06
200587  3.244785E-06 -2.895274E-06
200588  2.741610E-06  2.775410E-06
200589  8.557846E-07  8.037950E-06
200590 -1.579187E-06  1.067875E-05
200591 -3.186029E-06  8.699077E-06
200592 -2.862485E-06  2.074223E-06
200593 -5.032016E-07 -6.080745E-06
200594  2.660640E-06 -1.064859E-05
200595  4.351580E-06 -8.003193E-06
200596  2.578500E-06  5.670396E-07
200597 -2.232925E-06  8.781355E-06
200598 -6.252502E-06  9.750811E-06
200599 -4.805292E-06  2.022900E-06
200600  2.349837E-06 -7.989348E-06
200601  8.590779E-06 -1.065217E-05
200602  5.907765E-06 -2.271426E-06
200603 -5.217158E-06  9.561702E-06
200604 -1.313123E-05  1.167079E-05
200605 -6.262860E-06 -7.991276E-07
200606  1.162519E-05 -1.600200E-05
200607  2.121847E-05 -1.456610E-05
200608  7.393096E-06  9.013072E-06
200609 -2.113893E-05  3.479045E-05
200610 -3.706746E-05  3.224604E-05
200611 -2.291632E-05 -8.842795E-06
200612  8.038536E-06 -6.285585E-05
200613  2.390985E-05 -8.769589E-05
200614  8.022784E-06 -6.290920E-05
200615 -2.297314E-05 -8.927314E-06
200616 -3.718010E-05  3.216606E-05
200617 -2.127929E-05  3.474751E-05
200618  7.286939E-06  9.019385E-06
200619  2.119509E-05 -1.452356E-05
200620  1.167736E-05 -1.594959E-05
200621 -6.194999E-06 -7.579596E-07
200622 -1.311195E-05  1.169457E-05
200623 -5.264285E-06  9.572464E-06
200624  5.832695E-06 -2.268856E-06
200625  8.545804E-06 -1.065667E-05
200626  2.364542E-06 -7.999461E-06
200627 -4.748325E-06  2.013857E-06
200628 -6.196126E-06  9.753161E-06
200629 -2.207702E-06  8.802187E-06
200630  2.575670E-06  6.046299E-07
200631  4.349263E-06 -7.959607E-06
200632  2.687624E-06 -1.061503E-05
200633 -4.384139E-07 -6.073007E-06
200634 -2.775069E-06  2.046642E-06
200635 -3.103749E-06  8.637566E-06
200636 -1.527388E-06  1.059466E-05
200637  8.637973E-07  7.945485E-06
200638  2.705146E-06  2.684110E-06
200639  3.169658E-06 -2.981284E-06
200640  2.368501E-06 -7.564200E-06
200641  1.037924E-06 -1.033270E-05
200642 -1.568469E-07 -1.109888E-05
200643 -1.037396E-06 -1.014525E-05
200644 -1.754994E-06 -8.139953E-06
200645 -2.390417E-06 -5.859823E-06
200646 -2.810599E-06 -3.867741E-06
200647 -2.884301E-06 -2.406231E-06
200648 -2.718767E-06 -1.524734E-06
200649 -1.303086E-06  9.117925E-06
200650 -1.507899E-06  8.861769E-06
200651 -1.984666E-06  8.166199E-06
200652 -2.376240E-06  7.018347E-06
200653 -2.548795E-06  5.247575E-06
200654 -2.660387E-06  2.660493E-06
200655 -2.795784E-06 -6.722197E-07
200656 -2.630001E-06 -4.318923E-06
200657 -1.634190E-06 -7.639488E-06
200658  2.795833E-07 -9.870365E-06
200659  2.381586E-06 -1.003044E-05
200660  3.529740E-06 -7.127303E-06
200661  3.017991E-06 -1.109957E-06
200662  1.051226E-06  6.032347E-06
200663 -1.448133E-06  1.051938E-05
200664 -3.239886E-06  9.099251E-06
200665 -3.083299E-06  1.991795E-06
200666 -4.410128E-07 -6.304473E-06
200667  3.317863E-06 -9.776094E-06
200668  4.794681E-06 -5.578275E-06
200669  1.336505E-06  3.097303E-06
200670 -4.929781E-06  8.867708E-06
200671 -7.227653E-06  6.185147E-06
200672 -1.130513E-06 -2.950053E-06
200673  8.126376E-06 -9.468506E-06
200674  8.931993E-06 -5.629788E-06
200675 -2.592711E-06  5.488728E-06
200676 -1.394890E-05  1.085382E-05
200677 -8.279273E-06  1.719851E-06
200678  1.256147E-05 -1.271313E-05
200679  2.352673E-05 -1.156083E-05
200680  3.406078E-06  1.192732E-05
200681 -3.449810E-05  3.265499E-05
200682 -4.880019E-05  1.108815E-05
200683 -1.427289E-05 -6.423948E-05
200684  4.459350E-05 -1.536041E-04
200685  7.356234E-05 -1.936414E-04
200686  4.454493E-05 -1.536456E-04
200687 -1.437797E-05 -6.429986E-05
200688 -4.895309E-05  1.104259E-05
200689 -3.465634E-05  3.264762E-05
200690  3.301351E-06  1.195321E-05
200691  2.350771E-05 -1.153159E-05
200692  1.260444E-05 -1.270998E-05
200693 -8.238328E-06  1.692889E-06
200694 -1.396344E-05  1.081921E-05
200695 -2.663672E-06  5.473177E-06
200696  8.852211E-06 -5.617906E-06
200697  8.089706E-06 -9.441405E-06
200698 -1.110095E-06 -2.923868E-06
200699 -7.178355E-06  6.206277E-06
200700 -4.890374E-06  8.891167E-06
200701  1.350876E-06  3.129076E-06
200702  4.799685E-06 -5.543187E-06
200703  3.339676E-06 -9.751628E-06
200704 -3.904169E-07 -6.304963E-06
200705 -3.014183E-06  1.958921E-06
200706 -3.174667E-06  9.037283E-06
200707 -1.406543E-06  1.044199E-05
200708  1.059634E-06  5.957022E-06
200709  2.991911E-06 -1.172488E-06
200710  3.469627E-06 -7.178320E-06
200711  2.284532E-06 -1.007585E-05
200712  1.399538E-07 -9.906429E-06
200713 -1.817478E-06 -7.647256E-06
200714 -2.845043E-06 -4.276154E-06
200715 -3.017536E-06 -5.727850E-07
200716 -2.862085E-06  2.798652E-06
200717 -2.715366E-06  5.392757E-06
200718 -2.505936E-06  7.142126E-06
200719 -2.078004E-06  8.252533E-06
200720 -1.558691E-06  8.905275E-06
200721  1.371992E-06  9.914043E-06
200722  1.121578E-06  9.899331E-06
200723  5.393344E-07  1.001826E-05
200724 -2.208577E-08  1.031833E-05
200725 -4.938242E-07  1.050691E-05
200726 -1.154319E-06  1.002050E-05
200727 -2.172085E-06  8.394746E-06
200728 -3.150072E-06  5.461338E-06
200729 -3.292078E-06  1.269559E-06
200730 -2.132119E-06 -3.802861E-06
200731 -5.282513E-08 -8.549277E-06
200732  1.992163E-06 -1.078581E-05
200733  3.171740E-06 -8.488920E-06
200734  3.051107E-06 -1.813473E-06
200735  1.419423E-06  5.947935E-06
200736 -1.454109E-06  1.001940E-05
200737 -4.011062E-06  7.582856E-06
200738 -3.672172E-06  2.298583E-07
200739  5.397456E-07 -6.767018E-06
200740  5.313033E-06 -8.099787E-06
200741  4.938424E-06 -2.604252E-06
200742 -1.896907E-06  5.099939E-06
200743 -8.115832E-06  7.701585E-06
200744 -4.891518E-06  2.008561E-06
200745  6.067923E-06 -6.402446E-06
200746  1.109052E-05 -7.551157E-06
200747  8.769453E-07  1.203208E-06
200748 -1.364478E-05  9.371222E-06
200749 -1.095374E-05  4.587317E-06
200750  1.123619E-05 -8.966755E-06
200751  2.473762E-05 -1.058694E-05
200752  2.174574E-06  1.002686E-05
200753 -4.134209E-05  2.801434E-05
200754 -5.309473E-05 -1.499088E-06
200755 -3.899398E-07 -9.344881E-05
200756  8.322722E-05 -2.017640E-04
200757  1.238575E-04 -2.503123E-04
200758  8.317129E-05 -2.017768E-04
200759 -4.880984E-07 -9.345432E-05
200760 -5.320581E-05 -1.471663E-06
200761 -4.142802E-05  2.807981E-05
200762  2.141055E-06  1.009901E-05
200763  2.475277E-05 -1.055964E-05
200764  1.126341E-05 -9.014271E-06
200765 -1.095977E-05  4.485598E-06
200766 -1.370268E-05  9.273540E-06
200767  7.919592E-07  1.161549E-06
200768  1.102678E-05 -7.526527E-06
200769  6.057138E-06 -6.341274E-06
200770 -4.857537E-06  2.068276E-06
200771 -8.071391E-06  7.742327E-06
200772 -1.868160E-06  5.125883E-06
200773  4.954013E-06 -2.586313E-06
200774  5.336455E-06 -8.094160E-06
200775  5.838382E-07 -6.785219E-06
200776 -3.617798E-06  1.806354E-07
200777 -3.970979E-06  7.506331E-06
200778 -1.446444E-06  9.930376E-06
200779  1.394268E-06  5.867967E-06
200780  3.004604E-06 -1.865808E-06
200781  3.113279E-06 -8.509200E-06
200782  1.919704E-06 -1.078499E-05
200783 -1.522010E-07 -8.538980E-06
200784 -2.273093E-06 -3.776079E-06
200785 -3.477384E-06  1.341242E-06
200786 -3.360447E-06  5.606252E-06
200787 -2.370930E-06  8.613861E-06
200788 -1.308734E-06  1.028136E-05
200789 -5.954850E-07  1.076307E-05
200790 -8.661569E-08  1.053232E-05
200791  4.945182E-07  1.016901E-05
200792  1.095139E-06  9.976860E-06
200793  3.227737E-06  2.911554E-06
200794  3.030823E-06  3.063299E-06
200795  2.610561E-06  3.764669E-06
200796  2.259108E-06  5.197608E-06
200797  1.957330E-06  7.149608E-06
200798  1.305814E-06  9.020774E-06
200799 -1.662287E-08  1.018486E-05
200800 -1.744552E-06  1.013369E-05
200801 -3.083033E-06  8.298210E-06
200802 -3.335575E-06  4.184702E-06
200803 -2.405888E-06 -1.783639E-06
200804 -6.423936E-07 -7.527011E-06
200805  1.544585E-06 -9.993279E-06
200806  3.501049E-06 -7.318165E-06
200807  3.891211E-06 -6.848146E-07
200808  1.419360E-06  5.999782E-06
200809 -3.059888E-06  8.566102E-06
200810 -5.663670E-06  5.354499E-06
200811 -2.688232E-06 -1.478887E-06
200812  4.132272E-06 -6.902311E-06
200813  7.318122E-06 -6.275619E-06
200814  1.684276E-06  3.396592E-07
200815 -7.350059E-06  6.712289E-06
200816 -7.879500E-06  5.606914E-06
200817  2.965387E-06 -2.498785E-06
200818  1.174338E-05 -7.844532E-06
200819  4.316866E-06 -2.591529E-06
200820 -1.203926E-05  7.097653E-06
200821 -1.320187E-05  6.779400E-06
200822  8.322830E-06 -5.247461E-06
200823  2.463765E-05 -1.038426E-05
200824  3.651188E-06  5.902846E-06
200825 -4.116024E-05  2.365656E-05
200826 -5.153764E-05 -2.392911E-06
200827  1.066219E-05 -9.138571E-05
200828  1.079201E-04 -1.993241E-04
200829  1.551391E-04 -2.482670E-04
200830  1.078862E-04 -1.993126E-04
200831  1.062434E-05 -9.134291E-05
200832 -5.154216E-05 -2.298748E-06
200833 -4.111647E-05  2.379127E-05
200834  3.722671E-06  6.022728E-06
200835  2.469402E-05 -1.034930E-05
200836  8.326618E-06 -5.326278E-06
200837 -1.325997E-05  6.628916E-06
200838 -1.213374E-05  6.961332E-06
200839  4.232698E-06 -2.645011E-06
200840  1.170831E-05 -7.806591E-06
200841  2.984868E-06 -2.414159E-06
200842 -7.832711E-06  5.683735E-06
200843 -7.308938E-06  6.754949E-06
200844  1.709107E-06  3.517623E-07
200845  7.341431E-06 -6.284455E-06
200846  4.171370E-06 -6.932896E-06
200847 -2.637763E-06 -1.537123E-06
200848 -5.628937E-06  5.269851E-06
200849 -3.068072E-06  8.467246E-06
200850  1.364161E-06  5.906790E-06
200851  3.809912E-06 -7.496173E-07
200852  3.420686E-06 -7.339754E-06
200853  1.477658E-06 -9.973444E-06
200854 -7.039574E-07 -7.481865E-06
200855 -2.482082E-06 -1.725153E-06
200856 -3.443809E-06  4.268270E-06
200857 -3.223985E-06  8.440390E-06
200858 -1.894468E-06  1.036138E-05
200859 -1.358732E-07  1.048858E-05
200860  1.246801E-06  9.354982E-06
200861  1.954391E-06  7.461447E-06
200862  2.278838E-06  5.451594E-06
200863  2.622291E-06  3.943205E-06
200864  3.030868E-06  3.155956E-06
200865  3.568322E-06 -5.032750E-06
200866  3.469871E-06 -4.882314E-06
200867  3.319910E-06 -4.150840E-06
200868  3.331679E-06 -2.542743E-06
200869  3.429640E-06 -8.909151E-08
200870  3.171834E-06  2.842355E-06
200871  2.123252E-06  5.846184E-06
200872  3.222787E-07  8.488962E-06
200873 -1.664365E-06  9.942669E-06
200874 -3.154346E-06  8.981615E-06
200875 -3.700845E-06  4.907996E-06
200876 -2.988053E-06 -1.259982E-06
200877 -7.428227E-07 -6.746374E-06
200878  2.611122E-06 -8.596318E-06
200879  5.105279E-06 -5.689919E-06
200880  4.035280E-06  3.882310E-07
200881 -1.022496E-06  6.065801E-06
200882 -6.013148E-06  7.587569E-06
200883 -5.202223E-06  3.435365E-06
200884  1.969080E-06 -3.637135E-06
200885  7.976080E-06 -7.449362E-06
200886  4.659897E-06 -3.694341E-06
200887 -5.426852E-06  4.292932E-06
200888 -9.416941E-06  7.340611E-06
200889 -2.522481E-07  1.057181E-06
200890  1.089293E-05 -6.892686E-06
200891  6.934575E-06 -5.272424E-06
200892 -9.443141E-06  4.481427E-06
200893 -1.420129E-05  7.821484E-06
200894  4.811050E-06 -1.997084E-06
200895  2.298180E-05 -9.917238E-06
200896  6.223767E-06  1.572586E-06
200897 -3.600542E-05  1.949967E-05
200898 -4.643946E-05  2.638063E-06
200899  1.511446E-05 -7.094919E-05
200900  1.125570E-04 -1.647784E-04
200901  1.600997E-04 -2.080699E-04
200902  1.125588E-04 -1.647560E-04
200903  1.515419E-05 -7.088246E-05
200904 -4.632985E-05  2.768483E-06
200905 -3.584088E-05  1.967429E-05
200906  6.379801E-06  1.721599E-06
200907  2.306091E-05 -9.873690E-06
200908  4.787255E-06 -2.084724E-06
200909 -1.429924E-05  7.657420E-06
200910 -9.555070E-06  4.338350E-06
200911  6.864192E-06 -5.322467E-06
200912  1.088667E-05 -6.845571E-06
200913 -2.111639E-07  1.149036E-06
200914 -9.365061E-06  7.416689E-06
200915 -5.389601E-06  4.325122E-06
200916  4.684734E-06 -3.700720E-06
200917  8.007155E-06 -7.481857E-06
200918  2.014573E-06 -3.693010E-06
200919 -5.160419E-06  3.355663E-06
200920 -6.007992E-06  7.491564E-06
200921 -1.073652E-06  5.969305E-06
200922  3.939691E-06  3.103796E-07
200923  5.000375E-06 -5.731112E-06
200924  2.528700E-06 -8.591277E-06
200925 -7.948153E-07 -6.700961E-06
200926 -3.024400E-06 -1.190755E-06
200927 -3.743348E-06  4.992075E-06
200928 -3.216872E-06  9.095482E-06
200929 -1.743581E-06  1.011911E-05
200930  2.502599E-07  8.748173E-06
200931  2.093288E-06  6.168709E-06
200932  3.204722E-06  3.176760E-06
200933  3.509907E-06  2.083885E-07
200934  3.415025E-06 -2.306788E-06
200935  3.370277E-06 -3.985298E-06
200936  3.486402E-06 -4.795527E-06
200937  2.875639E-06 -9.683838E-06
200938  2.873318E-06 -9.632974E-06
200939  2.970903E-06 -9.226679E-06
200940  3.304481E-06 -8.142805E-06
200941  3.780251E-06 -6.255462E-06
200942  3.998226E-06 -3.620305E-06
200943  3.497536E-06 -2.614793E-07
200944  2.107776E-06  3.699965E-06
200945  7.426499E-08  7.532462E-06
200946 -2.115892E-06  9.713761E-06
200947 -3.872422E-06  8.706836E-06
200948 -4.384346E-06  4.267791E-06
200949 -2.737591E-06 -1.905560E-06
200950  1.096383E-06 -6.857590E-06
200951  5.060340E-06 -7.912845E-06
200952  5.627848E-06 -4.196767E-06
200953  1.119993E-06  2.390073E-06
200954 -5.117553E-06  7.436732E-06
200955 -6.488313E-06  6.587956E-06
200956 -3.088741E-07 -1.993627E-07
200957  7.188357E-06 -6.864310E-06
200958  6.420271E-06 -6.167671E-06
200959 -3.087715E-06  1.706721E-06
200960 -9.448038E-06  7.512082E-06
200961 -2.808522E-06  3.504821E-06
200962  9.018496E-06 -5.378800E-06
200963  8.310217E-06 -6.611330E-06
200964 -6.489134E-06  2.154102E-06
200965 -1.373225E-05  7.770794E-06
200966  1.628056E-06  3.935955E-07
200967  1.995085E-05 -8.851775E-06
200968  8.254461E-06 -1.699793E-06
200969 -2.857212E-05  1.530010E-05
200970 -3.944621E-05  7.621958E-06
200971  1.402466E-05 -4.687149E-05
200972  1.008656E-04 -1.208511E-04
200973  1.435452E-04 -1.556666E-04
200974  1.008982E-04 -1.208283E-04
200975  1.412233E-05 -4.680201E-05
200976 -3.926431E-05  7.758460E-06
200977 -2.834383E-05  1.548171E-05
200978  8.443490E-06 -1.546328E-06
200979  2.002701E-05 -8.805408E-06
200980  1.582185E-06  3.125196E-07
200981 -1.384609E-05  7.620236E-06
200982 -6.596463E-06  2.027562E-06
200983  8.259998E-06 -6.649626E-06
200984  9.031880E-06 -5.329624E-06
200985 -2.760235E-06  3.589763E-06
200986 -9.400240E-06  7.576092E-06
200987 -3.055858E-06  1.725288E-06
200988  6.445643E-06 -6.187170E-06
200989  7.223236E-06 -6.908278E-06
200990 -2.657095E-07 -2.632123E-07
200991 -6.461463E-06  6.507034E-06
200992 -5.136595E-06  7.348984E-06
200993  1.046639E-06  2.310705E-06
200994  5.522900E-06 -4.252784E-06
200995  4.962628E-06 -7.933112E-06
200996  1.033399E-06 -6.837228E-06
200997 -2.765629E-06 -1.852011E-06
200998 -4.396443E-06  4.340378E-06
200999 -3.887500E-06  8.793247E-06
201000 -2.141207E-06  9.829280E-06
201001  4.554593E-08  7.704726E-06
201002  2.096147E-06  3.941150E-06
201003  3.529228E-06  2.385665E-08
201004  4.084999E-06 -3.339696E-06
201005  3.901019E-06 -6.017497E-06
201006  3.413391E-06 -7.958942E-06
201007  3.033759E-06 -9.097476E-06
201008  2.893882E-06 -9.564342E-06
201009  1.833062E-06 -1.081132E-05
201010  1.907083E-06 -1.086118E-05
201011  2.189152E-06 -1.082724E-05
201012  2.745302E-06 -1.044753E-05
201013  3.480847E-06 -9.513840E-06
201014  4.082289E-06 -7.816630E-06
201015  4.136686E-06 -5.035121E-06
201016  3.335220E-06 -9.745885E-07
201017  1.616622E-06  3.875886E-06
201018 -7.992961E-07  8.059913E-06
201019 -3.331257E-06  9.681330E-06
201020 -4.875242E-06  7.551152E-06
201021 -4.058838E-06  2.159784E-06
201022 -4.139724E-07 -4.168223E-06
201023  4.236833E-06 -8.074689E-06
201024  6.138791E-06 -6.863774E-06
201025  2.749947E-06 -7.096945E-07
201026 -3.656514E-06  6.201880E-06
201027 -6.647318E-06  7.922625E-06
201028 -2.109214E-06  2.242795E-06
201029  5.607456E-06 -5.622138E-06
201030  6.949036E-06 -7.118984E-06
201031 -9.586357E-07 -1.793719E-07
201032 -8.381449E-06  6.827903E-06
201033 -4.348935E-06  4.664922E-06
201034  6.743926E-06 -3.953857E-06
201035  8.450938E-06 -6.808312E-06
201036 -3.793377E-06  5.667775E-07
201037 -1.207723E-05  7.019060E-06
201038 -6.448929E-07  1.744624E-06
201039  1.608835E-05 -7.421709E-06
201040  8.880546E-06 -3.470314E-06
201041 -2.094797E-05  1.138946E-05
201042 -3.148844E-05  9.970850E-06
201043  1.043712E-05 -2.761586E-05
201044  8.048112E-05 -8.214583E-05
201045  1.151327E-04 -1.082935E-04
201046  8.052879E-05 -8.212709E-05
201047  1.055482E-05 -2.755545E-05
201048 -3.129486E-05  1.009240E-05
201049 -2.072435E-05  1.155177E-05
201050  9.051299E-06 -3.333896E-06
201051  1.614479E-05 -7.379800E-06
201052 -6.983311E-07  1.678213E-06
201053 -1.218099E-05  6.897197E-06
201054 -3.879259E-06  4.678692E-07
201055  8.420385E-06 -6.833996E-06
201056  6.764668E-06 -3.910044E-06
201057 -4.306389E-06  4.734176E-06
201058 -8.344407E-06  6.875985E-06
201059 -9.337547E-07 -1.712753E-07
201060  6.972975E-06 -7.142693E-06
201061  5.640958E-06 -5.664818E-06
201062 -2.073506E-06  2.185914E-06
201063 -6.633650E-06  7.855083E-06
201064 -3.686455E-06  6.133118E-06
201065  2.677205E-06 -7.677855E-07
201066  6.048766E-06 -6.900812E-06
201067  4.163299E-06 -8.082440E-06
201068 -4.519529E-07 -4.144404E-06
201069 -4.067184E-06  2.208018E-06
201070 -4.873116E-06  7.612929E-06
201071 -3.332217E-06  9.754268E-06
201072 -8.045446E-07  8.157138E-06
201073  1.615246E-06  4.017878E-06
201074  3.353044E-06 -7.821204E-07
201075  4.191244E-06 -4.816440E-06
201076  4.179055E-06 -7.611705E-06
201077  3.599382E-06 -9.347854E-06
201078  2.846017E-06 -1.032209E-05
201079  2.244247E-06 -1.073852E-05
201080  1.923445E-06 -1.081342E-05
201081  8.763999E-07 -1.005933E-05
201082  1.009913E-06 -1.015964E-05
201083  1.429576E-06 -1.036640E-05
201084  2.135939E-06 -1.052777E-05
201085  3.028716E-06 -1.041320E-05
201086  3.883522E-06 -9.625127E-06
201087  4.372567E-06 -7.611351E-06
201088  4.118953E-06 -3.988023E-06
201089  2.815916E-06  9.524750E-07
201090  4.230471E-07  5.966557E-06
201091 -2.548603E-06  9.161379E-06
201092 -4.828510E-06  8.848239E-06
201093 -4.761805E-06  4.595294E-06
201094 -1.583912E-06 -1.999211E-06
201095  3.177540E-06 -7.425577E-06
201096  5.910402E-06 -7.933213E-06
201097  3.687966E-06 -2.521475E-06
201098 -2.201691E-06  5.005583E-06
201099 -6.080140E-06  8.061484E-06
201100 -3.211231E-06  3.358070E-06
201101  3.861491E-06 -4.583261E-06
201102  6.570813E-06 -7.038315E-06
201103  6.122520E-07 -1.033716E-06
201104 -6.766662E-06  5.974001E-06
201105 -4.897296E-06  4.762268E-06
201106  4.569573E-06 -3.037480E-06
201107  7.635634E-06 -6.293757E-06
201108 -1.726883E-06 -1.333852E-07
201109 -9.711027E-06  6.042760E-06
201110 -1.837865E-06  2.137491E-06
201111  1.196806E-05 -6.066931E-06
201112  8.009281E-06 -3.953550E-06
201113 -1.420136E-05  8.257725E-06
201114 -2.305775E-05  9.862524E-06
201115  6.823710E-06 -1.531707E-05
201116  5.764645E-05 -5.396625E-05
201117  8.283456E-05 -7.275137E-05
201118  5.769179E-05 -5.395295E-05
201119  6.924546E-06 -1.527258E-05
201120 -2.290516E-05  9.953789E-06
201121 -1.403556E-05  8.380389E-06
201122  8.128156E-06 -3.850543E-06
201123  1.200055E-05 -6.034635E-06
201124 -1.881862E-06  2.090818E-06
201125 -9.784828E-06  5.957286E-06
201126 -1.782634E-06 -2.015954E-07
201127  7.620333E-06 -6.310145E-06
201128  4.587437E-06 -3.005254E-06
201129 -4.868527E-06  4.811643E-06
201130 -6.743646E-06  6.006727E-06
201131  6.287418E-07 -1.031212E-06
201132  6.590139E-06 -7.058887E-06
201133  3.888842E-06 -4.615943E-06
201134 -3.185134E-06  3.317616E-06
201135 -6.074578E-06  8.015757E-06
201136 -2.229388E-06  4.960401E-06
201137  3.632612E-06 -2.559254E-06
201138  5.848485E-06 -7.957125E-06
201139  3.132546E-06 -7.429346E-06
201140 -1.601443E-06 -1.980905E-06
201141 -4.759969E-06  4.630098E-06
201142 -4.822786E-06  8.891838E-06
201143 -2.546797E-06  9.212901E-06
201144  4.232216E-07  6.035342E-06
201145  2.821463E-06  1.051489E-06
201146  4.139718E-06 -3.857103E-06
201147  4.419119E-06 -7.467535E-06
201148  3.958121E-06 -9.495970E-06
201149  3.115977E-06 -1.031243E-05
201150  2.207514E-06 -1.045224E-05
201151  1.466362E-06 -1.031222E-05
201152  1.019069E-06 -1.013023E-05
201153  2.211224E-07 -9.022969E-06
201154  4.067225E-07 -9.114976E-06
201155  9.460198E-07 -9.387604E-06
201156  1.771385E-06 -9.812586E-06
201157  2.758107E-06 -1.016353E-05
201158  3.749992E-06 -9.912018E-06
201159  4.513486E-06 -8.382357E-06
201160  4.654288E-06 -5.154099E-06
201161  3.685678E-06 -4.634218E-07
201162  1.354041E-06  4.628036E-06
201163 -1.885283E-06  8.393450E-06
201164 -4.629734E-06  8.997411E-06
201165 -5.059046E-06  5.499492E-06
201166 -2.301861E-06 -9.803546E-07
201167  2.280287E-06 -6.918445E-06
201168  5.349649E-06 -8.082789E-06
201169  4.008176E-06 -3.033731E-06
201170 -1.089392E-06  4.464634E-06
201171 -5.195534E-06  7.674990E-06
201172 -3.640177E-06  3.294604E-06
201173  2.364036E-06 -4.193047E-06
201174  5.671757E-06 -6.447791E-06
201175  1.526655E-06 -8.867121E-07
201176 -5.048975E-06  5.400430E-06
201177 -4.668824E-06  4.151951E-06
201178  2.766731E-06 -2.801584E-06
201179  6.208578E-06 -5.499960E-06
201180 -3.806732E-07 -2.023987E-08
201181 -7.043172E-06  5.234639E-06
201182 -2.090507E-06  1.815974E-06
201183  7.941593E-06 -5.178339E-06
201184  5.987233E-06 -3.693809E-06
201185 -8.485575E-06  6.201526E-06
201186 -1.436846E-05  8.613672E-06
201187  4.110332E-06 -8.663258E-06
201188  3.506031E-05 -3.597226E-05
201189  5.021954E-05 -4.929922E-05
201190  3.509072E-05 -3.596608E-05
201191  4.169900E-06 -8.641872E-06
201192 -1.428815E-05  8.659699E-06
201193 -8.405391E-06  6.266042E-06
201194  6.040640E-06 -3.637487E-06
201195  7.953410E-06 -5.158266E-06
201196 -2.112781E-06  1.794363E-06
201197 -7.077127E-06  5.191272E-06
201198 -4.047469E-07 -5.696271E-08
201199  6.203719E-06 -5.510940E-06
201200  2.776098E-06 -2.785667E-06
201201 -4.656697E-06  4.179407E-06
201202 -5.040682E-06  5.419284E-06
201203  1.533451E-06 -8.862937E-07
201204  5.683086E-06 -6.461399E-06
201205  2.381285E-06 -4.211879E-06
201206 -3.624936E-06  3.274915E-06
201207 -5.194272E-06  7.655345E-06
201208 -1.106694E-06  4.445504E-06
201209  3.978906E-06 -3.051835E-06
201210  5.320513E-06 -8.097197E-06
201211  2.262240E-06 -6.923571E-06
201212 -2.305313E-06 -9.730030E-07
201213 -5.054510E-06  5.516472E-06
201214 -4.626550E-06  9.019543E-06
201215 -1.886242E-06  8.420473E-06
201216  1.352147E-06  4.664550E-06
201217  3.687077E-06 -4.118876E-07
201218  4.663756E-06 -5.088088E-06
201219  4.536184E-06 -8.312815E-06
201220  3.786646E-06 -9.852709E-06
201221  2.800386E-06 -1.011856E-05
201222  1.804794E-06 -9.777707E-06
201223  9.613971E-07 -9.361369E-06
201224  4.090252E-07 -9.100639E-06
