Mesh2HRTF 1.0.0-dev
    1
    1  1225
200000 -1.444733E-03 -9.973147E-04
200001 -2.433282E-04  1.488904E-03
200002 -2.638849E-05  1.496015E-03
200003  1.529997E-04  1.479552E-03
200004  2.920913E-04  1.452465E-03
200005  3.904991E-04  1.425352E-03
200006  4.489504E-04  1.405951E-03
200007  4.682993E-04  1.398933E-03
200008  4.489015E-04  1.405856E-03
200009  3.904013E-04  1.425162E-03
200010  2.919444E-04  1.452180E-03
200011  1.528037E-04  1.479172E-03
200012 -2.663355E-05  1.495542E-03
200013 -2.436221E-04  1.488338E-03
200014 -4.917428E-04  1.443249E-03
200015 -7.597899E-04  1.346163E-03
200016 -1.031204E-03  1.185311E-03
200017 -1.284406E-03  9.537700E-04
200018 -1.494297E-03  6.519565E-04
200019 -1.634985E-03  2.895200E-04
200020 -1.683475E-03 -1.139625E-04
200021 -1.623757E-03 -5.299861E-04
200022 -1.450426E-03 -9.239830E-04
200023 -1.170945E-03 -1.259769E-03
200024 -8.058270E-04 -1.504835E-03
200025 -3.864747E-04 -1.635419E-03
200026  4.904468E-05 -1.640258E-03
200027  4.614548E-04 -1.522196E-03
200028  8.158333E-04 -1.297306E-03
200029  1.086150E-03 -9.918223E-04
200030  1.257959E-03 -6.376292E-04
200031  1.328919E-03 -2.673575E-04
200032  1.307346E-03  8.995161E-05
200033  1.209385E-03  4.118986E-04
200034  1.055596E-03  6.841930E-04
200035  8.676613E-04  9.006222E-04
200036  6.657718E-04  1.061883E-03
200037  4.669388E-04  1.173757E-03
200038  2.842500E-04  1.245101E-03
200039  1.269021E-04  1.285988E-03
200040  7.567430E-07  1.306212E-03
200041 -9.084650E-05  1.314215E-03
200042 -1.462472E-04  1.316398E-03
200043 -1.647578E-04  1.316723E-03
200044 -1.462024E-04  1.316529E-03
200045 -9.075655E-05  1.314477E-03
200046  8.923661E-07  1.306600E-03
200047  1.270841E-04  1.286500E-03
200048  2.844790E-04  1.245733E-03
200049  4.672155E-04  1.174502E-03
200050  6.660963E-04  1.062734E-03
200051  8.680334E-04  9.015718E-04
200052  1.056015E-03  6.852320E-04
200053  1.209849E-03  4.130173E-04
200054  1.307852E-03  9.113949E-05
200055  1.329465E-03 -2.661114E-04
200056  1.258540E-03 -6.363363E-04
200057  1.086761E-03 -9.904943E-04
200058  8.164683E-04 -1.295955E-03
200059  4.621077E-04 -1.520833E-03
200060  4.970887E-05 -1.638896E-03
200061 -3.858062E-04 -1.634069E-03
200062 -8.051613E-04 -1.503509E-03
200063 -1.170289E-03 -1.258477E-03
200064 -1.449786E-03 -9.227340E-04
200065 -1.623140E-03 -5.287895E-04
200066 -1.682886E-03 -1.128262E-04
200067 -1.634428E-03  2.905887E-04
200068 -1.493778E-03  6.529516E-04
200069 -1.283927E-03  9.546863E-04
200070 -1.030769E-03  1.186144E-03
200071 -7.594005E-04  1.346910E-03
200072 -4.914007E-04  1.443906E-03
200073  4.419235E-04  1.474184E-03
200074  8.336554E-04  1.290259E-03
200075  1.111501E-03  1.061403E-03
200076  1.289598E-03  8.405740E-04
200077  1.392107E-03  6.634163E-04
200078  1.442626E-03  5.505620E-04
200079  1.457531E-03  5.119555E-04
200080  1.442610E-03  5.504581E-04
200081  1.392072E-03  6.632065E-04
200082  1.289537E-03  8.402543E-04
200083  1.111404E-03  1.060968E-03
200084  8.335126E-04  1.289702E-03
200085  4.417229E-04  1.473497E-03
200086 -5.450372E-05  1.545503E-03
200087 -6.092466E-04  1.437570E-03
200088 -1.134757E-03  1.102815E-03
200089 -1.511513E-03  5.435624E-04
200090 -1.618329E-03 -1.665259E-04
200091 -1.378267E-03 -8.811213E-04
200092 -8.044268E-04 -1.411866E-03
200093 -2.197842E-05 -1.588939E-03
200094  7.532337E-04 -1.331409E-03
200095  1.281181E-03 -6.948883E-04
200096  1.386315E-03  1.319332E-04
200097  1.029003E-03  8.880892E-04
200098  3.244161E-04  1.335102E-03
200099 -5.016403E-04  1.343335E-03
200100 -1.198981E-03  9.315244E-04
200101 -1.581032E-03  2.457013E-04
200102 -1.577495E-03 -5.064286E-04
200103 -1.236215E-03 -1.131837E-03
200104 -6.839489E-04 -1.507338E-03
200105 -7.073513E-05 -1.598111E-03
200106  4.775921E-04 -1.443192E-03
200107  8.849900E-04 -1.123257E-03
200108  1.127989E-03 -7.273643E-04
200109  1.223242E-03 -3.295439E-04
200110  1.209597E-03  2.157451E-05
200111  1.132106E-03  3.024684E-04
200112  1.031448E-03  5.083866E-04
200113  9.389596E-04  6.452176E-04
200114  8.756772E-04  7.222645E-04
200115  8.533407E-04  7.470735E-04
200116  8.756841E-04  7.224754E-04
200117  9.389786E-04  6.456378E-04
200118  1.031489E-03  5.090130E-04
200119  1.132183E-03  3.032963E-04
200120  1.209725E-03  2.259747E-05
200121  1.223438E-03 -3.283340E-04
200122  1.128269E-03 -7.259774E-04
200123  8.853670E-04 -1.121705E-03
200124  4.780756E-04 -1.441488E-03
200125 -7.014039E-05 -1.596271E-03
200126 -6.832433E-04 -1.505381E-03
200127 -1.235404E-03 -1.129780E-03
200128 -1.576589E-03 -5.042933E-04
200129 -1.580046E-03  2.478928E-04
200130 -1.197934E-03  9.337489E-04
200131 -5.005513E-04  1.345569E-03
200132  3.255248E-04  1.337321E-03
200133  1.030109E-03  8.902702E-04
200134  1.387398E-03  1.340539E-04
200135  1.282221E-03 -6.928487E-04
200136  7.542134E-04 -1.329469E-03
200137 -2.107320E-05 -1.587115E-03
200138 -8.036071E-04 -1.410171E-03
200139 -1.377540E-03 -8.795655E-04
200140 -1.617700E-03 -1.651157E-04
200141 -1.510981E-03  5.448237E-04
200142 -1.134319E-03  1.103927E-03
200143 -6.088971E-04  1.438535E-03
200144 -5.423389E-05  1.546326E-03
200145 -1.300208E-03  8.857807E-04
200146 -8.542307E-04  1.330013E-03
200147 -3.728415E-04  1.542307E-03
200148  4.050837E-05  1.590676E-03
200149  3.397168E-04  1.557542E-03
200150  5.156309E-04  1.510230E-03
200151  5.731807E-04  1.489924E-03
200152  5.157831E-04  1.510198E-03
200153  3.400075E-04  1.557472E-03
200154  4.091139E-05  1.590557E-03
200155 -3.723620E-04  1.542122E-03
200156 -8.537166E-04  1.329740E-03
200157 -1.299703E-03  8.853984E-04
200158 -1.550587E-03  2.052025E-04
200159 -1.435168E-03 -5.976809E-04
200160 -8.654862E-04 -1.277722E-03
200161  5.417296E-05 -1.527077E-03
200162  9.864929E-04 -1.140527E-03
200163  1.472441E-03 -2.007521E-04
200164  1.191517E-03  8.629508E-04
200165  2.240685E-04  1.457027E-03
200166 -9.059035E-04  1.192195E-03
200167 -1.514611E-03  1.899401E-04
200168 -1.213951E-03 -9.406637E-04
200169 -1.986927E-04 -1.491047E-03
200170  8.764829E-04 -1.133484E-03
200171  1.345893E-03 -1.277307E-04
200172  9.624693E-04  8.890397E-04
200173  2.912881E-06  1.339279E-03
200174 -9.755258E-04  1.035835E-03
200175 -1.498428E-03  2.109554E-04
200176 -1.402076E-03 -7.009087E-04
200177 -8.300328E-04 -1.327658E-03
200178 -7.568997E-05 -1.508250E-03
200179  5.905073E-04 -1.289162E-03
200180  1.017436E-03 -8.305546E-04
200181  1.180889E-03 -3.043628E-04
200182  1.139365E-03  1.672920E-04
200183  9.810710E-04  5.271630E-04
200184  7.870928E-04  7.686009E-04
200185  6.157069E-04  9.119715E-04
200186  5.016748E-04  9.842481E-04
200187  4.619757E-04  1.005909E-03
200188  5.015265E-04  9.844103E-04
200189  6.154296E-04  9.122968E-04
200190  7.867227E-04  7.690912E-04
200191  9.806576E-04  5.278205E-04
200192  1.138966E-03  1.681192E-04
200193  1.180561E-03 -3.033642E-04
200194  1.017234E-03 -8.293838E-04
200195  5.904757E-04 -1.287820E-03
200196 -7.551987E-05 -1.506741E-03
200197 -8.296454E-04 -1.325988E-03
200198 -1.401472E-03 -6.990897E-04
200199 -1.497622E-03  2.129090E-04
200200 -9.745475E-04  1.037904E-03
200201  4.025859E-06  1.341440E-03
200202  9.636721E-04  8.912643E-04
200203  1.347137E-03 -1.254724E-04
200204  8.777213E-04 -1.131224E-03
200205 -1.975057E-04 -1.488821E-03
200206 -1.212856E-03 -9.385052E-04
200207 -1.513642E-03  1.919989E-04
200208 -9.050863E-04  1.194125E-03
200209  2.247140E-04  1.458802E-03
200210  1.191980E-03  8.645514E-04
200211  1.472717E-03 -1.993391E-04
200212  9.865854E-04 -1.139307E-03
200213  5.409376E-05 -1.526051E-03
200214 -8.657182E-04 -1.276881E-03
200215 -1.435526E-03 -5.970124E-04
200216 -1.551038E-03  2.057173E-04
200217  1.071435E-03 -1.068270E-03
200218  3.880853E-04 -1.452594E-03
200219 -2.688066E-04 -1.475588E-03
200220 -7.582123E-04 -1.295425E-03
200221 -1.059967E-03 -1.067440E-03
200222 -1.212085E-03 -8.959636E-04
200223 -1.256951E-03 -8.337036E-04
200224 -1.211636E-03 -8.958874E-04
200225 -1.059103E-03 -1.067299E-03
200226 -7.569995E-04 -1.295240E-03
200227 -2.673330E-04 -1.475387E-03
200228  3.897204E-04 -1.452414E-03
200229  1.073132E-03 -1.068148E-03
200230  1.501889E-03 -2.763476E-04
200231  1.356263E-03  7.190257E-04
200232  5.229614E-04  1.437167E-03
200233 -6.560163E-04  1.356387E-03
200234 -1.426328E-03  3.724865E-04
200235 -1.134568E-03 -8.967650E-04
200236  9.580466E-05 -1.429555E-03
200237  1.250465E-03 -6.952721E-04
200238  1.251003E-03  6.940192E-04
200239  5.430996E-05  1.428170E-03
200240 -1.195603E-03  7.816302E-04
200241 -1.285233E-03 -6.090115E-04
200242 -1.649092E-04 -1.386648E-03
200243  1.048076E-03 -8.500151E-04
200244  1.236823E-03  4.259571E-04
200245  3.111033E-04  1.272174E-03
200246 -8.773791E-04  1.037091E-03
200247 -1.415155E-03  1.595201E-05
200248 -1.032688E-03 -9.953385E-04
200249 -1.158711E-04 -1.391112E-03
200250  7.436240E-04 -1.081844E-03
200251  1.162579E-03 -3.658650E-04
200252  1.087758E-03  3.766582E-04
200253  6.841375E-04  8.998185E-04
200254  1.665402E-04  1.139750E-03
200255 -3.078697E-04  1.155490E-03
200256 -6.662951E-04  1.049160E-03
200257 -8.986875E-04  9.129540E-04
200258 -1.023872E-03  8.093263E-04
200259 -1.062896E-03  7.714245E-04
200260 -1.024261E-03  8.092961E-04
200261 -8.994227E-04  9.129009E-04
200262 -6.672940E-04  1.049098E-03
200263 -3.090224E-04  1.155439E-03
200264  1.653578E-04  1.139735E-03
200265  6.830493E-04  8.998665E-04
200266  1.086873E-03  3.767973E-04
200267  1.161983E-03 -3.656077E-04
200268  7.433669E-04 -1.081445E-03
200269 -1.157713E-04 -1.390551E-03
200270 -1.032247E-03 -9.946049E-04
200271 -1.414417E-03  1.686202E-05
200272 -8.764073E-04  1.038172E-03
200273  3.122304E-04  1.273411E-03
200274  1.238022E-03  4.273276E-04
200275  1.049263E-03 -8.485422E-04
200276 -1.638123E-04 -1.385109E-03
200277 -1.284293E-03 -6.074487E-04
200278 -1.194875E-03  7.831735E-04
200279  5.478742E-05  1.429649E-03
200280  1.251204E-03  6.953930E-04
200281  1.250377E-03 -6.940414E-04
200282  9.542641E-05 -1.428498E-03
200283 -1.135230E-03 -8.959014E-04
200284 -1.427258E-03  3.731470E-04
200285 -6.571931E-04  1.356847E-03
200286  5.215706E-04  1.437439E-03
200287  1.354704E-03  7.191339E-04
200288  1.500222E-03 -2.763726E-04
200289 -1.283737E-03 -6.394951E-04
200290 -1.437350E-03  2.445938E-04
200291 -1.145903E-03  9.404992E-04
200292 -6.916073E-04  1.332683E-03
200293 -2.836044E-04  1.486971E-03
200294 -2.077510E-05  1.520253E-03
200295  6.832031E-05  1.520987E-03
200296 -1.996946E-05  1.520417E-03
200297 -2.820636E-04  1.487284E-03
200298 -6.894609E-04  1.333115E-03
200299 -1.143319E-03  9.410138E-04
200300 -1.434512E-03  2.451470E-04
200301 -1.280814E-03 -6.389486E-04
200302 -5.148904E-04 -1.323767E-03
200303  6.280399E-04 -1.285545E-03
200304  1.418724E-03 -3.238156E-04
200305  1.103082E-03  9.696223E-04
200306 -2.219041E-04  1.430010E-03
200307 -1.315974E-03  4.645759E-04
200308 -9.289110E-04 -9.853691E-04
200309  5.801835E-04 -1.227123E-03
200310  1.381803E-03  9.357330E-05
200311  4.293880E-04  1.320477E-03
200312 -1.050334E-03  8.554238E-04
200313 -1.126763E-03 -6.765238E-04
200314  2.522096E-04 -1.272134E-03
200315  1.277639E-03 -2.272962E-04
200316  7.183867E-04  1.084203E-03
200317 -6.646223E-04  1.120544E-03
200318 -1.302465E-03 -4.397844E-05
200319 -6.480012E-04 -1.115368E-03
200320  5.249963E-04 -1.139193E-03
200321  1.178640E-03 -2.665951E-04
200322  9.391634E-04  7.143036E-04
200323  1.369586E-04  1.180170E-03
200324 -6.856351E-04  1.017162E-03
200325 -1.183888E-03  4.699741E-04
200326 -1.301933E-03 -1.522074E-04
200327 -1.159206E-03 -6.534752E-04
200328 -9.119472E-04 -9.760247E-04
200329 -6.773688E-04 -1.147476E-03
200330 -5.196195E-04 -1.221636E-03
200331 -4.651053E-04 -1.241264E-03
200332 -5.202480E-04 -1.221937E-03
200333 -6.785516E-04 -1.148062E-03
200334 -9.135465E-04 -9.768610E-04
200335 -1.161040E-03 -6.545164E-04
200336 -1.303799E-03 -1.533974E-04
200337 -1.185591E-03  4.686975E-04
200338 -6.870130E-04  1.015864E-03
200339  1.360175E-04  1.178915E-03
200340  9.387121E-04  7.131509E-04
200341  1.178673E-03 -2.675934E-04
200342  5.254594E-04 -1.139996E-03
200343 -6.471980E-04 -1.115951E-03
200344 -1.301432E-03 -4.432926E-05
200345 -6.634778E-04  1.120421E-03
200346  7.195257E-04  1.084293E-03
200347  1.278664E-03 -2.270213E-04
200348  2.530240E-04 -1.271709E-03
200349 -1.126236E-03 -6.759897E-04
200350 -1.050152E-03  8.560206E-04
200351  4.291938E-04  1.321087E-03
200352  1.381225E-03  9.414581E-05
200353  5.792343E-04 -1.226635E-03
200354 -9.302092E-04 -9.850060E-04
200355 -1.317597E-03  4.647856E-04
200356 -2.238300E-04  1.430051E-03
200357  1.100871E-03  9.694971E-04
200358  1.416248E-03 -3.240932E-04
200359  6.253371E-04 -1.285949E-03
200360 -5.177548E-04 -1.324263E-03
200361 -1.384976E-03  1.263700E-04
200362 -9.919097E-04  1.007257E-03
200363 -2.814959E-04  1.402491E-03
200364  3.665235E-04  1.392815E-03
200365  7.989773E-04  1.204184E-03
200366  1.022488E-03  1.024465E-03
200367  1.089118E-03  9.547873E-04
200368  1.023596E-03  1.024658E-03
200369  8.010768E-04  1.204549E-03
200370  3.694027E-04  1.393317E-03
200371 -2.781063E-04  1.403087E-03
200372 -9.882892E-04  1.007906E-03
200373 -1.381369E-03  1.270368E-04
200374 -1.016753E-03 -9.129688E-04
200375  1.242472E-04 -1.357304E-03
200376  1.232051E-03 -6.203887E-04
200377  1.144460E-03  7.953233E-04
200378 -2.349898E-04  1.353502E-03
200379 -1.299456E-03  2.370647E-04
200380 -5.547632E-04 -1.161750E-03
200381  1.022425E-03 -8.191479E-04
200382  1.066688E-03  8.094948E-04
200383 -5.166466E-04  1.203803E-03
200384 -1.219035E-03 -2.589994E-04
200385  5.873825E-05 -1.226720E-03
200386  1.247269E-03 -1.940991E-04
200387  5.225618E-04  1.164654E-03
200388 -9.340924E-04  8.161841E-04
200389 -1.018830E-03 -6.250431E-04
200390  2.525654E-04 -1.155921E-03
200391  1.172485E-03 -2.289087E-04
200392  7.572009E-04  9.325845E-04
200393 -3.833755E-04  1.133890E-03
200394 -1.133122E-03  3.651720E-04
200395 -1.018779E-03 -6.054365E-04
200396 -3.231021E-04 -1.130325E-03
200397  4.359119E-04 -1.073282E-03
200398  9.304744E-04 -6.523679E-04
200399  1.105986E-03 -1.452388E-04
200400  1.065298E-03  2.745907E-04
200401  9.410756E-04  5.522136E-04
200402  8.316050E-04  6.998502E-04
200403  7.895914E-04  7.448259E-04
200404  8.308472E-04  6.993186E-04
200405  9.396585E-04  5.511801E-04
200406  1.063404E-03  2.731106E-04
200407  1.103857E-03 -1.470911E-04
200408  9.283720E-04 -6.545061E-04
200409  4.340806E-04 -1.075613E-03
200410 -3.244732E-04 -1.132757E-03
200411 -1.019580E-03 -6.078779E-04
200412 -1.133334E-03  3.628055E-04
200413 -3.830570E-04  1.131671E-03
200414  7.579361E-04  9.305720E-04
200415  1.173496E-03 -2.306785E-04
200416  2.537106E-04 -1.157433E-03
200417 -1.017681E-03 -6.262990E-04
200418 -9.330518E-04  8.151674E-04
200419  5.233929E-04  1.163853E-03
200420  1.247800E-03 -1.947114E-04
200421  5.889409E-05 -1.227173E-03
200422 -1.219308E-03 -2.593255E-04
200423 -5.173645E-04  1.203564E-03
200424  1.065545E-03  8.092989E-04
200425  1.020911E-03 -8.193471E-04
200426 -5.565830E-04 -1.161994E-03
200427 -1.301529E-03  2.367468E-04
200428 -2.372953E-04  1.353096E-03
200429  1.141909E-03  7.948307E-04
200430  1.229219E-03 -6.209556E-04
200431  1.211121E-04 -1.357927E-03
200432 -1.020171E-03 -9.136252E-04
200433 -1.182856E-03 -6.053468E-04
200434 -1.283744E-03  3.839347E-04
200435 -8.105127E-04  1.076452E-03
200436 -1.943703E-04  1.337951E-03
200437  2.931986E-04  1.322782E-03
200438  5.748501E-04  1.229010E-03
200439  6.642114E-04  1.184187E-03
200440  5.760983E-04  1.229160E-03
200441  2.955330E-04  1.323051E-03
200442 -1.912434E-04  1.338289E-03
200443 -8.069625E-04  1.076812E-03
200444 -1.280144E-03  3.842897E-04
200445 -1.179509E-03 -6.049980E-04
200446 -2.729001E-04 -1.287505E-03
200447  9.323644E-04 -9.241084E-04
200448  1.250602E-03  4.025479E-04
200449  1.125137E-04  1.299953E-03
200450 -1.174328E-03  4.967023E-04
200451 -7.288738E-04 -1.011691E-03
200452  8.829895E-04 -8.904468E-04
200453  1.029864E-03  7.454398E-04
200454 -5.840009E-04  1.097396E-03
200455 -1.090586E-03 -4.745301E-04
200456  4.269530E-04 -1.108352E-03
200457  1.177739E-03  3.355678E-04
200458 -1.652586E-04  1.201278E-03
200459 -1.150019E-03 -6.926221E-06
200460 -1.229316E-04 -1.117986E-03
200461  1.110661E-03 -3.364442E-04
200462  6.521206E-04  9.862746E-04
200463 -6.794003E-04  9.276542E-04
200464 -1.067387E-03 -2.688736E-04
200465 -2.051121E-04 -1.064749E-03
200466  8.230564E-04 -7.298218E-04
200467  1.095899E-03  2.170736E-04
200468  5.942114E-04  9.484748E-04
200469 -1.758109E-04  1.095934E-03
200470 -7.727132E-04  7.813333E-04
200471 -1.050425E-03  2.961310E-04
200472 -1.078434E-03 -1.414587E-04
200473 -9.913737E-04 -4.439974E-04
200474 -8.988619E-04 -6.093031E-04
200475 -8.620618E-04 -6.607273E-04
200476 -8.995644E-04 -6.099050E-04
200477 -9.926767E-04 -4.451588E-04
200478 -1.080147E-03 -1.431032E-04
200479 -1.052292E-03  2.940994E-04
200480 -7.744564E-04  7.790163E-04
200481 -1.771771E-04  1.093430E-03
200482  5.934014E-04  9.458739E-04
200483  1.095716E-03  2.144601E-04
200484  8.234564E-04 -7.323711E-04
200485 -2.042671E-04 -1.067168E-03
200486 -1.066280E-03 -2.711118E-04
200487 -6.782105E-04  9.256220E-04
200488  6.532596E-04  9.844486E-04
200489  1.111668E-03 -3.380841E-04
200490 -1.221011E-04 -1.119468E-03
200491 -1.149405E-03 -8.273777E-06
200492 -1.649176E-04  1.200053E-03
200493  1.177733E-03  3.344652E-04
200494  4.265375E-04 -1.109331E-03
200495 -1.091432E-03 -4.753905E-04
200496 -5.852303E-04  1.096636E-03
200497  1.028360E-03  7.447530E-04
200498  8.813405E-04 -8.910855E-04
200499 -7.305677E-04 -1.012295E-03
200500 -1.176046E-03  4.961342E-04
200501  1.106977E-04  1.299434E-03
200502  1.248548E-03  4.020877E-04
200503  9.299227E-04 -9.245110E-04
200504 -2.758130E-04 -1.287868E-03
200505  4.292247E-04 -1.188903E-03
200506 -5.662563E-04 -1.145693E-03
200507 -1.160850E-03 -5.513221E-04
200508 -1.282047E-03  1.082724E-04
200509 -1.148253E-03  5.781741E-04
200510 -9.836750E-04  8.257526E-04
200511 -9.158531E-04  8.993485E-04
200512 -9.825094E-04  8.257925E-04
200513 -1.146111E-03  5.782020E-04
200514 -1.279276E-03  1.082121E-04
200515 -1.157890E-03 -5.515292E-04
200516 -5.635480E-04 -1.146053E-03
200517  4.313384E-04 -1.189357E-03
200518  1.197937E-03 -3.526783E-04
200519  8.846398E-04  8.631116E-04
200520 -4.415172E-04  1.148528E-03
200521 -1.222180E-03 -6.182529E-05
200522 -2.180067E-04 -1.191200E-03
200523  1.134316E-03 -3.990060E-04
200524  5.140573E-04  1.079124E-03
200525 -1.026132E-03  5.672503E-04
200526 -5.648152E-04 -1.002734E-03
200527  1.015176E-03 -5.575790E-04
200528  5.706726E-04  1.012262E-03
200529 -9.738330E-04  5.643408E-04
200530 -5.345171E-04 -9.533355E-04
200531  9.621123E-04 -5.587104E-04
200532  6.647388E-04  9.154224E-04
200533 -7.762839E-04  7.708817E-04
200534 -8.443794E-04 -6.154793E-04
200535  4.341283E-04 -9.573458E-04
200536  1.083026E-03  1.114666E-04
200537  3.637188E-04  1.033053E-03
200538 -6.931332E-04  8.025771E-04
200539 -1.010479E-03 -1.330761E-04
200540 -5.075867E-04 -8.639030E-04
200541  2.645392E-04 -9.741165E-04
200542  8.246263E-04 -6.096878E-04
200543  1.033761E-03 -9.779174E-05
200544  9.897885E-04  3.344660E-04
200545  8.478724E-04  6.133887E-04
200546  7.235643E-04  7.556090E-04
200547  6.762878E-04  7.975182E-04
200548  7.231074E-04  7.551625E-04
200549  8.470308E-04  6.125495E-04
200550  9.887060E-04  3.333255E-04
200551  1.032643E-03 -9.913113E-05
200552  8.237098E-04 -6.111361E-04
200553  2.640454E-04 -9.756093E-04
200554 -5.075152E-04 -8.653998E-04
200555 -1.009826E-03 -1.345495E-04
200556 -6.920232E-04  8.011521E-04
200557  3.650597E-04  1.031701E-03
200558  1.084346E-03  1.102036E-04
200559  4.352344E-04 -9.585244E-04
200560 -8.435626E-04 -6.166046E-04
200561 -7.757168E-04  7.697597E-04
200562  6.651550E-04  9.142547E-04
200563  9.624554E-04 -5.599488E-04
200564 -5.342500E-04 -9.546329E-04
200565 -9.737287E-04  5.630283E-04
200566  5.704983E-04  1.010992E-03
200567  1.014662E-03 -5.587583E-04
200568 -5.656141E-04 -1.003795E-03
200569 -1.027043E-03  5.663199E-04
200570  5.132583E-04  1.078335E-03
200571  1.133800E-03 -3.996294E-04
200572 -2.182138E-04 -1.191617E-03
200573 -1.222233E-03 -6.199558E-05
200574 -4.417087E-04  1.148616E-03
200575  8.839837E-04  8.634201E-04
200576  1.196579E-03 -3.522386E-04
200577  6.925640E-04  9.476804E-04
200578  1.179775E-03  1.038851E-04
200579  9.783335E-04 -6.948930E-04
200580  4.740567E-04 -1.117518E-03
200581  6.434309E-06 -1.223032E-03
200582 -2.834918E-04 -1.194457E-03
200583 -3.776840E-04 -1.169415E-03
200584 -2.826215E-04 -1.194579E-03
200585  7.992436E-06 -1.223361E-03
200586  4.759582E-04 -1.118174E-03
200587  9.801242E-04 -6.959561E-04
200588  1.180983E-03  1.024337E-04
200589  6.928244E-04  9.459815E-04
200590 -4.058520E-04  1.100341E-03
200591 -1.173601E-03  1.442789E-04
200592 -5.674632E-04 -1.035002E-03
200593  8.250084E-04 -8.105331E-04
200594  9.188309E-04  6.633084E-04
200595 -5.737134E-04  9.727702E-04
200596 -9.970637E-04 -5.290993E-04
200597  5.233281E-04 -9.866675E-04
200598  9.516182E-04  5.550215E-04
200599 -6.073477E-04  9.026004E-04
200600 -8.435954E-04 -6.666656E-04
200601  7.241271E-04 -7.893725E-04
200602  7.549189E-04  7.575229E-04
200603 -7.529691E-04  7.296369E-04
200604 -7.123586E-04 -7.346291E-04
200605  7.073961E-04 -7.480917E-04
200606  8.504505E-04  6.083884E-04
200607 -4.009103E-04  9.452157E-04
200608 -9.768892E-04 -1.332397E-04
200609 -1.786025E-04 -9.557072E-04
200610  8.129253E-04 -5.724038E-04
200611  9.389170E-04  3.911575E-04
200612  2.887001E-04  9.747111E-04
200613 -4.747905E-04  8.752589E-04
200614 -8.976026E-04  3.672159E-04
200615 -9.330725E-04 -1.789266E-04
200616 -7.488593E-04 -5.671865E-04
200617 -5.214288E-04 -7.766332E-04
200618 -3.567259E-04 -8.639378E-04
200619 -2.984264E-04 -8.858289E-04
200620 -3.568148E-04 -8.640127E-04
200621 -5.215990E-04 -7.767220E-04
200622 -7.490733E-04 -5.671940E-04
200623 -9.332376E-04 -1.787639E-04
200624 -8.975697E-04  3.675943E-04
200625 -4.743941E-04  8.758402E-04
200626  2.895676E-04  9.754351E-04
200627  9.402307E-04  3.919448E-04
200628  8.144974E-04 -5.716223E-04
200629 -1.770782E-04 -9.549778E-04
200630 -9.757262E-04 -1.325948E-04
200631 -4.002977E-04  9.457364E-04
200632  8.505330E-04  6.087226E-04
200633  7.071653E-04 -7.480221E-04
200634 -7.125980E-04 -7.348915E-04
200635 -7.529785E-04  7.290204E-04
200636  7.551984E-04  7.565942E-04
200637  7.245644E-04 -7.905153E-04
200638 -8.432202E-04 -6.678997E-04
200639 -6.071859E-04  9.013872E-04
200640  9.516048E-04  5.539124E-04
200641  5.233824E-04 -9.876109E-04
200642 -9.965998E-04 -5.298125E-04
200643 -5.725734E-04  9.723745E-04
200644  9.206840E-04  6.633342E-04
200645  8.273237E-04 -8.100012E-04
200646 -5.651563E-04 -1.033949E-03
200647 -1.171831E-03  1.457608E-04
200648 -4.050239E-04  1.102057E-03
200649 -9.995872E-04 -5.395765E-04
200650 -1.060648E-03  3.982709E-04
200651 -5.353055E-04  9.932342E-04
200652  8.494837E-05  1.122946E-03
200653  5.287622E-04  9.948704E-04
200654  7.594187E-04  8.342010E-04
200655  8.271164E-04  7.682266E-04
200656  7.598539E-04  8.338789E-04
200657  5.295009E-04  9.941035E-04
200658  8.571805E-05  1.121561E-03
200659 -5.349067E-04  9.911190E-04
200660 -1.061082E-03  3.954684E-04
200661 -1.001239E-03 -5.428335E-04
200662 -1.068479E-04 -1.128000E-03
200663  9.415118E-04 -5.829045E-04
200664  8.314818E-04  6.911816E-04
200665 -4.996976E-04  9.607563E-04
200666 -1.038026E-03 -3.547666E-04
200667  2.580932E-04 -1.053169E-03
200668  1.023043E-03  2.465963E-04
200669 -3.097792E-04  9.950230E-04
200670 -9.746214E-04 -3.937384E-04
200671  4.733233E-04 -9.267028E-04
200672  8.445300E-04  5.634223E-04
200673 -6.590807E-04  7.626696E-04
200674 -6.982769E-04 -7.278371E-04
200675  7.614576E-04 -6.459464E-04
200676  6.173412E-04  7.693236E-04
200677 -7.462095E-04  6.261787E-04
200678 -6.726998E-04 -6.880856E-04
200679  5.844086E-04 -7.648038E-04
200680  8.872312E-04  3.891111E-04
200681 -7.217219E-05  9.579811E-04
200682 -8.815681E-04  3.189911E-04
200683 -6.915850E-04 -6.047031E-04
200684  1.010001E-04 -9.115497E-04
200685  7.540179E-04 -5.409370E-04
200686  9.367115E-04  7.854015E-05
200687  7.484625E-04  5.798324E-04
200688  4.241854E-04  8.477652E-04
200689  1.349138E-04  9.363407E-04
200690 -4.722473E-05  9.424739E-04
200691 -1.076923E-04  9.366053E-04
200692 -4.693368E-05  9.429134E-04
200693  1.354128E-04  9.372801E-04
200694  4.247814E-04  8.492890E-04
200695  7.490943E-04  5.819933E-04
200696  9.374160E-04  8.131135E-05
200697  7.549104E-04 -5.376791E-04
200698  1.021855E-04 -9.080023E-04
200699 -6.901260E-04 -6.010858E-04
200700 -8.800446E-04  3.224896E-04
200701 -7.094495E-05  9.612301E-04
200702  8.877956E-04  3.920296E-04
200703  5.841249E-04 -7.622795E-04
200704 -6.737082E-04 -6.860310E-04
200705 -7.475271E-04  6.276756E-04
200706  6.162528E-04  7.701930E-04
200707  7.610175E-04 -6.457137E-04
200708 -6.979530E-04 -7.281647E-04
200709 -6.582006E-04  7.619315E-04
200710  8.455955E-04  5.624554E-04
200711  4.742911E-04 -9.277307E-04
200712 -9.737503E-04 -3.946934E-04
200713 -3.086899E-04  9.942555E-04
200714  1.024823E-03  2.461466E-04
200715  2.609355E-04 -1.053133E-03
200716 -1.034075E-03 -3.540607E-04
200717 -4.949930E-04  9.622722E-04
200718  8.362848E-04  6.935219E-04
200719  9.456917E-04 -5.799025E-04
200720 -1.038311E-04 -1.124665E-03
200721  9.633994E-04  4.324624E-04
200722  9.618163E-04 -4.633060E-04
200723  4.193480E-04 -9.917656E-04
200724 -1.808991E-04 -1.067504E-03
200725 -5.927068E-04 -9.100059E-04
200726 -7.985405E-04 -7.383004E-04
200727 -8.571479E-04 -6.702180E-04
200728 -7.985762E-04 -7.388412E-04
200729 -5.928188E-04 -9.112467E-04
200730 -1.812247E-04 -1.069669E-03
200731  4.185201E-04 -9.949974E-04
200732  9.600663E-04 -4.675417E-04
200733  9.603110E-04  4.275422E-04
200734  1.371709E-04  1.031607E-03
200735 -8.883465E-04  5.557971E-04
200736 -8.238342E-04 -6.640299E-04
200737  4.428309E-04 -9.435819E-04
200738  9.598428E-04  3.132475E-04
200739 -2.879365E-04  9.607755E-04
200740 -9.720445E-04 -3.069770E-04
200741  3.437458E-04 -9.493670E-04
200742  8.762453E-04  4.267074E-04
200743 -5.541619E-04  7.963784E-04
200744 -7.295473E-04 -6.636424E-04
200745  7.260420E-04 -6.376217E-04
200746  5.184123E-04  7.803957E-04
200747 -8.382924E-04  4.306605E-04
200748 -3.995132E-04 -8.611492E-04
200749  8.411067E-04 -4.009687E-04
200750  4.353956E-04  8.042280E-04
200751 -7.427000E-04  5.276479E-04
200752 -6.700811E-04 -6.147585E-04
200753  3.865358E-04 -8.179422E-04
200754  9.001294E-04  3.982454E-05
200755  3.985218E-04  8.046075E-04
200756 -4.233859E-04  7.852201E-04
200757 -8.588979E-04  2.065983E-04
200758 -7.726325E-04 -4.093345E-04
200759 -4.023549E-04 -7.686156E-04
200760 -7.345447E-06 -8.639277E-04
200761  2.819815E-04 -8.155798E-04
200762  4.429427E-04 -7.408269E-04
200763  4.931758E-04 -7.085104E-04
200764  4.435164E-04 -7.398352E-04
200765  2.829467E-04 -8.135468E-04
200766 -6.260794E-06 -8.607971E-04
200767 -4.013749E-04 -7.643892E-04
200768 -7.718271E-04 -4.041287E-04
200769 -8.581732E-04  2.125367E-04
200770 -4.225884E-04  7.915486E-04
200771  3.994422E-04  8.109615E-04
200772  9.009994E-04  4.589447E-05
200773  3.869760E-04 -8.123671E-04
200774 -6.704843E-04 -6.097959E-04
200775 -7.441445E-04  5.319303E-04
200776  4.331112E-04  8.077680E-04
200777  8.385751E-04 -3.982405E-04
200778 -4.015317E-04 -8.592809E-04
200779 -8.392066E-04  4.316868E-04
200780  5.187619E-04  7.806902E-04
200781  7.273496E-04 -6.378713E-04
200782 -7.278291E-04 -6.642186E-04
200783 -5.524682E-04  7.956756E-04
200784  8.778688E-04  4.260466E-04
200785  3.456831E-04 -9.498225E-04
200786 -9.691953E-04 -3.070267E-04
200787 -2.837098E-04  9.613871E-04
200788  9.654889E-04  3.147911E-04
200789  4.494290E-04 -9.409145E-04
200790 -8.171074E-04 -6.602347E-04
200791 -8.823619E-04  5.604734E-04
200792  1.418014E-04  1.036693E-03
200793 -8.098889E-04 -5.927403E-04
200794 -9.775897E-04  2.398094E-04
200795 -5.745190E-04  8.322709E-04
200796 -3.305007E-05  1.015054E-03
200797  3.774141E-04  9.459536E-04
200798  5.997400E-04  8.249619E-04
200799  6.664515E-04  7.723246E-04
200800  5.992959E-04  8.242015E-04
200801  3.766019E-04  9.442505E-04
200802 -3.419066E-05  1.012152E-03
200803 -5.761244E-04  8.280067E-04
200804 -9.800205E-04  2.342623E-04
200805 -8.136108E-04 -5.991864E-04
200806  6.163848E-05 -1.007055E-03
200807  9.201258E-04 -3.726759E-04
200808  6.237160E-04  7.461763E-04
200809 -6.086918E-04  7.592533E-04
200810 -8.420888E-04 -5.108435E-04
200811  4.476399E-04 -8.632825E-04
200812  8.251750E-04  4.536003E-04
200813 -5.302205E-04  7.739439E-04
200814 -7.281071E-04 -6.180341E-04
200815  6.791193E-04 -6.440711E-04
200816  5.061026E-04  7.470921E-04
200817 -8.334270E-04  3.772201E-04
200818 -2.921822E-04 -8.801088E-04
200819  8.699955E-04 -2.105869E-04
200820  1.269651E-04  8.631118E-04
200821 -8.824363E-04  1.041609E-04
200822 -1.671271E-04 -8.788048E-04
200823  8.274427E-04 -2.755094E-04
200824  4.149524E-04  7.462639E-04
200825 -6.070160E-04  6.038276E-04
200826 -7.952267E-04 -3.338307E-04
200827 -8.999652E-05 -8.542579E-04
200828  6.423993E-04 -5.549273E-04
200829  8.323808E-04  1.186348E-04
200830  5.372958E-04  6.436421E-04
200831  7.698849E-05  8.363113E-04
200832 -3.106790E-04  7.822633E-04
200833 -5.512029E-04  6.369712E-04
200834 -6.669876E-04  5.140127E-04
200835 -6.994122E-04  4.685357E-04
200836 -6.663000E-04  5.154919E-04
200837 -5.500979E-04  6.399581E-04
200838 -3.095709E-04  7.867708E-04
200839  7.773561E-05  8.422705E-04
200840  5.375341E-04  6.508457E-04
200841  8.322215E-04  1.267244E-04
200842  6.420967E-04 -5.464170E-04
200843 -9.026261E-05 -8.458102E-04
200844 -7.955372E-04 -3.258523E-04
200845 -6.077329E-04  6.110650E-04
200846  4.133749E-04  7.526222E-04
200847  8.247683E-04 -2.700837E-04
200848 -1.706668E-04 -8.743374E-04
200849 -8.861251E-04  1.076467E-04
200850  1.240635E-04  8.656139E-04
200851  8.686144E-04 -2.090101E-04
200852 -2.918553E-04 -8.793174E-04
200853 -8.318009E-04  3.774290E-04
200854  5.083067E-04  7.469393E-04
200855  6.813207E-04 -6.443841E-04
200856 -7.259986E-04 -6.183244E-04
200857 -5.277611E-04  7.738795E-04
200858  8.286857E-04  4.540306E-04
200859  4.527292E-04 -8.620185E-04
200860 -8.354083E-04 -5.084014E-04
200861 -6.010002E-04  7.630989E-04
200862  6.314588E-04  7.514025E-04
200863  9.269623E-04 -3.664046E-04
200864  6.696558E-05 -1.000339E-03
200865  5.341978E-04  7.968454E-04
200866  9.568938E-04  1.196262E-04
200867  8.010924E-04 -5.361870E-04
200868  3.879976E-04 -8.810936E-04
200869  4.458990E-06 -9.625079E-04
200870 -2.323518E-04 -9.346258E-04
200871 -3.094565E-04 -9.126989E-04
200872 -2.330761E-04 -9.355857E-04
200873  3.209431E-06 -9.646126E-04
200874  3.864509E-04 -8.846025E-04
200875  7.992761E-04 -5.412629E-04
200876  9.545095E-04  1.130740E-04
200877  5.307140E-04  7.892313E-04
200878 -3.786640E-04  8.622945E-04
200879 -9.424319E-04  2.283811E-05
200880 -3.333962E-04 -8.845439E-04
200881  7.707517E-04 -5.236771E-04
200882  6.027016E-04  6.843118E-04
200883 -6.612329E-04  6.272776E-04
200884 -6.302509E-04 -6.712536E-04
200885  6.871780E-04 -5.894273E-04
200886  4.905792E-04  7.282564E-04
200887 -8.015396E-04  3.780165E-04
200888 -2.843059E-04 -8.515015E-04
200889  8.481758E-04 -1.732713E-04
200890  3.580069E-05  8.437339E-04
200891 -8.656116E-04 -6.077367E-05
200892  8.406298E-05 -8.661910E-04
200893  8.307857E-04  8.161409E-05
200894 -6.723291E-05  8.174254E-04
200895 -8.391449E-04  2.207912E-05
200896 -2.103389E-04 -8.194248E-04
200897  7.001254E-04 -4.372771E-04
200898  6.464322E-04  4.783917E-04
200899 -1.331286E-04  7.907766E-04
200900 -7.383448E-04  3.375431E-04
200901 -7.498235E-04 -3.293562E-04
200902 -3.484779E-04 -7.390614E-04
200903  1.241315E-04 -7.996559E-04
200904  4.687000E-04 -6.493721E-04
200905  6.547535E-04 -4.511971E-04
200906  7.313167E-04 -3.053156E-04
200907  7.503798E-04 -2.528956E-04
200908  7.319309E-04 -3.034896E-04
200909  6.556497E-04 -4.475458E-04
200910  4.693636E-04 -6.439354E-04
200911  1.241036E-04 -7.925724E-04
200912 -3.493830E-04 -7.306163E-04
200913 -7.514410E-04 -3.199879E-04
200914 -7.402828E-04  3.472930E-04
200915 -1.350373E-04  8.003565E-04
200916  6.446052E-04  4.873408E-04
200917  6.980662E-04 -4.292637E-04
200918 -2.131179E-04 -8.124913E-04
200919 -8.429421E-04  2.790215E-05
200920 -7.183963E-05  8.221594E-04
200921  8.261405E-04  8.529793E-05
200922  8.042720E-05 -8.634957E-04
200923 -8.674063E-04 -5.895914E-05
200924  3.604848E-05  8.448300E-04
200925  8.499666E-04 -1.726994E-04
200926 -2.818394E-04 -8.512623E-04
200927 -7.990968E-04  3.780963E-04
200928  4.928741E-04  7.283556E-04
200929  6.898134E-04 -5.890742E-04
200930 -6.265102E-04 -6.703180E-04
200931 -6.558412E-04  6.292016E-04
200932  6.097007E-04  6.876144E-04
200933  7.786720E-04 -5.187675E-04
200934 -3.256088E-04 -8.780963E-04
200935 -9.357537E-04  3.040468E-05
200936 -3.736137E-04  8.702835E-04
200937 -1.430804E-04 -8.855332E-04
200938 -7.659765E-04 -4.691399E-04
200939 -8.934557E-04  1.493341E-04
200940 -6.839897E-04  6.065689E-04
200941 -3.951175E-04  8.309195E-04
200942 -1.855524E-04  9.041936E-04
200943 -1.125089E-04  9.167144E-04
200944 -1.864043E-04  9.030754E-04
200945 -3.965110E-04  8.285177E-04
200946 -6.855247E-04  6.026535E-04
200947 -8.949535E-04  1.437667E-04
200948 -7.676815E-04 -4.762617E-04
200949 -1.455982E-04 -8.938038E-04
200950  6.615159E-04 -6.193374E-04
200951  8.422309E-04  3.088494E-04
200952 -9.454066E-06  8.854985E-04
200953 -8.627454E-04  1.964746E-04
200954 -3.297220E-04 -8.228965E-04
200955  7.818403E-04 -3.907118E-04
200956  3.815951E-04  7.671266E-04
200957 -7.906879E-04  3.350773E-04
200958 -2.790190E-04 -8.188260E-04
200959  8.200621E-04 -1.938532E-04
200960  6.863940E-05  8.212227E-04
200961 -8.407432E-04 -4.373357E-05
200962  1.099259E-04 -8.354371E-04
200963  7.903256E-04  1.677673E-04
200964 -2.308322E-04  7.637352E-04
200965 -7.852644E-04 -2.402075E-04
200966  1.648371E-04 -8.034608E-04
200967  7.873278E-04  4.992582E-05
200968  8.978119E-05  7.687297E-04
200969 -7.275480E-04  3.041220E-04
200970 -5.783359E-04 -5.560534E-04
200971  1.922447E-04 -7.722649E-04
200972  7.231923E-04 -2.828464E-04
200973  6.732662E-04  3.539151E-04
200974  2.555687E-04  7.118038E-04
200975 -2.000032E-04  7.340540E-04
200976 -5.168254E-04  5.675839E-04
200977 -6.791017E-04  3.684471E-04
200978 -7.409475E-04  2.271045E-04
200979 -7.547932E-04  1.781898E-04
200980 -7.405655E-04  2.290941E-04
200981 -6.786992E-04  3.723946E-04
200982 -5.169657E-04  5.733956E-04
200983 -2.011870E-04  7.415294E-04
200984  2.531583E-04  7.206031E-04
200985  6.698713E-04  3.635630E-04
200986  7.193563E-04 -2.729093E-04
200987  1.885011E-04 -7.625956E-04
200988 -5.817838E-04 -5.471148E-04
200989 -7.309465E-04  3.120232E-04
200990  8.592063E-05  7.754529E-04
200991  7.826305E-04  5.545970E-05
200992  1.594454E-04 -7.990523E-04
200993 -7.905902E-04 -2.368225E-04
200994 -2.349998E-04  7.662275E-04
200995  7.882003E-04  1.695268E-04
200996  1.100475E-04 -8.342337E-04
200997 -8.389409E-04 -4.292031E-05
200998  7.115132E-05  8.217826E-04
200999  8.225034E-04 -1.934225E-04
201000 -2.767937E-04 -8.183623E-04
201001 -7.881657E-04  3.358318E-04
201002  3.852001E-04  7.685468E-04
201003  7.870490E-04 -3.881800E-04
201004 -3.230288E-04 -8.188551E-04
201005 -8.553443E-04  2.022200E-04
201006 -2.446939E-06  8.928147E-04
201007  8.479093E-04  3.172493E-04
201008  6.654859E-04 -6.105965E-04
201009 -1.929242E-04  8.494225E-04
201010  4.961377E-04  7.266196E-04
201011  8.440755E-04  2.503504E-04
201012  8.495450E-04 -2.198320E-04
201013  6.982568E-04 -5.269020E-04
201014  5.528509E-04 -6.759590E-04
201015  4.964875E-04 -7.180303E-04
201016  5.520121E-04 -6.771768E-04
201017  6.969772E-04 -5.294641E-04
201018  8.483614E-04 -2.239103E-04
201019  8.432876E-04  2.446626E-04
201020  4.955414E-04  7.194226E-04
201021 -1.940068E-04  8.410749E-04
201022 -7.952256E-04  3.111093E-04
201023 -6.400505E-04 -5.637214E-04
201024  2.919833E-04 -8.017397E-04
201025  8.425924E-04  6.425189E-05
201026  8.074829E-05  8.309061E-04
201027 -8.184918E-04  1.571561E-04
201028 -1.899677E-04 -8.120038E-04
201029  8.012445E-04 -1.794205E-04
201030  1.210174E-04  7.977753E-04
201031 -8.128737E-04  4.606826E-05
201032  1.619255E-05 -8.148914E-04
201033  7.841960E-04  8.701096E-05
201034 -1.735453E-04  7.596526E-04
201035 -7.643045E-04 -2.274631E-04
201036  2.222025E-04 -7.631213E-04
201037  7.399857E-04  1.936384E-04
201038 -1.553991E-04  7.391547E-04
201039 -7.721441E-04 -5.168312E-05
201040 -1.445947E-04 -7.663303E-04
201041  6.598851E-04 -3.773518E-04
201042  5.858410E-04  4.492548E-04
201043 -1.233862E-04  7.241578E-04
201044 -6.753219E-04  3.165963E-04
201045 -7.001421E-04 -2.888555E-04
201046 -3.502606E-04 -6.747000E-04
201047  7.511552E-05 -7.509453E-04
201048  3.946126E-04 -6.329749E-04
201049  5.740027E-04 -4.643253E-04
201050  6.517935E-04 -3.368836E-04
201051  6.719946E-04 -2.904795E-04
201052  6.518437E-04 -3.349240E-04
201053  5.737419E-04 -4.604649E-04
201054  3.934772E-04 -6.273525E-04
201055  7.261114E-05 -7.438065E-04
201056 -3.542824E-04 -6.664102E-04
201057 -7.053519E-04 -2.798817E-04
201058 -6.810331E-04  3.257361E-04
201059 -1.288951E-04  7.329641E-04
201060  5.808831E-04  4.573151E-04
201061  6.553058E-04 -3.703162E-04
201062 -1.493207E-04 -7.604513E-04
201063 -7.774690E-04 -4.696520E-05
201064 -1.612724E-04  7.428000E-04
201065  7.342644E-04  1.963626E-04
201066  2.177129E-04 -7.611250E-04
201067 -7.666669E-04 -2.259864E-04
201068 -1.735793E-04  7.607937E-04
201069  7.858858E-04  8.794163E-05
201070  1.857784E-05 -8.141025E-04
201071 -8.106157E-04  4.678014E-05
201072  1.229913E-04  7.985502E-04
201073  8.034494E-04 -1.783093E-04
201074 -1.867646E-04 -8.101533E-04
201075 -8.138271E-04  1.601987E-04
201076  8.667341E-05  8.355047E-04
201077  8.489365E-04  7.053103E-05
201078  2.976416E-04 -7.939897E-04
201079 -6.359273E-04 -5.550330E-04
201080 -7.928511E-04  3.200034E-04
201081  4.409831E-04 -6.901682E-04
201082 -2.034550E-04 -7.897632E-04
201083 -6.594904E-04 -4.849069E-04
201084 -8.205300E-04 -7.949036E-05
201085 -7.952257E-04  2.363600E-04
201086 -7.226055E-04  4.141947E-04
201087 -6.896358E-04  4.689471E-04
201088 -7.233255E-04  4.129473E-04
201089 -7.962082E-04  2.337915E-04
201090 -8.211450E-04 -8.347318E-05
201091 -6.593556E-04 -4.903377E-04
201092 -2.027495E-04 -7.965440E-04
201093  4.415212E-04 -6.980206E-04
201094  8.247364E-04 -6.027123E-05
201095  4.558140E-04  6.813761E-04
201096 -4.469612E-04  6.765246E-04
201097 -7.744327E-04 -2.299035E-04
201098  6.045342E-05 -8.036966E-04
201099  7.967566E-04 -5.032502E-05
201100  1.012785E-04  7.828464E-04
201101 -7.809418E-04  1.106762E-04
201102 -1.008654E-04 -7.818684E-04
201103  7.700197E-04 -6.731303E-05
201104  6.770771E-06  7.627928E-04
201105 -7.715521E-04 -4.548314E-05
201106  6.795250E-05 -7.684578E-04
201107  7.439512E-04  8.252507E-05
201108 -9.459250E-05  7.325519E-04
201109 -7.498545E-04 -6.289200E-05
201110 -3.729510E-05 -7.547521E-04
201111  7.142874E-04 -1.739794E-04
201112  3.269262E-04  6.395992E-04
201113 -5.100653E-04  5.124342E-04
201114 -6.906673E-04 -2.536717E-04
201115 -1.436731E-04 -7.250160E-04
201116  4.826131E-04 -5.473208E-04
201117  7.146415E-04 -2.098690E-05
201118  5.453520E-04  4.448308E-04
201119  2.006979E-04  6.706483E-04
201120 -1.230267E-04  6.911582E-04
201121 -3.441620E-04  6.164106E-04
201122 -4.612200E-04  5.387926E-04
201123 -4.966218E-04  5.085656E-04
201124 -4.615302E-04  5.405415E-04
201125 -3.451220E-04  6.198313E-04
201126 -1.251655E-04  6.960829E-04
201127  1.969270E-04  6.768085E-04
201128  5.398558E-04  4.518660E-04
201129  7.078331E-04 -1.349385E-05
201130  4.752972E-04 -5.397952E-04
201131 -1.506564E-04 -7.178453E-04
201132 -6.968496E-04 -2.471724E-04
201133 -5.155521E-04  5.180372E-04
201134  3.216048E-04  6.441848E-04
201135  7.086119E-04 -1.704260E-04
201136 -4.337148E-05 -7.521430E-04
201137 -7.557183E-04 -6.104907E-05
201138 -9.921649E-05  7.338687E-04
201139  7.414430E-04  8.356320E-05
201140  6.775410E-05 -7.675125E-04
201141 -7.700568E-04 -4.455028E-05
201142  8.915742E-06  7.637115E-04
201143  7.719808E-04 -6.640319E-05
201144 -9.925200E-05 -7.808509E-04
201145 -7.791805E-04  1.120814E-04
201146  1.039070E-04  7.850485E-04
201147  8.006414E-04 -4.690052E-05
201148  6.532121E-05 -7.987590E-04
201149 -7.694558E-04 -2.234272E-04
201150 -4.429441E-04  6.842488E-04
201151  4.581331E-04  6.897977E-04
201152  8.253097E-04 -5.182064E-05
201153 -5.250768E-04  5.974491E-04
201154  4.598396E-05  8.020770E-04
201155  5.206876E-04  6.146924E-04
201156  7.537318E-04  2.820474E-04
201157  8.032662E-04 -8.984798E-06
201158  7.801530E-04 -1.868717E-04
201159  7.633889E-04 -2.450891E-04
201160  7.796136E-04 -1.880751E-04
201161  8.026760E-04 -1.140417E-05
201162  7.537703E-04  2.784094E-04
201163  5.217811E-04  6.098687E-04
201164  4.796490E-05  7.961566E-04
201165 -5.229865E-04  5.906055E-04
201166 -7.800039E-04 -5.567541E-05
201167 -3.505500E-04 -6.978676E-04
201168  4.842425E-04 -6.124334E-04
201169  7.344281E-04  2.502944E-04
201170 -6.061871E-05  7.676016E-04
201171 -7.635066E-04  7.294950E-05
201172 -1.598169E-04 -7.471035E-04
201173  7.273593E-04 -2.055325E-04
201174  2.147096E-04  7.162958E-04
201175 -7.205544E-04  2.091543E-04
201176 -2.053842E-04 -7.208118E-04
201177  7.080983E-04 -1.915550E-04
201178  1.711942E-04  7.032916E-04
201179 -7.095062E-04  1.762109E-04
201180 -2.203583E-04 -7.000044E-04
201181  6.602229E-04 -2.850528E-04
201182  3.620672E-04  6.045514E-04
201183 -5.263918E-04  4.734399E-04
201184 -6.110362E-04 -3.747384E-04
201185  1.195598E-04 -7.045131E-04
201186  6.718186E-04 -2.051228E-04
201187  5.158519E-04  4.584405E-04
201188 -5.652729E-05  6.824208E-04
201189 -5.373146E-04  4.284443E-04
201190 -6.933029E-04 -1.287360E-05
201191 -5.829938E-04 -3.847245E-04
201192 -3.652140E-04 -5.974439E-04
201193 -1.625043E-04 -6.801412E-04
201194 -3.157522E-05 -6.967501E-04
201195  1.239374E-05 -6.961026E-04
201196 -3.220445E-05 -6.953630E-04
201197 -1.640705E-04 -6.774523E-04
201198 -3.681943E-04 -5.936310E-04
201199 -5.877820E-04 -3.800550E-04
201200 -6.999298E-04 -7.673980E-06
201201 -5.452970E-04  4.338410E-04
201202 -6.497893E-05  6.877219E-04
201203  5.078596E-04  4.634117E-04
201204  6.648332E-04 -2.006676E-04
201205  1.135245E-04 -7.007252E-04
201206 -6.166501E-04 -3.717280E-04
201207 -5.321532E-04  4.756314E-04
201208  3.560271E-04  6.059851E-04
201209  6.544251E-04 -2.841987E-04
201210 -2.249597E-04 -6.994634E-04
201211 -7.120751E-04  1.767135E-04
201212  1.708430E-04  7.039397E-04
201213  7.093589E-04 -1.907232E-04
201214 -2.035389E-04 -7.198620E-04
201215 -7.189469E-04  2.101741E-04
201216  2.159078E-04  7.174786E-04
201217  7.286068E-04 -2.039103E-04
201218 -1.578657E-04 -7.446496E-04
201219 -7.605352E-04  7.660156E-05
201220 -5.694880E-05  7.726383E-04
201221  7.379271E-04  2.566241E-04
201222  4.865692E-04 -6.051787E-04
201223 -3.500149E-04 -6.902280E-04
201224 -7.811652E-04 -4.820848E-05
