Mesh2HRTF 1.0.0-dev
    1
    1  1225
200000 -5.730339E-04 -5.941134E-04
200001  2.265162E-05  8.691102E-04
200002  8.666807E-04 -8.059697E-05
200003  1.034727E-04 -8.672768E-04
200004 -7.113737E-04 -5.108179E-04
200005 -8.662788E-04  1.261152E-04
200006 -7.172796E-04  4.987482E-04
200007 -6.313619E-04  6.019700E-04
200008 -7.184264E-04  4.959096E-04
200009 -8.684328E-04  1.206590E-04
200010 -7.142740E-04 -5.184764E-04
200011  1.001735E-04 -8.765767E-04
200012  8.633691E-04 -9.089592E-05
200013  1.970039E-05  8.584667E-04
200014 -8.305666E-04 -2.684043E-04
200015  6.641118E-04 -5.599659E-04
200016 -1.013695E-04  8.489865E-04
200017 -3.676561E-04 -7.844302E-04
200018  6.173580E-04  5.878269E-04
200019 -7.242341E-04 -4.582123E-04
200020  7.449942E-04  4.064740E-04
200021 -7.220562E-04 -4.471629E-04
200022  6.430733E-04  5.460683E-04
200023 -5.178251E-04 -6.622076E-04
200024  3.308338E-04  7.721089E-04
200025 -1.270327E-04 -8.209716E-04
200026 -8.723766E-05  8.316890E-04
200027  2.476516E-04 -7.844532E-04
200028 -3.678895E-04  7.443234E-04
200029  3.983296E-04 -7.137925E-04
200030 -3.692410E-04  7.346494E-04
200031  2.147455E-04 -7.868835E-04
200032  4.922290E-05  8.095191E-04
200033 -4.524332E-04 -6.810528E-04
200034  7.719194E-04  2.190597E-04
200035 -6.542626E-04  4.752493E-04
200036 -1.719073E-04 -7.928099E-04
200037  7.989136E-04 -1.891476E-05
200038  5.863416E-05  7.966400E-04
200039 -7.416341E-04  3.091570E-04
200040 -6.708018E-04 -4.408215E-04
200041 -2.245494E-04 -7.673118E-04
200042  1.131673E-04 -7.895865E-04
200043  2.250436E-04 -7.647438E-04
200044  1.150581E-04 -7.886592E-04
200045 -2.209099E-04 -7.656208E-04
200046 -6.656757E-04 -4.386709E-04
200047 -7.353643E-04  3.113659E-04
200048  6.567248E-05  7.984641E-04
200049  8.063606E-04 -1.789946E-05
200050 -1.643579E-04 -7.929529E-04
200051 -6.468412E-04  4.737173E-04
200052  7.790638E-04  2.160539E-04
200053 -4.456453E-04 -6.854642E-04
200054  5.562182E-05  8.039105E-04
200055  2.207417E-04 -7.933701E-04
200056 -3.636693E-04  7.276736E-04
200057  4.034280E-04 -7.208451E-04
200058 -3.633477E-04  7.375868E-04
200059  2.515254E-04 -7.905351E-04
200060 -8.415296E-05  8.265262E-04
200061 -1.248399E-04 -8.250288E-04
200062  3.320805E-04  7.692756E-04
200063 -5.175029E-04 -6.637456E-04
200064  6.425853E-04  5.458739E-04
200065 -7.231454E-04 -4.459689E-04
200066  7.435918E-04  4.091066E-04
200067 -7.256145E-04 -4.540920E-04
200068  6.163380E-04  5.934619E-04
200069 -3.680232E-04 -7.773081E-04
200070 -1.008824E-04  8.574784E-04
200071  6.655294E-04 -5.503414E-04
200072 -8.282827E-04 -2.580194E-04
200073  7.172459E-04 -5.558819E-04
200074 -5.326966E-04  7.400506E-04
200075  7.496634E-04 -5.226817E-04
200076 -8.730666E-04 -2.526884E-04
200077 -2.251288E-04  8.946729E-04
200078  6.060366E-04  6.918873E-04
200079  7.927062E-04  4.596389E-04
200080  6.039176E-04  6.883150E-04
200081 -2.292867E-04  8.881453E-04
200082 -8.789626E-04 -2.609803E-04
200083  7.427309E-04 -5.310937E-04
200084 -5.394943E-04  7.333786E-04
200085  7.120684E-04 -5.590949E-04
200086 -8.903181E-04 -1.070492E-04
200087  1.326140E-04  8.948413E-04
200088  8.935999E-04  4.634218E-05
200089  5.359853E-04 -7.015023E-04
200090  4.075855E-05 -8.758365E-04
200091 -2.083140E-04 -8.477114E-04
200092 -2.269277E-04 -8.391000E-04
200093 -6.786319E-05 -8.623352E-04
200094  2.224216E-04 -8.293204E-04
200095  5.516598E-04 -6.456409E-04
200096  7.842904E-04 -2.987139E-04
200097  8.248756E-04  1.138870E-04
200098  6.925474E-04  4.572579E-04
200099  4.988408E-04  6.598499E-04
200100  3.643029E-04  7.367694E-04
200101  3.659402E-04  7.277732E-04
200102  5.266220E-04  6.124319E-04
200103  7.582620E-04  2.672417E-04
200104  7.067792E-04 -3.803911E-04
200105 -8.057983E-05 -7.905156E-04
200106 -7.730491E-04  8.429676E-05
200107  4.033001E-04  6.648762E-04
200108  1.360310E-04 -7.716227E-04
200109 -3.146564E-04  7.040897E-04
200110  1.329610E-04 -7.633522E-04
200111  4.118443E-04  6.483629E-04
200112 -7.464727E-04  2.001439E-04
200113 -3.583531E-04 -6.758372E-04
200114  2.487785E-04 -7.177146E-04
200115  4.360451E-04 -6.213528E-04
200116  2.523169E-04 -7.135528E-04
200117 -3.524000E-04 -6.683809E-04
200118 -7.399677E-04  2.094455E-04
200119  4.169088E-04  6.579104E-04
200120  1.350550E-04 -7.549221E-04
200121 -3.162410E-04  7.104813E-04
200122  1.309230E-04 -7.677330E-04
200123  3.954748E-04  6.661732E-04
200124 -7.824389E-04  8.320939E-05
200125 -9.028397E-05 -7.934926E-04
200126  6.979666E-04 -3.844572E-04
200127  7.514232E-04  2.631692E-04
200128  5.226191E-04  6.095998E-04
200129  3.652689E-04  7.273792E-04
200130  3.669418E-04  7.397030E-04
200131  5.041821E-04  6.664500E-04
200132  6.994696E-04  4.671461E-04
200133  8.319488E-04  1.259232E-04
200134  7.900453E-04 -2.863157E-04
200135  5.548432E-04 -6.350174E-04
200136  2.221964E-04 -8.225113E-04
200137 -7.177023E-05 -8.607736E-04
200138 -2.341243E-04 -8.431869E-04
200139 -2.177204E-04 -8.566296E-04
200140  3.078350E-05 -8.876951E-04
200141  5.273217E-04 -7.137908E-04
200142  8.878972E-04  3.612636E-05
200143  1.308289E-04  8.885903E-04
200144 -8.881803E-04 -1.084535E-04
200145 -6.963563E-04 -6.348371E-04
200146  1.451786E-04 -9.470063E-04
200147  8.657478E-04  4.002627E-04
200148 -9.620036E-04 -9.900205E-05
200149  7.228889E-04  6.226581E-04
200150  6.562337E-04 -7.064113E-04
200151  2.304161E-04 -9.384245E-04
200152  6.614881E-04 -7.011439E-04
200153  7.312068E-04  6.309240E-04
200154 -9.542413E-04 -9.106020E-05
200155  8.694941E-04  4.051568E-04
200156  1.435349E-04 -9.461207E-04
200157 -7.016475E-04 -6.369516E-04
200158 -7.925845E-04 -5.078533E-04
200159 -3.760730E-04 -8.528836E-04
200160  6.939460E-04 -5.962185E-04
200161  3.429170E-04  8.431276E-04
200162 -8.166148E-04 -3.874010E-04
200163  8.771185E-04  1.469468E-04
200164 -8.540168E-04 -2.113622E-04
200165  7.201935E-04  4.882768E-04
200166 -3.447241E-04 -7.934199E-04
200167 -2.127482E-04  8.140810E-04
200168  6.854188E-04 -4.884017E-04
200169 -8.327981E-04 -4.418356E-05
200170  6.724915E-04  4.663492E-04
200171 -4.688387E-04 -6.597677E-04
200172  3.842115E-04  7.062049E-04
200173 -5.192349E-04 -6.052592E-04
200174  7.574320E-04  2.047870E-04
200175 -5.753980E-04  5.196640E-04
200176 -4.867117E-04 -6.075086E-04
200177  3.174853E-04 -6.917299E-04
200178  6.222653E-04 -4.197612E-04
200179  5.842374E-04 -4.612795E-04
200180  1.216446E-04 -7.294628E-04
200181 -7.076041E-04 -2.354804E-04
200182  1.564934E-04  7.300093E-04
200183  7.074553E-05 -7.443507E-04
200184  2.539150E-04  6.870896E-04
200185 -7.407295E-04 -2.150362E-05
200186 -2.814676E-04 -6.910897E-04
200187  6.543987E-08 -7.433697E-04
200188 -2.780804E-04 -6.881339E-04
200189 -7.360116E-04 -1.893897E-05
200190  2.569942E-04  6.850781E-04
200191  7.016423E-05 -7.527417E-04
200192  1.527728E-04  7.173979E-04
200193 -7.112948E-04 -2.474349E-04
200194  1.219215E-04 -7.363122E-04
200195  5.903719E-04 -4.616982E-04
200196  6.324738E-04 -4.158919E-04
200197  3.273258E-04 -6.872695E-04
200198 -4.813559E-04 -6.053495E-04
200199 -5.757171E-04  5.184492E-04
200200  7.534349E-04  2.003703E-04
200201 -5.237337E-04 -6.124839E-04
200202  3.810900E-04  6.964804E-04
200203 -4.710942E-04 -6.712451E-04
200204  6.690993E-04  4.548754E-04
200205 -8.387078E-04 -5.306991E-05
200206  6.779942E-04 -4.923662E-04
200207 -2.183637E-04  8.157538E-04
200208 -3.450776E-04 -7.877237E-04
200209  7.258456E-04  4.946659E-04
200210 -8.453736E-04 -2.075802E-04
200211  8.839578E-04  1.466622E-04
200212 -8.145636E-04 -3.907137E-04
200213  3.411802E-04  8.394116E-04
200214  6.922755E-04 -5.979035E-04
200215 -3.743720E-04 -8.517373E-04
200216 -7.874950E-04 -5.050371E-04
200217 -9.622267E-04  1.899480E-04
200218 -3.369388E-04  9.410596E-04
200219 -4.899006E-04  8.799843E-04
200220 -9.466397E-04 -3.650200E-04
200221  1.021074E-03 -1.169779E-06
200222 -5.302595E-04 -8.621995E-04
200223 -9.667762E-04 -2.968105E-04
200224 -5.351554E-04 -8.585218E-04
200225  1.017000E-03  2.557018E-06
200226 -9.455763E-04 -3.646351E-04
200227 -4.865387E-04  8.768084E-04
200228 -3.383773E-04  9.362030E-04
200229 -9.708739E-04  1.846719E-04
200230  3.678914E-04 -9.004619E-04
200231 -3.722592E-04  8.883601E-04
200232  9.204588E-04 -2.519516E-04
200233 -1.276030E-04 -9.328427E-04
200234 -7.307641E-04 -5.628690E-04
200235 -8.265280E-04 -3.723389E-04
200236 -7.199696E-04 -5.206123E-04
200237 -3.479940E-04 -7.952170E-04
200238  2.807917E-04 -8.100614E-04
200239  7.833202E-04 -3.358128E-04
200240  7.648556E-04  3.392543E-04
200241  3.389089E-04  7.490482E-04
200242 -8.207551E-05  8.121731E-04
200243 -2.631300E-04  7.645150E-04
200244 -1.541346E-04  7.809623E-04
200245  2.961297E-04  7.244338E-04
200246  7.737517E-04  6.093040E-05
200247 -2.360696E-05 -7.680557E-04
200248 -5.266556E-04  5.428045E-04
200249  5.645246E-04 -4.809286E-04
200250 -1.493228E-04  7.268003E-04
200251 -6.961462E-04 -2.296134E-04
200252 -2.953476E-04 -6.745029E-04
200253 -3.212541E-04 -6.564378E-04
200254 -7.091437E-04 -1.154357E-04
200255  1.155757E-04  7.093673E-04
200256  1.030620E-04 -7.042853E-04
200257  3.589373E-04  6.198316E-04
200258 -5.868548E-04  4.148766E-04
200259 -7.134127E-04  9.267974E-05
200260 -5.880790E-04  4.258284E-04
200261  3.585546E-04  6.346719E-04
200262  1.040192E-04 -6.951011E-04
200263  1.147933E-04  7.079841E-04
200264 -7.149462E-04 -1.229906E-04
200265 -3.301903E-04 -6.594999E-04
200266 -3.004940E-04 -6.661031E-04
200267 -6.929936E-04 -2.143153E-04
200268 -1.422309E-04  7.363166E-04
200269  5.662229E-04 -4.854917E-04
200270 -5.333035E-04  5.288633E-04
200271 -3.002606E-05 -7.782050E-04
200272  7.796993E-04  6.402882E-05
200273  3.188631E-04  7.397556E-04
200274 -1.196034E-04  8.004517E-04
200275 -2.250341E-04  7.799596E-04
200276 -4.886016E-05  8.185622E-04
200277  3.574329E-04  7.451119E-04
200278  7.614499E-04  3.280963E-04
200279  7.627111E-04 -3.474209E-04
200280  2.607993E-04 -8.159511E-04
200281 -3.508007E-04 -7.945706E-04
200282 -7.062378E-04 -5.177341E-04
200283 -8.127928E-04 -3.714749E-04
200284 -7.317072E-04 -5.640543E-04
200285 -1.417180E-04 -9.330425E-04
200286  9.072042E-04 -2.491242E-04
200287 -3.735674E-04  8.934435E-04
200288  3.767190E-04 -8.949187E-04
200289 -1.024542E-03 -9.524217E-05
200290  1.036116E-03  4.075525E-05
200291 -5.880122E-05 -1.054523E-03
200292 -7.963647E-05 -1.061070E-03
200293  1.075662E-03  6.755992E-05
200294 -9.743696E-04 -4.562233E-04
200295 -9.481952E-04  5.107588E-04
200296 -9.890756E-04 -4.538467E-04
200297  1.061323E-03  6.558625E-05
200298 -7.870151E-05 -1.068970E-03
200299 -4.325798E-05 -1.060002E-03
200300  1.050642E-03  4.584831E-05
200301 -1.025308E-03 -8.191541E-05
200302  5.525554E-05  1.018772E-03
200303  4.960856E-04  8.705404E-04
200304 -1.072495E-04  9.771245E-04
200305 -9.515027E-04 -1.082036E-04
200306  7.396505E-04 -5.837243E-04
200307 -6.332527E-04  6.732353E-04
200308  7.854058E-04 -4.456965E-04
200309 -8.829513E-04 -1.400466E-04
200310  4.762369E-04  7.247016E-04
200311  2.711579E-04 -8.099203E-04
200312 -7.630290E-04  3.379887E-04
200313  7.974401E-04  1.732801E-04
200314 -6.838049E-04 -4.381710E-04
200315  6.898145E-04  3.866905E-04
200316 -7.800057E-04  3.965585E-05
200317  2.858684E-04 -7.113140E-04
200318  7.459628E-04  1.064784E-04
200319  5.487305E-04  5.018756E-04
200320  6.363147E-04  3.736189E-04
200321  6.118943E-04 -3.855206E-04
200322 -6.081569E-04 -3.731289E-04
200323  5.588820E-04  4.449255E-04
200324 -6.953112E-04  1.298789E-04
200325 -3.876851E-04 -5.912141E-04
200326 -3.254930E-04 -6.174382E-04
200327 -7.008041E-04 -5.389131E-05
200328  3.350207E-04  6.066559E-04
200329 -4.375649E-04 -5.331031E-04
200330  6.148198E-04 -3.360211E-04
200331  6.892950E-04  5.309526E-05
200332  6.079153E-04 -3.404506E-04
200333 -4.420238E-04 -5.358861E-04
200334  3.419261E-04  6.078194E-04
200335 -6.845468E-04 -5.453669E-05
200336 -3.122796E-04 -6.238827E-04
200337 -3.866615E-04 -5.955877E-04
200338 -7.007114E-04  1.386418E-04
200339  5.598092E-04  4.614469E-04
200340 -6.006993E-04 -3.701863E-04
200341  6.136362E-04 -4.049514E-04
200342  6.327237E-04  3.549018E-04
200343  5.594228E-04  5.161339E-04
200344  7.728477E-04  1.568158E-04
200345  2.879477E-04 -6.511909E-04
200346 -8.406342E-04  9.114609E-05
200347  5.964056E-04  4.372082E-04
200348 -7.333675E-04 -3.800666E-04
200349  8.227695E-04  2.243576E-04
200350 -7.121748E-04  3.603428E-04
200351  2.879226E-04 -8.154356E-04
200352  4.600134E-04  7.131298E-04
200353 -8.910129E-04 -1.420212E-04
200354  8.016279E-04 -4.417306E-04
200355 -6.160401E-04  6.731795E-04
200356  7.360540E-04 -5.890445E-04
200357 -9.676676E-04 -1.132485E-04
200358 -1.137444E-04  9.740325E-04
200359  5.065191E-04  8.645821E-04
200360  6.922869E-05  1.006581E-03
200361  4.006181E-04 -9.915364E-04
200362  1.037968E-03 -3.471085E-04
200363 -7.887725E-04  7.777586E-04
200364  7.931412E-04  8.078939E-04
200365  2.332231E-04  1.111792E-03
200366 -5.954312E-04 -9.795399E-04
200367 -1.129465E-03  1.583072E-04
200368 -5.883953E-04 -9.684279E-04
200369  2.382757E-04  1.119861E-03
200370  7.922951E-04  8.064752E-04
200371 -7.921489E-04  7.743145E-04
200372  1.036646E-03 -3.474903E-04
200373  4.042133E-04 -9.938046E-04
200374  9.790707E-04 -3.817289E-04
200375 -3.556271E-04  9.611894E-04
200376  6.921939E-04 -7.358466E-04
200377 -7.785524E-04 -6.077329E-04
200378 -9.542132E-04  1.294802E-04
200379 -9.046900E-04  2.371845E-04
200380 -9.056526E-04 -1.072179E-04
200381 -6.228417E-04 -6.423246E-04
200382  5.115637E-05 -8.696926E-04
200383  6.598412E-04 -5.367585E-04
200384  8.340271E-04 -8.570306E-06
200385  7.602476E-04  2.957176E-04
200386  7.545103E-04  2.660453E-04
200387  7.707823E-04 -1.614899E-04
200388  1.465019E-04 -7.504988E-04
200389 -7.471808E-04  1.056889E-04
200390  7.137820E-04  2.120215E-04
200391 -7.147976E-04  1.116222E-04
200392 -1.435801E-05 -7.222888E-04
200393  4.371217E-04 -5.575152E-04
200394  1.867749E-04 -6.816046E-04
200395 -6.658071E-04 -2.038418E-04
200396  5.187155E-04  4.483607E-04
200397 -6.778318E-04  9.203175E-05
200398 -3.918031E-04 -5.441168E-04
200399 -5.050711E-04 -4.380304E-04
200400 -4.295200E-04  5.062799E-04
200401  5.369607E-04 -3.845836E-04
200402  9.834926E-05  6.740248E-04
200403 -3.358358E-04  5.916331E-04
200404  9.955992E-05  6.654352E-04
200405  5.335947E-04 -3.906813E-04
200406 -4.388712E-04  5.114613E-04
200407 -5.129737E-04 -4.285268E-04
200408 -3.925618E-04 -5.468105E-04
200409 -6.779034E-04  7.596147E-05
200410  5.125947E-04  4.398305E-04
200411 -6.669556E-04 -1.932205E-04
200412  2.023088E-04 -6.724128E-04
200413  4.529090E-04 -5.703818E-04
200414 -1.524599E-05 -7.340980E-04
200415 -7.094896E-04  1.433258E-04
200416  7.308030E-04  2.782077E-04
200417 -8.073100E-04  1.446643E-04
200418 -8.227689E-05 -7.652603E-04
200419  4.514686E-04 -1.811825E-04
200420  5.469606E-04  2.893036E-04
200421  7.479544E-04  3.397207E-04
200422  9.002202E-04  6.646171E-06
200423  6.730313E-04 -5.534925E-04
200424  1.533584E-05 -8.830340E-04
200425 -6.407547E-04 -6.356194E-04
200426 -8.954617E-04 -9.562058E-05
200427 -9.004886E-04  2.396098E-04
200428 -9.636684E-04  1.271668E-04
200429 -7.819380E-04 -6.051525E-04
200430  6.991287E-04 -7.262024E-04
200431 -3.522352E-04  9.735438E-04
200432  9.747795E-04 -3.729809E-04
200433 -1.045525E-03  4.041629E-04
200434  3.164104E-04  1.102460E-03
200435 -4.600479E-04  1.061886E-03
200436  3.995215E-04 -1.124259E-03
200437 -3.716227E-04 -1.145887E-03
200438  1.181555E-03  2.252182E-04
200439  4.193041E-04 -1.144336E-03
200440  1.195228E-03  2.277848E-04
200441 -3.687660E-04 -1.149539E-03
200442  3.920817E-04 -1.130945E-03
200443 -4.676097E-04  1.061798E-03
200444  3.059245E-04  1.105392E-03
200445 -1.049190E-03  4.037113E-04
200446  1.098523E-03 -1.151774E-04
200447  2.713776E-04 -1.025708E-03
200448  4.447044E-04 -9.303020E-04
200449  9.734788E-04  2.278178E-04
200450 -7.938418E-04  5.715692E-04
200451  6.582834E-04 -6.939915E-04
200452 -8.010656E-04  4.532811E-04
200453  8.944651E-04  4.840198E-05
200454 -6.716303E-04 -5.655042E-04
200455  2.572996E-04  8.019250E-04
200456  2.151413E-06 -8.373018E-04
200457  5.344718E-05  8.040667E-04
200458 -4.950490E-04 -6.139958E-04
200459  7.277077E-04 -2.715924E-04
200460  5.327984E-04  5.293527E-04
200461  3.534756E-04  6.534312E-04
200462  6.746950E-04  2.836828E-04
200463  1.876748E-04 -6.923560E-04
200464 -3.919365E-04  5.872708E-04
200465 -1.848494E-04 -6.633122E-04
200466  4.959261E-04 -4.804309E-04
200467  3.591915E-04 -5.817508E-04
200468 -5.795664E-04 -3.514013E-04
200469  4.983104E-04  4.418207E-04
200470 -5.666265E-04  3.161355E-04
200471 -6.591282E-04  3.022501E-05
200472 -3.301353E-04  5.717477E-04
200473  5.808413E-04 -2.726024E-04
200474 -1.737174E-04  6.200375E-04
200475 -5.491823E-04  3.322682E-04
200476 -1.634601E-04  6.266093E-04
200477  5.931050E-04 -2.682382E-04
200478 -3.271076E-04  5.727898E-04
200479 -6.674567E-04  3.720800E-05
200480 -5.704724E-04  3.263114E-04
200481  5.092428E-04  4.420016E-04
200482 -5.762487E-04 -3.574047E-04
200483  3.409145E-04 -5.799409E-04
200484  4.882927E-04 -4.742829E-04
200485 -1.686945E-04 -6.729909E-04
200486 -3.907153E-04  5.583140E-04
200487  1.749862E-04 -7.042053E-04
200488  6.986301E-04  3.193004E-04
200489  3.845191E-04  7.101878E-04
200490  4.781108E-04  5.735700E-04
200491  6.170739E-04 -2.254364E-04
200492 -5.258611E-04 -5.506400E-04
200493  1.171071E-04  8.550228E-04
200494  4.059547E-05 -8.258420E-04
200495  2.290158E-04  7.945996E-04
200496 -6.913148E-04 -5.615867E-04
200497  9.187138E-04  5.732476E-05
200498 -7.794397E-04  4.492039E-04
200499  6.513835E-04 -7.045927E-04
200500 -7.981144E-04  5.681303E-04
200501  9.919787E-04  2.257237E-04
200502  4.601614E-04 -9.413552E-04
200503  2.622411E-04 -1.038400E-03
200504  1.084979E-03 -1.186416E-04
200505 -1.149135E-03  1.473465E-04
200506  7.960015E-04 -8.856596E-04
200507 -7.497585E-04 -9.884292E-04
200508  8.402775E-04 -9.256399E-04
200509 -1.167664E-03 -4.734733E-04
200510  1.287636E-04 -1.269592E-03
200511 -1.282435E-03  4.263276E-06
200512  1.328785E-04 -1.269944E-03
200513 -1.184626E-03 -4.801296E-04
200514  8.372619E-04 -9.279477E-04
200515 -7.223534E-04 -9.782307E-04
200516  8.078952E-04 -8.773555E-04
200517 -1.162076E-03  1.443189E-04
200518 -1.037769E-03  4.493435E-04
200519 -4.673797E-04 -9.973659E-04
200520  5.084160E-04  9.284210E-04
200521  6.269507E-04 -8.218430E-04
200522 -3.841629E-04 -9.141669E-04
200523 -6.784365E-04 -6.813358E-04
200524 -6.197293E-04 -6.949463E-04
200525 -4.046175E-04 -8.033292E-04
200526 -1.762363E-04 -8.482753E-04
200527 -1.007879E-04 -8.338055E-04
200528 -3.125075E-04 -7.614723E-04
200529 -7.377227E-04 -3.158461E-04
200530 -4.150915E-04  6.683688E-04
200531  7.644008E-04 -3.427118E-05
200532 -7.434994E-04 -3.615676E-05
200533  4.648125E-04 -5.602160E-04
200534  6.835494E-04  2.074298E-04
200535  6.756774E-04  1.900231E-04
200536  3.882848E-04 -5.728671E-04
200537 -6.396575E-04  2.535796E-04
200538  2.757461E-04 -6.081081E-04
200539  6.442409E-04 -1.585496E-04
200540  4.573593E-04 -4.591383E-04
200541 -6.137047E-04 -1.859786E-04
200542  6.261552E-04 -1.227313E-04
200543  3.783995E-04  4.988735E-04
200544  5.971916E-04  2.367084E-04
200545 -1.206838E-04 -6.126470E-04
200546  5.048619E-04  3.889492E-04
200547  4.240849E-05  6.199283E-04
200548  4.959520E-04  3.880397E-04
200549 -1.245780E-04 -6.185771E-04
200550  6.103089E-04  2.207497E-04
200551  3.893284E-04  4.903501E-04
200552  6.182181E-04 -1.153840E-04
200553 -6.108378E-04 -1.787144E-04
200554  4.741882E-04 -4.556075E-04
200555  6.357279E-04 -1.623019E-04
200556  2.581882E-04 -6.130925E-04
200557 -6.281612E-04  2.678944E-04
200558  4.008637E-04 -5.628613E-04
200559  6.608708E-04  1.689318E-04
200560  6.786757E-04  1.867438E-04
200561  4.938585E-04 -5.491578E-04
200562 -7.126522E-04  2.629123E-06
200563  7.963072E-04  1.180182E-05
200564 -3.613831E-04  6.943511E-04
200565 -7.116924E-04 -3.215946E-04
200566 -3.478242E-04 -7.817097E-04
200567 -1.283691E-04 -8.438495E-04
200568 -1.531262E-04 -8.462162E-04
200569 -3.844215E-04 -8.065240E-04
200570 -6.372412E-04 -7.043646E-04
200571 -7.017726E-04 -6.798238E-04
200572 -3.901042E-04 -8.988139E-04
200573  6.259136E-04 -8.078960E-04
200574  5.007954E-04  9.307128E-04
200575 -4.755853E-04 -9.999106E-04
200576 -1.032134E-03  4.525471E-04
200577  1.214655E-03  7.790905E-05
200578  1.234526E-03  1.954175E-04
200579 -1.271763E-03  2.025369E-04
200580 -1.132821E-03  6.379542E-04
200581  1.138140E-03 -7.237669E-04
200582  1.338548E-03 -1.307250E-04
200583 -6.190006E-04 -1.215106E-03
200584  1.353387E-03 -1.229231E-04
200585  1.126025E-03 -7.222373E-04
200586 -1.139955E-03  6.392138E-04
200587 -1.262880E-03  2.038938E-04
200588  1.230237E-03  1.894440E-04
200589  1.209448E-03  7.204543E-05
200590 -7.963494E-04  8.565664E-04
200591  1.076017E-03  3.004225E-04
200592  1.060340E-03 -2.066942E-04
200593  8.650321E-04  5.947870E-04
200594 -6.851413E-04  7.396974E-04
200595 -3.046800E-05 -9.579319E-04
200596  4.003187E-04  8.456585E-04
200597 -6.031003E-04 -6.728820E-04
200598  7.731799E-04  3.887227E-04
200599 -8.288751E-04  1.648490E-04
200600  2.255471E-04 -7.770792E-04
200601  7.821520E-04  1.012070E-04
200602  5.325952E-04  5.578005E-04
200603  6.209408E-04  4.321169E-04
200604  6.021567E-04 -4.173057E-04
200605 -6.942691E-04 -1.654075E-04
200606  6.960758E-04 -8.299421E-05
200607  1.399526E-04  6.746225E-04
200608  4.510093E-05  6.663662E-04
200609  6.447598E-04  1.477944E-04
200610 -5.438522E-04 -3.572591E-04
200611  5.290500E-04 -3.804495E-04
200612  6.093238E-04 -1.488132E-04
200613  3.819488E-05 -6.187305E-04
200614 -1.379726E-04  5.983833E-04
200615 -6.001816E-04 -1.695823E-04
200616 -5.909133E-04 -9.401392E-05
200617  7.041517E-05  6.070213E-04
200618 -3.774404E-04 -5.032156E-04
200619  1.468440E-04 -5.788574E-04
200620 -3.805803E-04 -5.066722E-04
200621  5.305467E-05  6.148757E-04
200622 -5.972926E-04 -9.407941E-05
200623 -5.879840E-04 -1.708137E-04
200624 -1.497071E-04  5.995473E-04
200625  2.485745E-05 -6.326940E-04
200626  6.215507E-04 -1.458069E-04
200627  5.332943E-04 -3.709475E-04
200628 -5.474451E-04 -3.739123E-04
200629  6.447115E-04  1.503739E-04
200630  4.273487E-05  6.929224E-04
200631  1.378344E-04  6.829205E-04
200632  6.959973E-04 -9.857550E-05
200633 -6.958855E-04 -1.999944E-04
200634  5.904449E-04 -4.529990E-04
200635  6.124460E-04  4.040347E-04
200636  5.335124E-04  5.255495E-04
200637  7.610574E-04  7.741847E-05
200638  2.070650E-04 -7.796016E-04
200639 -8.019005E-04  1.716210E-04
200640  7.939785E-04  3.900071E-04
200641 -6.296955E-04 -6.770463E-04
200642  3.787034E-04  8.476988E-04
200643 -1.173033E-05 -9.542026E-04
200644 -6.659185E-04  7.311105E-04
200645  8.583207E-04  5.844210E-04
200646  1.054872E-03 -2.035177E-04
200647  1.081522E-03  3.082137E-04
200648 -7.951685E-04  8.602004E-04
200649  9.299625E-04  8.148876E-04
200650  1.820180E-04 -1.279203E-03
200651  1.088040E-03 -7.825726E-04
200652 -1.225888E-03 -6.450102E-04
200653  9.053991E-04 -1.070242E-03
200654  5.230456E-04 -1.319002E-03
200655 -1.376015E-03  3.855898E-04
200656  5.371032E-04 -1.315349E-03
200657  9.067253E-04 -1.072039E-03
200658 -1.223247E-03 -6.414332E-04
200659  1.078102E-03 -7.880064E-04
200660  1.648637E-04 -1.289755E-03
200661  9.412207E-04  8.259526E-04
200662  7.690403E-04 -9.187606E-04
200663  1.053737E-03 -4.656981E-04
200664 -1.161002E-04  1.097991E-03
200665  3.220011E-04 -1.003318E-03
200666 -1.010889E-03  1.459636E-04
200667  3.468888E-05  9.609332E-04
200668  8.762923E-04  3.391734E-04
200669  6.714174E-04 -6.026811E-04
200670 -3.829062E-04 -7.891101E-04
200671 -7.178215E-04  4.243586E-04
200672  7.542708E-04  3.043264E-04
200673 -6.509810E-04 -4.448246E-04
200674  7.599007E-04 -4.285738E-05
200675  7.388257E-05  7.365039E-04
200676 -2.319780E-04  6.874487E-04
200677  3.194081E-04  6.244465E-04
200678  3.771693E-04 -5.755465E-04
200679 -1.734046E-04  6.620422E-04
200680 -6.560858E-04 -1.166522E-05
200681 -6.430880E-04  1.139135E-04
200682  2.400796E-04  6.001206E-04
200683 -3.918763E-04 -5.005020E-04
200684  2.691522E-04 -5.547602E-04
200685 -7.764047E-05 -6.079723E-04
200686 -3.564610E-04  4.812838E-04
200687 -2.533253E-04 -5.412665E-04
200688 -9.228915E-05 -6.022165E-04
200689 -6.130647E-04  7.993033E-05
200690  5.259056E-04 -2.934629E-04
200691  5.918288E-04  2.634883E-04
200692  5.427305E-04 -2.944575E-04
200693 -6.156745E-04  9.942028E-05
200694 -1.095400E-04 -5.990989E-04
200695 -2.413248E-04 -5.415436E-04
200696 -3.586303E-04  4.932496E-04
200697 -8.248243E-05 -6.222574E-04
200698  2.724820E-04 -5.551630E-04
200699 -4.036140E-04 -4.837243E-04
200700  2.484980E-04  5.887729E-04
200701 -6.371665E-04  9.962707E-05
200702 -6.662044E-04 -2.320175E-05
200703 -1.714489E-04  6.658481E-04
200704  3.837516E-04 -5.443523E-04
200705  3.277015E-04  6.401213E-04
200706 -2.346477E-04  6.897486E-04
200707  6.460346E-05  7.437075E-04
200708  7.597193E-04 -3.609392E-05
200709 -6.567703E-04 -4.274048E-04
200710  7.673385E-04  3.244851E-04
200711 -6.977355E-04  4.297122E-04
200712 -4.042835E-04 -7.934236E-04
200713  6.498931E-04 -5.994295E-04
200714  8.953687E-04  3.525968E-04
200715  6.235543E-05  9.648241E-04
200716 -1.003976E-03  1.348380E-04
200717  3.201027E-04 -1.009080E-03
200718 -1.029166E-04  1.105056E-03
200719  1.070244E-03 -4.650301E-04
200720  7.584569E-04 -9.356044E-04
200721  8.913371E-04 -9.136612E-04
200722  4.094272E-04  1.278596E-03
200723  1.351038E-03  2.892185E-04
200724 -1.386360E-03  3.839635E-04
200725 -1.393602E-03 -4.395974E-04
200726 -1.058625E-03  1.043555E-03
200727  1.488543E-03 -1.675518E-04
200728 -1.063963E-03  1.036847E-03
200729 -1.394586E-03 -4.492544E-04
200730 -1.376131E-03  3.944831E-04
200731  1.350476E-03  2.937054E-04
200732  4.052763E-04  1.279295E-03
200733  8.974834E-04 -9.045543E-04
200734  1.192236E-03 -2.466968E-04
200735 -9.488059E-04  6.663253E-04
200736  9.155534E-04  6.442449E-04
200737  1.062007E-03 -5.757491E-05
200738  1.006336E-03  1.244470E-04
200739  6.608515E-04  7.097995E-04
200740 -1.630963E-04  9.170342E-04
200741 -7.776469E-04  4.396735E-04
200742 -8.517305E-04 -1.057335E-04
200743 -7.954808E-04 -2.495752E-04
200744 -7.848971E-04  1.387950E-04
200745 -9.643858E-05  7.757800E-04
200746  6.458597E-04 -3.767763E-04
200747 -5.635932E-04  4.531567E-04
200748 -3.099465E-04 -6.386355E-04
200749  3.695863E-05 -6.936829E-04
200750 -4.916189E-04 -4.668639E-04
200751  2.344584E-05  6.643163E-04
200752 -4.727745E-04 -4.415935E-04
200753 -4.687177E-05 -6.426311E-04
200754 -5.473338E-04 -3.253610E-04
200755  3.392770E-04  5.275304E-04
200756 -5.909697E-04  1.883870E-04
200757 -5.700927E-04  1.925480E-04
200758  3.637408E-04  4.676608E-04
200759 -5.912019E-04 -1.462904E-04
200760 -3.885867E-04 -4.607043E-04
200761 -5.133796E-04  2.928093E-04
200762  4.769671E-04 -3.474690E-04
200763  6.174009E-04  1.590163E-04
200764  4.859907E-04 -3.582667E-04
200765 -4.972909E-04  2.996806E-04
200766 -4.007221E-04 -4.687340E-04
200767 -5.757644E-04 -1.537738E-04
200768  3.593749E-04  4.829196E-04
200769 -5.695238E-04  1.953406E-04
200770 -5.841423E-04  1.884396E-04
200771  3.188758E-04  5.261006E-04
200772 -5.392206E-04 -3.239604E-04
200773 -4.367067E-05 -6.307494E-04
200774 -4.733433E-04 -4.589627E-04
200775  2.984607E-05  6.456535E-04
200776 -5.075273E-04 -4.522207E-04
200777  3.324568E-05 -6.767714E-04
200778 -3.109205E-04 -6.180604E-04
200779 -5.683630E-04  4.774998E-04
200780  6.551822E-04 -3.617835E-04
200781 -9.614985E-05  7.824505E-04
200782 -7.763633E-04  1.316245E-04
200783 -8.032354E-04 -2.663454E-04
200784 -8.749350E-04 -1.142579E-04
200785 -7.601458E-04  4.462583E-04
200786 -1.459894E-04  9.162704E-04
200787  6.370858E-04  6.983009E-04
200788  9.785184E-04  1.272655E-04
200789  1.053411E-03 -4.380486E-05
200790  9.120944E-04  6.484016E-04
200791 -9.502432E-04  6.665338E-04
200792  1.188633E-03 -2.482605E-04
200793 -7.955510E-04  1.036301E-03
200794 -1.081656E-03  8.239105E-04
200795  1.396957E-03 -2.738781E-04
200796  7.074506E-04  1.291328E-03
200797  1.269312E-03  8.381837E-04
200798  5.914637E-04 -1.430222E-03
200799 -1.114395E-03  1.064026E-03
200800  5.794522E-04 -1.433989E-03
200801  1.267396E-03  8.298079E-04
200802  7.088819E-04  1.297520E-03
200803  1.400127E-03 -2.706131E-04
200804 -1.076042E-03  8.321808E-04
200805 -8.001615E-04  1.028691E-03
200806 -1.440714E-05 -1.243330E-03
200807 -1.178766E-03  8.127384E-05
200808 -1.121170E-03  5.724278E-05
200809 -4.076714E-04 -9.841409E-04
200810  1.025073E-03  7.553442E-05
200811 -8.149877E-04  5.416581E-04
200812  4.411504E-04 -8.056364E-04
200813  6.445319E-05  8.889013E-04
200814 -7.129042E-04 -4.561761E-04
200815  5.186447E-04 -6.292453E-04
200816  7.870051E-04  6.842103E-05
200817  7.545382E-04  1.439287E-04
200818  5.394591E-04 -4.929110E-04
200819 -6.812289E-04 -2.333090E-04
200820  6.997448E-04  9.192118E-05
200821 -9.857913E-05  6.840662E-04
200822 -1.492939E-04  6.420026E-04
200823  6.028297E-04  2.416074E-04
200824 -5.741098E-04 -2.784804E-04
200825  2.611505E-04 -5.858899E-04
200826  8.978310E-05 -6.101501E-04
200827 -5.698986E-04  1.895440E-04
200828  2.776878E-04 -5.318212E-04
200829  4.878064E-04 -3.472395E-04
200830 -2.929716E-04 -5.108942E-04
200831  4.190349E-04  3.996079E-04
200832  2.396877E-05  5.671321E-04
200833  5.305271E-04  2.553841E-04
200834 -5.847135E-04 -1.469510E-04
200835 -2.127673E-04 -6.722418E-04
200836 -5.940874E-04 -1.569817E-04
200837  5.597942E-04  2.542855E-04
200838  7.678835E-06  5.578898E-04
200839  4.330501E-04  3.980185E-04
200840 -2.978916E-04 -5.125521E-04
200841  4.850348E-04 -3.414865E-04
200842  2.869570E-04 -5.247448E-04
200843 -5.787842E-04  1.736571E-04
200844  9.734569E-05 -6.076840E-04
200845  2.441885E-04 -5.633384E-04
200846 -5.743416E-04 -2.758072E-04
200847  6.183833E-04  2.307388E-04
200848 -1.636708E-04  6.233889E-04
200849 -9.677408E-05  6.618142E-04
200850  7.007471E-04  7.873947E-05
200851 -6.827466E-04 -2.434789E-04
200852  5.542796E-04 -5.022097E-04
200853  7.534056E-04  1.297028E-04
200854  7.911448E-04  5.580897E-05
200855  5.094859E-04 -6.354992E-04
200856 -7.114558E-04 -4.497114E-04
200857  9.143338E-05  8.952519E-04
200858  4.344542E-04 -8.285009E-04
200859 -8.418335E-04  5.220992E-04
200860  1.018349E-03  8.573064E-05
200861 -3.987824E-04 -9.757984E-04
200862 -1.129035E-03  4.238771E-05
200863 -1.195893E-03  7.579716E-05
200864 -1.541504E-05 -1.222550E-03
200865 -1.018302E-03 -8.071720E-04
200866 -1.212729E-03  6.330663E-04
200867  3.422880E-04 -1.404115E-03
200868  5.694237E-04 -1.386834E-03
200869 -1.272195E-03 -8.735227E-04
200870  2.232549E-04  1.537526E-03
200871  1.338880E-04 -1.576339E-03
200872  2.154761E-04  1.545005E-03
200873 -1.268981E-03 -8.718911E-04
200874  5.635605E-04 -1.391197E-03
200875  3.447902E-04 -1.413328E-03
200876 -1.208337E-03  6.415040E-04
200877 -1.023972E-03 -8.184180E-04
200878  1.070035E-04  1.249556E-03
200879  2.393761E-04  1.167081E-03
200880 -1.099299E-03  2.761670E-04
200881  8.310260E-04 -6.617016E-04
200882 -9.530918E-04  3.213164E-04
200883  8.749644E-04  4.231720E-04
200884 -2.395153E-04 -8.910212E-04
200885 -4.042710E-04  7.755786E-04
200886  6.121593E-04 -5.917905E-04
200887 -4.174685E-04  7.005809E-04
200888 -3.743494E-04 -6.963996E-04
200889  4.836932E-04 -5.958539E-04
200890  5.128165E-04 -5.163103E-04
200891 -2.365033E-04 -6.735072E-04
200892 -2.484023E-04  6.386561E-04
200893 -2.325641E-04 -6.285848E-04
200894  3.599334E-04 -5.538524E-04
200895 -8.390736E-05 -6.370952E-04
200896 -3.762835E-04  5.165878E-04
200897 -2.113952E-04 -5.785131E-04
200898 -3.989721E-05 -6.109613E-04
200899 -5.916084E-04  1.870599E-05
200900  5.535939E-04 -2.050850E-04
200901  5.132699E-04  2.781222E-04
200902  4.617316E-04 -3.455681E-04
200903 -4.504157E-04  3.682523E-04
200904 -5.073275E-04 -1.945210E-04
200905 -4.714020E-04  4.145155E-04
200906  3.615856E-04 -4.173628E-04
200907  4.182259E-04 -4.534745E-05
200908  3.377919E-04 -4.075666E-04
200909 -4.344743E-04  4.206255E-04
200910 -5.331584E-04 -2.092153E-04
200911 -4.453604E-04  3.798721E-04
200912  4.681594E-04 -3.590104E-04
200913  5.102825E-04  2.785858E-04
200914  5.540010E-04 -1.950108E-04
200915 -5.923471E-04  5.312837E-06
200916 -2.800796E-05 -6.092384E-04
200917 -2.296425E-04 -5.784429E-04
200918 -3.806473E-04  5.230634E-04
200919 -7.316111E-05 -6.248423E-04
200920  3.583522E-04 -5.655518E-04
200921 -2.156806E-04 -6.450115E-04
200922 -2.407007E-04  6.222707E-04
200923 -2.329857E-04 -6.914150E-04
200924  5.263353E-04 -5.222609E-04
200925  4.772569E-04 -6.034110E-04
200926 -3.764965E-04 -6.886575E-04
200927 -4.257821E-04  7.114745E-04
200928  6.214321E-04 -5.754649E-04
200929 -3.965041E-04  7.745203E-04
200930 -2.535694E-04 -9.127980E-04
200931  8.801456E-04  4.330159E-04
200932 -9.327295E-04  3.414565E-04
200933  8.541543E-04 -6.603227E-04
200934 -1.092956E-03  2.667883E-04
200935  2.312492E-04  1.161279E-03
200936  1.048632E-04  1.260710E-03
200937 -7.393384E-04 -1.083508E-03
200938 -5.390461E-04  1.251743E-03
200939 -1.412396E-03 -3.326032E-04
200940 -1.396924E-03  5.622048E-04
200941  1.056800E-03  1.123020E-03
200942 -4.877664E-04 -1.514114E-03
200943  3.166260E-04  1.566136E-03
200944 -4.926528E-04 -1.502433E-03
200945  1.061595E-03  1.132364E-03
200946 -1.403135E-03  5.548952E-04
200947 -1.407471E-03 -3.466042E-04
200948 -5.396916E-04  1.257830E-03
200949 -7.416416E-04 -1.088060E-03
200950 -1.170215E-03  4.079150E-04
200951 -9.701609E-04 -6.560624E-04
200952  1.108455E-03  5.903867E-05
200953 -8.398145E-04 -6.576208E-04
200954 -4.603829E-04  8.855910E-04
200955  7.591001E-04  5.908209E-04
200956  7.469546E-04 -5.296282E-04
200957 -4.440745E-04 -7.604518E-04
200958 -5.382201E-04  6.277030E-04
200959  7.866494E-04 -2.007344E-04
200960 -6.966443E-04  3.447056E-04
200961 -3.952248E-05 -7.557607E-04
200962  5.221235E-04 -5.065966E-04
200963  2.624847E-04 -6.464031E-04
200964 -6.566895E-04 -1.504184E-04
200965  6.516780E-04  9.142512E-05
200966 -4.216628E-05  6.453784E-04
200967  6.027152E-05  6.300113E-04
200968  5.614016E-04 -2.365678E-04
200969 -3.586832E-04  4.891634E-04
200970 -5.964115E-04  1.059214E-04
200971 -1.290305E-04  5.781057E-04
200972  1.387607E-04 -5.666784E-04
200973  5.645787E-04 -1.147608E-04
200974  2.598201E-04 -5.005684E-04
200975 -3.398236E-04  4.483854E-04
200976 -5.160624E-04 -1.315721E-04
200977 -4.887159E-04  3.702991E-04
200978  4.138774E-04 -4.072046E-04
200979  4.566080E-04  1.337221E-06
200980  3.772144E-04 -3.824495E-04
200981 -4.511373E-04  3.881637E-04
200982 -5.360824E-04 -1.590586E-04
200983 -3.459840E-04  4.661045E-04
200984  2.745179E-04 -5.106346E-04
200985  5.621154E-04 -1.149031E-04
200986  1.311191E-04 -5.634515E-04
200987 -1.305824E-04  5.700387E-04
200988 -5.850062E-04  1.131356E-04
200989 -3.577345E-04  4.736942E-04
200990  5.594209E-04 -2.377249E-04
200991  5.682344E-05  6.482458E-04
200992 -4.563842E-05  6.513563E-04
200993  6.611205E-04  1.018992E-04
200994 -6.573608E-04 -1.475119E-04
200995  2.585117E-04 -6.497131E-04
200996  5.238431E-04 -4.989225E-04
200997 -5.125703E-05 -7.560220E-04
200998 -7.041757E-04  3.603468E-04
200999  7.806747E-04 -1.947155E-04
201000 -5.318708E-04  6.382441E-04
201001 -4.516213E-04 -7.729966E-04
201002  7.339040E-04 -5.338095E-04
201003  7.703539E-04  6.301162E-04
201004 -4.467625E-04  8.972076E-04
201005 -8.267951E-04 -6.660983E-04
201006  1.112451E-03  6.886266E-05
201007 -9.680508E-04 -6.495361E-04
201008 -1.164304E-03  3.977497E-04
201009 -1.303070E-03  2.706148E-05
201010  1.207709E-03  6.136158E-04
201011  1.811488E-04  1.429011E-03
201012  1.346772E-03  6.413754E-04
201013 -3.450030E-04 -1.497786E-03
201014 -7.616137E-05  1.568555E-03
201015  1.311042E-04 -1.556164E-03
201016 -7.872649E-05  1.576657E-03
201017 -3.420276E-04 -1.488198E-03
201018  1.340566E-03  6.372491E-04
201019  1.871781E-04  1.419157E-03
201020  1.203006E-03  6.166500E-04
201021 -1.301499E-03  2.890953E-05
201022 -8.717344E-04  8.681688E-04
201023 -8.761088E-04 -7.629839E-04
201024  8.204161E-04  7.490492E-04
201025  3.858040E-04 -9.683781E-04
201026 -7.132714E-04 -7.106292E-04
201027 -9.350307E-04 -8.594825E-06
201028 -6.690777E-04  5.944691E-04
201029  4.300031E-05  8.645745E-04
201030  8.119855E-04  1.397366E-04
201031 -1.782031E-04 -7.693156E-04
201032 -7.276189E-05  7.700820E-04
201033 -4.007512E-04 -6.277719E-04
201034  5.092059E-04 -5.119741E-04
201035  5.102279E-04 -4.564909E-04
201036 -2.933234E-04 -6.088600E-04
201037  8.007021E-05  6.541449E-04
201038 -6.320868E-04 -1.327205E-04
201039 -5.629203E-04 -2.614018E-04
201040 -2.850719E-04  5.480865E-04
201041  1.507049E-04 -5.856887E-04
201042  5.664644E-04 -1.597898E-04
201043  2.206536E-04 -5.428660E-04
201044 -3.351538E-04  4.718233E-04
201045 -5.259402E-04 -2.289724E-04
201046 -5.357256E-04  1.909106E-04
201047  5.614897E-04 -3.078555E-05
201048  1.764473E-04  5.568503E-04
201049  4.641977E-04  2.265672E-04
201050 -4.815890E-04 -3.688333E-04
201051  9.067434E-05 -7.205847E-04
201052 -5.252619E-04 -3.477646E-04
201053  4.950492E-04  2.538939E-04
201054  1.761491E-04  5.247094E-04
201055  5.477585E-04 -1.672638E-05
201056 -5.214667E-04  1.883914E-04
201057 -5.312153E-04 -2.269565E-04
201058 -3.414176E-04  4.668371E-04
201059  2.183536E-04 -5.497430E-04
201060  5.698624E-04 -1.485540E-04
201061  1.660583E-04 -5.958492E-04
201062 -2.822330E-04  5.432401E-04
201063 -5.727742E-04 -2.530514E-04
201064 -6.419295E-04 -1.240953E-04
201065  7.284098E-05  6.723287E-04
201066 -3.071068E-04 -5.991908E-04
201067  4.957425E-04 -4.543636E-04
201068  5.020427E-04 -5.022897E-04
201069 -4.093756E-04 -6.290213E-04
201070 -7.761350E-05  7.822308E-04
201071 -1.734325E-04 -7.738211E-04
201072  8.169319E-04  1.425550E-04
201073  3.488840E-05  8.450920E-04
201074 -6.841998E-04  6.039704E-04
201075 -9.356485E-04  2.951402E-05
201076 -7.077083E-04 -7.246657E-04
201077  3.899286E-04 -9.908571E-04
201078  8.125856E-04  7.626018E-04
201079 -8.777314E-04 -7.460933E-04
201080 -8.542924E-04  8.497026E-04
201081  1.002709E-03  7.598406E-04
201082 -5.863679E-04 -1.213868E-03
201083  6.741306E-04 -1.210150E-03
201084 -6.457760E-04 -1.301151E-03
201085 -6.841192E-04  1.349828E-03
201086  1.061565E-03 -1.105616E-03
201087 -1.123253E-03  1.084357E-03
201088  1.062567E-03 -1.101126E-03
201089 -6.817340E-04  1.356186E-03
201090 -6.534575E-04 -1.302887E-03
201091  6.785087E-04 -1.215341E-03
201092 -5.927291E-04 -1.214157E-03
201093  1.006926E-03  7.667127E-04
201094  1.205732E-03 -6.567267E-05
201095  5.720266E-05  1.136260E-03
201096  1.280766E-04 -1.078062E-03
201097 -1.023810E-03  1.239519E-04
201098 -4.352106E-04  8.747192E-04
201099  1.447544E-04  9.106014E-04
201100  5.559066E-04  7.119995E-04
201101  8.296762E-04  1.987904E-04
201102  5.019276E-04 -6.423428E-04
201103 -6.880239E-04 -3.703849E-04
201104  3.714702E-04  6.637173E-04
201105 -6.001841E-04 -4.310575E-04
201106  4.236993E-04 -5.730685E-04
201107  5.416166E-04 -4.053494E-04
201108 -1.012396E-04 -6.631385E-04
201109 -2.470821E-04  6.020898E-04
201110 -3.832249E-04 -5.092958E-04
201111 -1.286256E-04 -6.053191E-04
201112 -6.111897E-04  1.699882E-07
201113  5.940272E-04 -3.231886E-05
201114  2.339389E-04  5.417308E-04
201115  5.326458E-04  2.163282E-04
201116 -4.102584E-04 -3.864377E-04
201117  3.415855E-04 -4.572429E-04
201118  4.761230E-06 -5.550652E-04
201119 -2.061074E-04  5.033175E-04
201120 -5.464999E-04 -8.095084E-05
201121 -4.748095E-04  2.974588E-04
201122  5.014027E-04 -2.876082E-04
201123  5.340728E-04  2.619818E-04
201124  4.608393E-04 -2.803722E-04
201125 -4.571468E-04  3.301857E-04
201126 -5.288846E-04 -1.042481E-04
201127 -2.217044E-04  5.089565E-04
201128  1.569296E-05 -5.524158E-04
201129  3.324131E-04 -4.556373E-04
201130 -4.104368E-04 -3.937702E-04
201131  5.327564E-04  2.095731E-04
201132  2.290292E-04  5.503707E-04
201133  6.094215E-04 -3.069153E-05
201134 -6.063328E-04 -3.183451E-06
201135 -1.346121E-04 -6.065590E-04
201136 -3.931695E-04 -5.065064E-04
201137 -2.613274E-04  6.119790E-04
201138 -1.189734E-04 -6.593567E-04
201139  5.253663E-04 -4.079695E-04
201140  4.165298E-04 -5.670500E-04
201141 -6.012596E-04 -4.320785E-04
201142  3.711782E-04  6.739888E-04
201143 -6.720603E-04 -3.753307E-04
201144  5.062056E-04 -6.424750E-04
201145  8.283102E-04  1.796717E-04
201146  5.364113E-04  7.242571E-04
201147  1.408322E-04  9.322142E-04
201148 -4.208450E-04  8.452491E-04
201149 -1.016732E-03  9.671048E-05
201150  1.179595E-04 -1.071002E-03
201151  4.592891E-05  1.152178E-03
201152  1.229114E-03 -7.985569E-05
201153 -1.125647E-03  5.508059E-04
201154  1.183021E-03  5.337260E-04
201155 -3.040969E-04  1.346100E-03
201156  5.466497E-04  1.320892E-03
201157  1.090412E-03 -9.579750E-04
201158 -1.436183E-03  3.585957E-04
201159  1.480349E-03 -1.624099E-04
201160 -1.432498E-03  3.633652E-04
201161  1.093915E-03 -9.531537E-04
201162  5.380461E-04  1.318569E-03
201163 -3.012748E-04  1.342544E-03
201164  1.177233E-03  5.304334E-04
201165 -1.122602E-03  5.620968E-04
201166 -1.168759E-05  1.173765E-03
201167 -1.042414E-03  3.730508E-04
201168  9.382676E-04 -5.323529E-04
201169 -8.633063E-04 -5.099969E-04
201170 -7.424393E-04  6.195495E-04
201171 -5.831631E-05  9.035546E-04
201172  5.070872E-04  7.268504E-04
201173  8.269934E-04  1.339347E-04
201174  3.727675E-04 -7.132531E-04
201175 -7.490115E-04 -1.890403E-04
201176  5.460018E-04  5.118945E-04
201177 -7.004957E-04 -2.080166E-04
201178  1.925600E-04 -6.745982E-04
201179  3.568008E-04 -5.662382E-04
201180 -3.250487E-04 -5.784834E-04
201181 -2.819593E-05  6.468971E-04
201182 -5.210405E-04 -3.560653E-04
201183 -3.005791E-04 -5.308875E-04
201184 -5.802930E-04  1.667712E-04
201185  5.666305E-04 -1.785999E-04
201186  3.413673E-04  4.737487E-04
201187  5.597527E-04  1.088394E-04
201188 -4.657604E-04 -3.108764E-04
201189  2.751906E-04 -4.944306E-04
201190 -5.774817E-05 -5.485930E-04
201191 -1.542935E-04  5.203509E-04
201192 -5.570243E-04 -4.731356E-05
201193 -4.282151E-04  3.193043E-04
201194  4.807791E-04 -2.893094E-04
201195  5.511314E-04  2.969648E-04
201196  4.500769E-04 -2.944840E-04
201197 -4.278909E-04  3.509550E-04
201198 -5.324237E-04 -5.538810E-05
201199 -1.668689E-04  5.179084E-04
201200 -4.982904E-05 -5.419697E-04
201201  2.647898E-04 -4.963500E-04
201202 -4.616328E-04 -3.156579E-04
201203  5.630720E-04  1.035256E-04
201204  3.331432E-04  4.762818E-04
201205  5.743142E-04 -1.703745E-04
201206 -5.761046E-04  1.662120E-04
201207 -2.999798E-04 -5.345119E-04
201208 -5.269138E-04 -3.576932E-04
201209 -3.983853E-05  6.476149E-04
201210 -3.387354E-04 -5.816402E-04
201211  3.459815E-04 -5.736398E-04
201212  1.882684E-04 -6.698740E-04
201213 -6.976318E-04 -2.049530E-04
201214  5.456774E-04  5.227530E-04
201215 -7.292255E-04 -1.860940E-04
201216  3.758679E-04 -7.141635E-04
201217  8.321520E-04  1.196515E-04
201218  4.843498E-04  7.338168E-04
201219 -5.625985E-05  9.161075E-04
201220 -7.148957E-04  5.948736E-04
201221 -8.514279E-04 -5.320248E-04
201222  9.323580E-04 -5.271772E-04
201223 -1.059421E-03  3.802658E-04
201224  1.172855E-05  1.167555E-03
