Mesh2HRTF 1.0.0-dev
    1
    1  1225
200000 -1.850652E-05  1.531029E-05
200001  7.624049E-07 -6.769083E-08
200002  3.279135E-06 -2.725718E-06
200003  5.386361E-06 -5.095678E-06
200004  7.075180E-06 -7.198434E-06
200005  8.375623E-06 -9.072670E-06
200006  9.344008E-06 -1.075740E-05
200007  1.004985E-05 -1.227841E-05
200008  1.056409E-05 -1.364067E-05
200009  1.094988E-05 -1.482753E-05
200010  1.125653E-05 -1.580564E-05
200011  1.151666E-05 -1.653359E-05
200012  1.174611E-05 -1.697185E-05
200013  1.194594E-05 -1.709127E-05
200014  1.210544E-05 -1.687858E-05
200015  1.220538E-05 -1.633809E-05
200016  1.222069E-05 -1.548962E-05
200017  1.212201E-05 -1.436383E-05
200018  1.187597E-05 -1.299588E-05
200019  1.144472E-05 -1.141892E-05
200020  1.078535E-05 -9.658361E-06
200021  9.850816E-06 -7.728271E-06
200022  8.593675E-06 -5.630608E-06
200023  6.973734E-06 -3.358462E-06
200024  4.969899E-06 -9.037251E-07
200025  2.594903E-06  1.730972E-06
200026 -8.981907E-08  4.517493E-06
200027 -2.963120E-06  7.387388E-06
200028 -5.841370E-06  1.022105E-05
200029 -8.487439E-06  1.284516E-05
200030 -1.063278E-05  1.504189E-05
200031 -1.201086E-05  1.657109E-05
200032 -1.239681E-05  1.720325E-05
200033 -1.164579E-05  1.675790E-05
200034 -9.721590E-06  1.513917E-05
200035 -6.708547E-06  1.236020E-05
200036 -2.803332E-06  8.549493E-06
200037  1.712240E-06  3.936993E-06
200038  6.511477E-06 -1.177803E-06
200039  1.126741E-05 -6.468276E-06
200040  1.569238E-05 -1.162399E-05
200041  1.956528E-05 -1.638541E-05
200042  2.274312E-05 -2.056356E-05
200043  2.515776E-05 -2.404287E-05
200044  2.680208E-05 -2.677012E-05
200045  2.771152E-05 -2.873555E-05
200046  2.794623E-05 -2.995320E-05
200047  2.757739E-05 -3.044615E-05
200048  2.667854E-05 -3.023944E-05
200049  2.532103E-05 -2.936008E-05
200050  2.357123E-05 -2.784129E-05
200051  2.148795E-05 -2.572705E-05
200052  1.911906E-05 -2.307375E-05
200053  1.649843E-05 -1.994790E-05
200054  1.364499E-05 -1.642142E-05
200055  1.056619E-05 -1.256738E-05
200056  7.267168E-06 -8.459686E-06
200057  3.765053E-06 -4.178490E-06
200058  1.052948E-07  1.797966E-07
200059 -3.624500E-06  4.491627E-06
200060 -7.288239E-06  8.600149E-06
200061 -1.070651E-05  1.231860E-05
200062 -1.367386E-05  1.544557E-05
200063 -1.598592E-05  1.779047E-05
200064 -1.747069E-05  1.920357E-05
200065 -1.801721E-05  1.960321E-05
200066 -1.759500E-05  1.899291E-05
200067 -1.626031E-05  1.746360E-05
200068 -1.414809E-05  1.518050E-05
200069 -1.145214E-05  1.235765E-05
200070 -8.398008E-06  9.226060E-06
200071 -5.214084E-06  6.002291E-06
200072 -2.105966E-06  2.863427E-06
200073  1.049715E-05 -8.812869E-06
200074  7.690300E-06 -4.219653E-06
200075  4.236120E-06  9.494244E-07
200076  6.122771E-07  5.909523E-06
200077 -2.777315E-06  9.940941E-06
200078 -5.616242E-06  1.251326E-05
200079 -7.700366E-06  1.341305E-05
200080 -8.967634E-06  1.281535E-05
200081 -9.506140E-06  1.123946E-05
200082 -9.519255E-06  9.379691E-06
200083 -9.254172E-06  7.871017E-06
200084 -8.926935E-06  7.090371E-06
200085 -8.679940E-06  7.078089E-06
200086 -8.583800E-06  7.600555E-06
200087 -8.663092E-06  8.305300E-06
200088 -8.910427E-06  8.883250E-06
200089 -9.266485E-06  9.163648E-06
200090 -9.575069E-06  9.111039E-06
200091 -9.549813E-06  8.743742E-06
200092 -8.795219E-06  8.027704E-06
200093 -6.905533E-06  6.809093E-06
200094 -3.629248E-06  4.833536E-06
200095  9.501665E-07  1.864436E-06
200096  6.290108E-06 -2.133519E-06
200097  1.139236E-05 -6.821663E-06
200098  1.497484E-05 -1.142010E-05
200099  1.579899E-05 -1.481995E-05
200100  1.307957E-05 -1.588768E-05
200101  6.854900E-06 -1.388923E-05
200102 -1.823575E-06 -8.885838E-06
200103 -1.099855E-05 -1.923646E-06
200104 -1.825223E-05  5.120887E-06
200105 -2.141306E-05  1.006350E-05
200106 -1.931800E-05  1.116965E-05
200107 -1.234189E-05  7.875278E-06
200108 -2.433204E-06  1.153957E-06
200109  7.439365E-06 -6.685833E-06
200110  1.427003E-05 -1.275914E-05
200111  1.604813E-05 -1.464141E-05
200112  1.240501E-05 -1.125196E-05
200113  4.608907E-06 -3.207212E-06
200114 -5.049569E-06  7.484895E-06
200115 -1.416316E-05  1.821198E-05
200116 -2.099701E-05  2.665746E-05
200117 -2.487788E-05  3.146051E-05
200118 -2.613269E-05  3.245747E-05
200119 -2.571662E-05  3.052816E-05
200120 -2.473601E-05  2.718426E-05
200121 -2.402872E-05  2.404591E-05
200122 -2.388955E-05  2.231853E-05
200123 -2.397843E-05  2.237219E-05
200124 -2.342875E-05  2.354818E-05
200125 -2.115290E-05  2.431683E-05
200126 -1.629174E-05  2.282635E-05
200127 -8.679681E-06  1.770917E-05
200128  8.631331E-07  8.830258E-06
200129  1.058778E-05 -2.399873E-06
200130  1.828254E-05 -1.337979E-05
200131  2.201960E-05 -2.125721E-05
200132  2.088966E-05 -2.405533E-05
200133  1.539703E-05 -2.146241E-05
200134  7.322979E-06 -1.491972E-05
200135 -8.927486E-07 -6.994352E-06
200136 -6.984708E-06 -3.630117E-07
200137 -9.563056E-06  3.123469E-06
200138 -8.428407E-06  2.928662E-06
200139 -4.439693E-06 -2.368738E-07
200140  9.365959E-07 -4.893912E-06
200141  6.169822E-06 -9.408122E-06
200142  1.009271E-05 -1.248512E-05
200143  1.210145E-05 -1.341597E-05
200144  1.213204E-05 -1.208148E-05
200145 -9.883313E-06  5.417259E-06
200146 -8.775292E-06  2.108258E-06
200147 -5.943901E-06 -1.178519E-06
200148 -3.063789E-06 -2.665387E-06
200149 -1.207454E-06 -2.089412E-06
200150 -2.631928E-07 -9.352623E-07
200151  7.979801E-07 -1.291087E-06
200152  2.937190E-06 -4.136660E-06
200153  6.101441E-06 -8.453538E-06
200154  9.134827E-06 -1.192114E-05
200155  1.066375E-05 -1.261786E-05
200156  1.020235E-05 -1.033729E-05
200157  8.530315E-06 -6.574086E-06
200158  7.067596E-06 -3.401040E-06
200159  6.830175E-06 -2.226121E-06
200160  7.793272E-06 -3.237049E-06
200161  9.008303E-06 -5.618711E-06
200162  9.206892E-06 -8.107572E-06
200163  7.431295E-06 -9.460183E-06
200164  3.438108E-06 -8.736289E-06
200165 -2.152194E-06 -5.528426E-06
200166 -7.956895E-06 -2.149509E-07
200167 -1.221285E-05  5.908259E-06
200168 -1.337738E-05  1.087412E-05
200169 -1.072565E-05  1.275368E-05
200170 -4.690864E-06  1.056591E-05
200171  3.149203E-06  4.906219E-06
200172  1.037161E-05 -2.077837E-06
200173  1.424670E-05 -7.403787E-06
200174  1.259960E-05 -8.422714E-06
200175  5.007699E-06 -4.074455E-06
200176 -6.111488E-06  4.219286E-06
200177 -1.550354E-05  1.258456E-05
200178 -1.705266E-05  1.610856E-05
200179 -7.417635E-06  1.145531E-05
200180  1.072202E-05 -5.650485E-07
200181  2.860680E-05 -1.439238E-05
200182  3.575956E-05 -2.228617E-05
200183  2.663989E-05 -1.911025E-05
200184  4.929239E-06 -6.204401E-06
200185 -1.819007E-05  8.841199E-06
200186 -3.094429E-05  1.689263E-05
200187 -2.800195E-05  1.316127E-05
200188 -1.252683E-05 -2.232404E-07
200189  7.517261E-06 -1.673193E-05
200190  2.499573E-05 -3.054466E-05
200191  3.670878E-05 -3.991866E-05
200192  4.271782E-05 -4.658229E-05
200193  4.392587E-05 -5.248068E-05
200194  4.043304E-05 -5.690124E-05
200195  3.157052E-05 -5.611179E-05
200196  1.712092E-05 -4.576095E-05
200197 -1.149379E-06 -2.470644E-05
200198 -1.868298E-05  2.190189E-06
200199 -2.919695E-05  2.490652E-05
200200 -2.787396E-05  3.339614E-05
200201 -1.495474E-05  2.415236E-05
200202  3.201720E-06  3.277276E-06
200203  1.715208E-05 -1.681147E-05
200204  1.984835E-05 -2.498843E-05
200205  1.075946E-05 -1.788779E-05
200206 -4.221860E-06 -9.007804E-07
200207 -1.676265E-05  1.625393E-05
200208 -2.099251E-05  2.565960E-05
200209 -1.620400E-05  2.497300E-05
200210 -6.218134E-06  1.724191E-05
200211  3.465979E-06  7.953603E-06
200212  8.661508E-06  1.689355E-06
200213  8.083197E-06  1.900929E-07
200214  3.191992E-06  2.318704E-06
200215 -3.103939E-06  5.364481E-06
200216 -7.994716E-06  6.762610E-06
200217  1.291729E-06  6.816077E-06
200218  5.850660E-06  1.585304E-06
200219  1.043753E-05 -5.754391E-06
200220  1.316608E-05 -9.752418E-06
200221  1.114753E-05 -6.374567E-06
200222  3.821230E-06  2.242860E-06
200223 -4.866479E-06  8.945495E-06
200224 -9.162681E-06  8.606617E-06
200225 -7.027676E-06  3.334982E-06
200226 -2.303965E-06 -2.464119E-07
200227 -7.517280E-07  1.717339E-06
200228 -4.239419E-06  6.852818E-06
200229 -9.433132E-06  1.000869E-05
200230 -1.191740E-05  8.757232E-06
200231 -1.058647E-05  5.037383E-06
200232 -7.629763E-06  2.391279E-06
200233 -5.172903E-06  2.545795E-06
200234 -3.108912E-06  4.388755E-06
200235 -2.149442E-07  5.363564E-06
200236  3.628066E-06  3.645240E-06
200237  7.025870E-06 -4.521287E-07
200238  8.545207E-06 -4.735116E-06
200239  7.881089E-06 -6.904343E-06
200240  5.403246E-06 -6.344016E-06
200241  1.147706E-06 -4.219735E-06
200242 -4.948837E-06 -1.954921E-06
200243 -1.150242E-05 -4.493420E-08
200244 -1.485891E-05  1.426987E-06
200245 -1.102845E-05  1.695570E-06
200246  1.899130E-07 -2.918189E-07
200247  1.256313E-05 -4.061177E-06
200248  1.620790E-05 -6.885526E-06
200249  5.618189E-06 -5.916719E-06
200250 -1.322519E-05 -1.511271E-06
200251 -2.482835E-05  2.119296E-06
200252 -1.708079E-05  8.513267E-07
200253  4.818485E-06 -3.882737E-06
200254  1.899683E-05 -4.505830E-06
200255  6.811005E-06  5.164666E-06
200256 -2.494743E-05  2.017783E-05
200257 -4.523760E-05  2.463783E-05
200258 -2.803525E-05  6.610127E-06
200259  1.868384E-05 -2.522251E-05
200260  5.753379E-05 -4.371610E-05
200261  5.745474E-05 -2.695309E-05
200262  2.180022E-05  2.049129E-05
200263 -2.046884E-05  7.286877E-05
200264 -4.519731E-05  1.077624E-04
200265 -4.808771E-05  1.195046E-04
200266 -3.442391E-05  1.097914E-04
200267 -7.509419E-06  7.717059E-05
200268  2.640425E-05  2.508272E-05
200269  5.047450E-05 -2.586275E-05
200270  4.702960E-05 -4.755962E-05
200271  1.720155E-05 -3.111806E-05
200272 -1.577451E-05  2.292943E-06
200273 -2.726967E-05  2.196809E-05
200274 -1.378864E-05  1.640306E-05
200275  6.677036E-06 -8.182006E-07
200276  1.449802E-05 -9.967281E-06
200277  6.124543E-06 -4.961737E-06
200278 -6.486902E-06  4.915040E-06
200279 -1.010525E-05  7.690399E-06
200280 -2.048718E-06 -4.284838E-08
200281  1.003565E-05 -1.252586E-05
200282  1.679014E-05 -2.167103E-05
200283  1.458408E-05 -2.326704E-05
200284  6.441025E-06 -1.824715E-05
200285 -1.893357E-06 -1.016192E-05
200286 -6.282425E-06 -2.182563E-06
200287 -6.027775E-06  4.024517E-06
200288 -2.879187E-06  7.450373E-06
200289  3.580284E-06 -3.139572E-06
200290 -9.796095E-06  6.287962E-06
200291 -1.712867E-05  6.739743E-06
200292 -1.196692E-05 -1.414515E-06
200293 -1.545947E-06 -5.690240E-06
200294  2.024350E-06 -3.613634E-08
200295 -2.628173E-06  5.875126E-06
200296 -5.698756E-06  1.887667E-06
200297 -6.023816E-07 -7.078503E-06
200298  7.394854E-06 -9.029711E-06
200299  8.986826E-06 -2.450115E-06
200300  3.508462E-06  2.922135E-06
200301 -4.333923E-07  4.805011E-07
200302  3.161449E-06 -5.713763E-06
200303  9.689515E-06 -8.358477E-06
200304  1.037853E-05 -6.104177E-06
200305  3.380799E-06 -2.714107E-06
200306 -5.133779E-06 -7.083548E-07
200307 -9.196902E-06  4.153949E-07
200308 -8.900880E-06  1.081258E-06
200309 -8.071728E-06  5.560403E-07
200310 -8.458408E-06 -6.595779E-07
200311 -7.634651E-06 -3.937379E-07
200312 -2.326686E-06  1.778953E-06
200313  7.050678E-06  2.829660E-06
200314  1.526363E-05  2.163707E-07
200315  1.562767E-05 -3.625820E-06
200316  5.861874E-06 -3.551097E-06
200317 -8.105586E-06  1.431930E-06
200318 -1.519454E-05  6.321819E-06
200319 -8.287666E-06  6.223985E-06
200320  8.070380E-06  2.082871E-06
200321  1.896845E-05 -1.072595E-06
200322  1.148675E-05 -6.437737E-08
200323 -9.408993E-06  3.435249E-06
200324 -1.958500E-05  4.933785E-06
200325 -5.885493E-07  1.886558E-06
200326  3.117458E-05 -2.602429E-06
200327  3.442725E-05 -2.247425E-06
200328 -3.725963E-06  2.851034E-06
200329 -3.684169E-05  1.484570E-06
200330 -1.029490E-05 -1.341960E-05
200331  5.512439E-05 -2.197970E-05
200332  6.856665E-05  1.079842E-05
200333 -1.777192E-05  7.876924E-05
200334 -1.332567E-04  1.061048E-04
200335 -1.698959E-04  2.026697E-05
200336 -1.210451E-04 -1.366574E-04
200337 -8.285504E-05 -2.190874E-04
200338 -1.138844E-04 -1.374639E-04
200339 -1.543793E-04  2.759661E-05
200340 -1.175368E-04  1.167918E-04
200341 -1.508225E-05  7.443092E-05
200342  5.865345E-05 -1.253702E-05
200343  4.835012E-05 -4.397293E-05
200344 -5.812986E-06 -1.452882E-05
200345 -3.342181E-05  1.730736E-05
200346 -1.559504E-05  1.665472E-05
200347  1.293834E-05 -1.864313E-06
200348  1.860590E-05 -1.176595E-05
200349  3.779010E-06 -7.712674E-06
200350 -8.065529E-06 -1.194991E-06
200351 -4.912199E-06 -1.010939E-07
200352  3.815167E-06 -1.046672E-06
200353  3.971710E-06  2.316095E-06
200354 -5.957423E-06  1.046247E-05
200355 -1.601055E-05  1.841605E-05
200356 -1.749438E-05  2.104515E-05
200357 -1.017206E-05  1.615787E-05
200358  8.166757E-07  5.181532E-06
200359  9.801138E-06 -6.219399E-06
200360  1.164833E-05 -9.992336E-06
200361  5.545120E-06 -7.697481E-06
200362  4.687803E-06  3.087872E-06
200363 -2.875643E-06  1.130577E-05
200364 -5.341105E-07  2.728477E-06
200365  9.590002E-06 -7.114630E-06
200366  1.161295E-05 -2.090528E-06
200367  4.440651E-06  5.448005E-06
200368 -4.585683E-07  1.127335E-06
200369  7.185142E-07 -5.266399E-06
200370  2.683813E-06 -1.216490E-06
200371  5.915205E-07  5.777278E-06
200372 -4.665540E-06  3.281694E-06
200373 -6.827057E-06 -4.962527E-06
200374 -3.138384E-06 -6.202694E-06
200375  2.091996E-07  1.629553E-06
200376 -1.160355E-06  7.943465E-06
200377 -1.869664E-06  4.822491E-06
200378  3.273949E-06 -3.395648E-06
200379  1.088289E-05 -7.358597E-06
200380  1.496849E-05 -4.593063E-06
200381  1.370264E-05 -5.370389E-07
200382  8.569047E-06  2.018084E-07
200383  1.435858E-06 -5.543878E-07
200384 -6.332882E-06  1.310938E-06
200385 -1.201283E-05  4.880563E-06
200386 -1.107316E-05  4.652840E-06
200387 -3.034027E-06 -4.674754E-07
200388  5.549179E-06 -3.931980E-06
200389  8.248014E-06 -1.933083E-06
200390  3.281924E-06 -8.956354E-08
200391 -7.667281E-06 -3.004616E-06
200392 -1.561905E-05 -5.532547E-06
200393 -8.050076E-06 -1.971963E-06
200394  1.026824E-05  3.858710E-06
200395  1.419377E-05  4.278910E-06
200396 -6.402489E-06 -1.522293E-06
200397 -2.284021E-05 -6.700995E-06
200398 -5.598851E-06 -5.017646E-06
200399  2.177575E-05  2.122362E-06
200400  8.191942E-06  6.494743E-06
200401 -3.508614E-05 -4.571917E-07
200402 -2.927099E-05 -1.787720E-05
200403  4.215517E-05 -2.403908E-05
200404  6.596484E-05  1.267851E-05
200405 -4.432153E-05  7.371799E-05
200406 -1.745759E-04  4.444446E-05
200407 -1.330678E-04 -1.881506E-04
200408  5.798935E-05 -5.394373E-04
200409  1.555903E-04 -7.216248E-04
200410  2.863417E-05 -5.463076E-04
200411 -1.565366E-04 -1.719717E-04
200412 -1.754686E-04  7.557342E-05
200413 -4.246740E-05  7.928123E-05
200414  5.622355E-05 -8.527168E-06
200415  3.589774E-05 -3.283870E-05
200416 -2.084670E-05  1.225240E-07
200417 -2.777922E-05  1.944734E-05
200418  3.350744E-06  7.398011E-06
200419  2.075480E-05 -9.749797E-06
200420  8.197402E-06 -1.135697E-05
200421 -1.124708E-05  8.899466E-07
200422 -1.346201E-05  1.135929E-05
200423 -1.183003E-06  1.002295E-05
200424  6.412620E-06  2.039801E-06
200425  2.630791E-06 -4.279756E-06
200426 -1.220863E-06 -8.317285E-06
200427  4.355961E-06 -1.204145E-05
200428  1.355118E-05 -1.297696E-05
200429  1.358303E-05 -7.275646E-06
200430  2.072707E-06  1.765463E-06
200431 -7.862900E-06  3.518248E-06
200432 -4.082187E-06 -4.531754E-06
200433  4.029168E-06 -5.333953E-06
200434  1.169443E-05 -8.758089E-06
200435 -1.011472E-06  1.507119E-06
200436 -5.823677E-06 -1.457905E-06
200437 -2.002258E-06 -7.716050E-06
200438 -7.966870E-06  2.996512E-07
200439 -1.150794E-05  5.484133E-06
200440 -3.290710E-06 -7.741671E-07
200441 -7.712903E-07 -1.851008E-06
200442 -5.465021E-06  4.524075E-06
200443 -3.419668E-06  5.024097E-06
200444  1.430747E-06 -7.089065E-07
200445  2.421573E-06 -1.947711E-06
200446  2.707795E-06  2.647849E-06
200447 -8.001262E-08  4.374074E-06
200448 -5.974949E-06  5.569518E-07
200449 -6.418937E-06 -2.028856E-06
200450 -3.174560E-06  8.483588E-07
200451 -6.031584E-06  5.428755E-06
200452 -1.260448E-05  6.917800E-06
200453 -1.342024E-05  5.317633E-06
200454 -6.738711E-06  2.344907E-06
200455  3.571924E-06 -2.332886E-06
200456  1.099348E-05 -6.790962E-06
200457  9.370073E-06 -5.543805E-06
200458  3.081317E-06 -5.002379E-07
200459 -1.545822E-06 -3.639531E-07
200460 -7.243388E-06 -2.526189E-06
200461 -7.787932E-06  1.746775E-06
200462  6.805281E-06  6.326013E-06
200463  1.857792E-05  2.585491E-06
200464  6.140719E-06 -2.759832E-06
200465 -1.215052E-05 -3.209912E-06
200466 -7.250546E-06 -1.670074E-06
200467  1.257264E-05  5.405222E-07
200468  1.456335E-05  1.663288E-06
200469 -9.164509E-06 -2.710678E-06
200470 -2.267145E-05 -6.746391E-06
200471  2.173849E-06  1.265004E-06
200472  2.702933E-05  1.574513E-05
200473  1.309521E-06  1.691674E-05
200474 -3.472705E-05  9.114133E-07
200475 -2.597935E-06 -1.209288E-05
200476  5.711973E-05 -2.282014E-07
200477  1.905206E-05  3.663727E-05
200478 -1.051867E-04  5.785904E-05
200479 -1.483124E-04 -1.561725E-06
200480 -5.849154E-05 -1.361326E-04
200481  1.367375E-07 -2.153252E-04
200482 -7.776490E-05 -1.305622E-04
200483 -1.569931E-04  2.799023E-05
200484 -9.214617E-05  8.093956E-05
200485  3.079813E-05  1.654099E-05
200486  5.013465E-05 -2.851434E-05
200487 -1.072852E-05 -6.843208E-06
200488 -2.704734E-05  1.139233E-05
200489  5.604908E-06  1.120405E-06
200490  1.714678E-05 -6.094718E-06
200491  2.497298E-06 -6.339222E-06
200492 -1.007482E-05 -3.182623E-06
200493 -1.139392E-05  7.446440E-06
200494  6.821357E-07  7.644909E-06
200495  1.276796E-05 -8.527884E-06
200496  8.692665E-06 -1.654760E-05
200497 -1.135417E-06 -7.717888E-06
200498 -2.765521E-06  3.042991E-06
200499 -5.192973E-07  5.188743E-06
200500 -5.523986E-07 -2.126281E-06
200501 -1.093247E-06 -1.174093E-05
200502 -4.607329E-06 -8.146100E-06
200503 -1.457858E-05  8.636563E-06
200504 -1.443528E-05  1.112603E-05
200505 -3.087909E-06 -1.003829E-07
200506  6.508618E-07 -5.972148E-06
200507 -1.365098E-05  3.948363E-06
200508 -6.601002E-06  2.015752E-06
200509  1.115256E-05 -7.031765E-07
200510  3.942877E-06  6.387526E-06
200511  1.384805E-06  1.395485E-06
200512  1.513930E-05 -5.009568E-06
200513  1.042887E-05  6.797679E-07
200514 -1.714497E-06  1.244597E-07
200515  5.340744E-06 -7.236457E-06
200516  9.246099E-06 -7.192078E-06
200517  1.868922E-06 -1.027787E-06
200518  3.812975E-06  2.466198E-06
200519  9.190028E-06 -6.886288E-07
200520  8.467039E-06 -4.653600E-06
200521  9.670940E-06 -2.967480E-06
200522  1.059737E-05  5.403910E-07
200523  5.745509E-06 -4.466580E-07
200524  2.764810E-06 -5.395150E-06
200525  3.648009E-06 -8.443391E-06
200526 -1.254065E-06 -4.393915E-06
200527 -8.351502E-06  2.572368E-06
200528 -6.734026E-06  2.765283E-06
200529 -2.958322E-06  5.832635E-07
200530  1.552126E-06  5.155568E-06
200531  1.148425E-05  5.835759E-06
200532  6.930081E-06 -1.742546E-06
200533 -1.273356E-05 -2.565003E-06
200534 -1.366942E-05 -3.524333E-07
200535  9.570687E-07 -2.564014E-06
200536  4.870637E-06  3.507000E-06
200537  1.390947E-06  9.824671E-06
200538 -4.576639E-06 -1.743583E-06
200539 -9.029968E-06 -1.063532E-05
200540  2.954795E-06  3.420733E-06
200541  1.566017E-05  1.578599E-05
200542  4.496807E-06  1.896110E-06
200543 -4.309287E-06 -1.767566E-05
200544  1.493522E-05 -1.268993E-05
200545  2.485541E-05  3.429412E-06
200546 -5.441506E-06 -3.837277E-07
200547 -2.708214E-05 -1.430158E-05
200548  1.028744E-05 -9.982814E-06
200549  5.515292E-05  7.363993E-06
200550  2.878033E-05  2.097535E-05
200551 -4.235780E-05  3.626293E-05
200552 -8.492442E-05  5.695076E-05
200553 -9.439212E-05  6.815914E-05
200554 -8.452085E-05  6.020258E-05
200555 -3.510865E-05  3.630168E-05
200556  3.829958E-05  2.045634E-08
200557  6.049320E-05 -2.636840E-05
200558  2.394353E-06 -1.056599E-05
200559 -4.005378E-05  1.760967E-05
200560  3.075368E-07  4.723225E-06
200561  2.820893E-05 -1.487616E-05
200562 -5.918054E-06 -2.401427E-06
200563 -1.648026E-05  2.669656E-06
200564  9.796839E-07 -1.101193E-06
200565 -3.714287E-07  8.017139E-06
200566  5.974541E-06 -2.037952E-06
200567  1.034949E-05 -1.379033E-05
200568 -1.114080E-05  9.635682E-06
200569 -1.956189E-05  2.796264E-05
200570 -1.008874E-05  1.928210E-05
200571 -1.060319E-05  1.411206E-05
200572 -2.038177E-05  2.375618E-05
200573 -1.404539E-05  2.177243E-05
200574  1.965573E-05 -1.414369E-06
200575  2.876937E-05 -6.277320E-06
200576  1.494105E-06  6.816211E-06
200577 -7.049720E-06  4.319244E-06
200578  1.309621E-05  2.668255E-06
200579 -1.836672E-06  6.766389E-06
200580  1.325408E-06 -1.934032E-06
200581  1.118537E-05 -2.667454E-06
200582 -3.405596E-06  4.616235E-06
200583 -7.777866E-06 -6.081214E-06
200584 -4.173429E-07 -3.885338E-06
200585 -9.050656E-06  8.984711E-06
200586 -1.270337E-05  1.333250E-06
200587  2.752173E-07 -1.615788E-07
200588 -2.970862E-06  6.767485E-06
200589 -1.274565E-05  1.943502E-06
200590 -6.540423E-06 -1.669053E-06
200591 -5.940920E-06  2.033546E-06
200592 -1.265339E-05  6.444285E-06
200593 -1.039351E-05  6.458864E-06
200594 -4.856019E-06  6.309595E-07
200595 -3.768137E-07 -2.791002E-06
200596  6.098014E-06  6.262428E-07
200597  1.297117E-05  1.634601E-06
200598  1.167352E-05 -1.946036E-06
200599  2.398487E-06  2.458854E-07
200600 -2.091269E-07  3.062659E-06
200601 -3.599507E-06 -3.314780E-06
200602 -1.269201E-05 -4.877043E-06
200603 -3.998411E-06 -2.074121E-06
200604  9.669359E-06 -5.497262E-06
200605  7.207514E-06  2.268432E-07
200606  5.689926E-06  4.200724E-06
200607 -6.149777E-07 -8.227715E-06
200608 -1.083414E-05 -5.997705E-06
200609  3.944231E-06  9.170439E-06
200610  1.447835E-05  3.823400E-06
200611 -6.247922E-06 -9.758264E-06
200612 -1.271955E-05 -8.978374E-06
200613  5.757464E-06  1.937028E-06
200614  5.922173E-06  7.631036E-06
200615 -1.461327E-05 -3.405103E-06
200616 -2.060034E-05 -1.178619E-05
200617 -2.734253E-06  3.472733E-06
200618  7.670191E-06  1.526059E-05
200619 -1.167081E-05 -1.976428E-06
200620 -2.690929E-05 -1.922555E-05
200621 -2.411665E-06 -1.013704E-05
200622  3.246834E-05  1.331476E-06
200623  4.366143E-05 -5.223011E-06
200624  3.805276E-05 -7.389429E-06
200625  2.815781E-05  1.592259E-06
200626  3.815830E-05 -6.531364E-06
200627  5.597424E-05 -1.860260E-05
200628  3.183499E-05 -5.776879E-06
200629 -7.774470E-06  5.093529E-06
200630 -2.421773E-05  2.490936E-06
200631 -1.383773E-05  5.668812E-06
200632  2.173261E-05 -1.333028E-06
200633  1.373488E-05 -7.982747E-06
200634 -2.886716E-05  6.965171E-06
200635 -3.179855E-06  2.712755E-06
200636  2.117292E-05 -5.472672E-06
200637 -1.059955E-05  7.898401E-06
200638  1.618093E-06 -6.210121E-06
200639  7.031542E-06 -3.378937E-06
200640 -2.575460E-05  2.147866E-05
200641  2.939351E-06 -1.509622E-05
200642  3.471978E-05 -5.708730E-05
200643  3.687933E-05 -6.301048E-05
200644  2.991628E-05 -4.608876E-05
200645 -1.518925E-05 -2.027276E-06
200646 -1.302175E-05  6.581749E-06
200647  1.501518E-05 -1.226830E-05
200648 -1.049535E-05 -2.383093E-06
200649 -3.860723E-06  3.144028E-07
200650  1.324406E-05 -3.795292E-06
200651 -3.553291E-06 -1.303724E-06
200652 -1.111012E-06 -6.141303E-06
200653 -3.266039E-06 -4.547844E-06
200654 -9.509005E-06  4.662332E-06
200655 -1.481941E-06 -4.562105E-06
200656  1.044198E-07 -7.824362E-07
200657 -3.145277E-06  7.332802E-06
200658  3.306340E-06 -6.251953E-06
200659  8.282246E-06  1.461227E-06
200660  5.487606E-07  8.500028E-06
200661  2.994623E-06 -1.774067E-06
200662  1.092247E-05  2.915299E-07
200663  1.867797E-06  1.783360E-06
200664 -2.397515E-06 -2.514365E-06
200665  2.493486E-06 -2.913645E-06
200666 -1.189430E-06 -7.896334E-07
200667 -5.743894E-06  2.806029E-06
200668 -1.148554E-05  7.942402E-06
200669 -1.477329E-05  8.733439E-06
200670 -5.583628E-06 -3.897454E-07
200671  1.095875E-06 -6.175075E-06
200672  6.266227E-06  1.335528E-06
200673  1.214664E-05  1.542244E-06
200674  2.335094E-06 -1.171464E-06
200675 -5.850452E-06  2.804406E-06
200676 -3.722768E-06 -3.641318E-06
200677 -3.262705E-06 -1.277732E-08
200678  6.635041E-06  1.150372E-05
200679  8.066002E-06  3.686763E-06
200680 -7.944388E-06 -2.470571E-06
200681 -2.300513E-06 -7.528775E-07
200682  7.290057E-06 -8.218070E-07
200683 -1.782615E-06  8.793381E-06
200684 -1.238996E-06  4.591184E-06
200685  2.713480E-06 -1.317218E-05
200686 -9.459654E-07 -1.521827E-06
200687 -7.139550E-07  1.701760E-05
200688 -3.004699E-06  6.253205E-06
200689 -3.978711E-06 -4.632534E-06
200690  6.442434E-06  1.014099E-05
200691  8.628660E-06  2.004715E-05
200692 -7.953928E-06  1.196823E-06
200693 -1.916388E-05 -1.549299E-05
200694 -1.843018E-05 -5.292669E-06
200695 -8.242001E-06  1.428882E-06
200696  1.718556E-05 -6.278901E-06
200697  1.960382E-05 -1.463428E-06
200698  7.125039E-06  4.034819E-06
200699  4.484665E-06  4.928540E-06
200700 -2.995791E-05  1.582236E-05
200701 -3.693187E-05  1.177753E-05
200702  7.836019E-06 -8.339876E-06
200703  1.432826E-05 -5.522304E-06
200704  3.565434E-06  3.425789E-06
200705 -1.403401E-06 -2.265728E-06
200706 -1.515599E-05  4.502638E-06
200707  1.086001E-05  1.932554E-06
200708  1.311712E-05 -6.556474E-06
200709 -2.598762E-05  7.101521E-06
200710  1.309187E-05 -5.464019E-06
200711  6.762369E-06  4.949555E-06
200712 -3.139900E-05  4.208854E-06
200713  5.650617E-05 -4.462383E-05
200714  4.086065E-05  2.789367E-05
200715 -3.462404E-06  8.370437E-05
200716  6.920215E-05 -5.720366E-06
200717  1.113302E-05 -2.884798E-05
200718 -4.118212E-05  8.325020E-06
200719  5.171848E-06  4.137559E-07
200720 -8.973435E-06 -3.208015E-06
200721 -2.060095E-06  1.060890E-06
200722 -9.001054E-07 -5.921585E-06
200723 -1.059767E-05 -9.578209E-07
200724  3.543509E-06  4.705742E-06
200725 -1.335013E-06 -2.324283E-07
200726  2.782015E-06  6.457605E-06
200727  9.630866E-06  2.902699E-06
200728  2.415574E-06 -7.219170E-07
200729  3.557119E-06  2.637217E-06
200730  7.416784E-06 -9.133419E-06
200731  1.541384E-06 -1.876844E-06
200732 -2.037943E-06 -3.770849E-06
200733  5.212405E-06 -7.471105E-06
200734  3.167718E-06  4.747988E-06
200735 -3.090751E-06 -1.520963E-06
200736  9.698681E-06 -9.453641E-06
200737  1.709425E-05 -5.268017E-06
200738  4.618738E-06  1.045149E-06
200739  3.237402E-06  1.170653E-06
200740  4.043117E-06 -4.373000E-06
200741 -5.365424E-06 -1.805415E-06
200742 -4.041288E-06  3.134861E-06
200743 -3.353268E-06 -2.782700E-06
200744 -9.917419E-06  1.816253E-07
200745 -2.195172E-06  3.805819E-06
200746  6.002394E-06  8.068410E-07
200747  3.522602E-06  7.099396E-06
200748  8.070059E-07 -3.300558E-07
200749 -8.079761E-06 -7.780913E-06
200750 -7.270225E-06 -3.304652E-06
200751  3.930755E-06 -8.216116E-07
200752  1.118531E-06  3.476447E-06
200753  1.228142E-06 -7.964428E-07
200754 -2.560266E-06 -1.248548E-05
200755 -6.172357E-06  5.584109E-06
200756  5.563078E-06  1.602766E-05
200757  1.767568E-06 -5.789202E-06
200758 -5.023919E-06 -5.756056E-06
200759  9.241048E-06  1.119750E-05
200760  1.437552E-05  8.123814E-06
200761  6.887341E-06 -1.153786E-05
200762  5.483412E-06 -1.573036E-05
200763  8.615114E-06  7.211466E-06
200764  6.680687E-06  1.960533E-05
200765  5.410696E-06  2.321579E-06
200766 -1.234197E-06 -6.112480E-06
200767 -2.435606E-05 -2.399641E-06
200768 -2.028184E-05 -8.321639E-06
200769 -1.737048E-05 -6.391848E-06
200770 -3.488157E-05 -4.026506E-06
200771 -1.956537E-05 -3.817713E-06
200772 -1.624591E-05 -3.516702E-06
200773 -3.404921E-06 -6.937075E-06
200774  2.910210E-05 -5.091459E-06
200775  6.797936E-06  2.399012E-06
200776 -1.874640E-05  4.623479E-06
200777  3.049063E-06 -2.680536E-06
200778  7.168093E-06 -3.989343E-07
200779  1.100934E-06  2.852319E-06
200780 -5.408546E-07 -4.834140E-06
200781 -1.985931E-05  6.528673E-06
200782  2.342160E-05 -3.744735E-06
200783 -1.293707E-06  5.729942E-06
200784 -3.474879E-05 -9.820229E-06
200785  9.419736E-05 -2.143966E-05
200786 -3.278652E-05  1.815184E-04
200787 -1.597839E-04  2.875547E-04
200788  4.435142E-05  9.900687E-05
200789  4.674514E-05 -2.325247E-05
200790 -2.638887E-05  5.537617E-06
200791  2.152408E-05  1.189871E-05
200792  1.297829E-06 -6.539579E-07
200793  1.801721E-06  7.638640E-06
200794 -1.216964E-06  6.893440E-07
200795 -3.817512E-06  2.102043E-06
200796  6.750580E-06  7.802542E-06
200797 -1.290164E-07 -5.098885E-06
200798  7.036507E-06 -1.660831E-08
200799 -1.042660E-06  2.314648E-06
200800 -6.342819E-06 -5.381055E-06
200801 -2.378655E-06  2.720038E-06
200802 -5.621313E-06 -2.171243E-06
200803 -8.632064E-06  3.258222E-06
200804 -3.164778E-06 -3.835269E-06
200805 -1.131190E-06 -3.378177E-06
200806 -1.125915E-05  4.102839E-06
200807 -1.086535E-05 -4.504995E-06
200808  5.001519E-07  5.047141E-07
200809  9.603996E-07  5.356791E-06
200810 -7.690765E-06  1.497693E-06
200811  1.904716E-06 -1.839420E-06
200812  1.514843E-05 -8.009630E-06
200813  9.842604E-06 -5.900513E-06
200814  3.880529E-06  5.864643E-06
200815  2.944219E-06  8.577415E-07
200816 -7.053656E-06 -2.966448E-06
200817 -9.909309E-06  3.535110E-07
200818  1.105921E-07 -5.838145E-06
200819  2.511588E-06 -6.755850E-07
200820  7.367888E-06  1.181148E-06
200821  4.951800E-06 -4.587144E-07
200822 -3.501153E-06 -5.387139E-06
200823  9.725314E-07 -6.631893E-06
200824  1.350340E-07 -2.370198E-07
200825  3.121129E-06  6.071637E-06
200826  1.583595E-06 -7.333325E-06
200827 -1.459162E-06 -4.305693E-06
200828  3.153972E-06  4.609802E-06
200829 -4.399648E-06 -2.035274E-06
200830 -4.721717E-06 -9.064670E-07
200831  8.476602E-06 -3.419129E-06
200832  1.601301E-06 -3.846792E-06
200833 -5.156527E-06 -2.483034E-06
200834  7.468042E-07 -1.550900E-05
200835  6.572120E-06 -1.494764E-05
200836  2.400649E-06  5.414418E-06
200837  7.409711E-07  8.950077E-06
200838  1.690576E-05  6.704747E-06
200839  2.549957E-06  7.373618E-06
200840 -5.141724E-06 -2.098046E-06
200841  3.878631E-06 -7.605364E-07
200842 -7.292676E-06 -7.762202E-06
200843  7.655550E-06 -6.801827E-06
200844  1.471309E-05 -5.762741E-06
200845  1.466340E-05 -8.497996E-06
200846  1.006269E-05  3.153720E-06
200847 -7.816841E-06  5.794287E-06
200848 -1.243325E-05 -1.047647E-06
200849  7.092621E-06  4.260260E-07
200850  1.062695E-05 -4.604286E-07
200851 -1.212468E-05  3.147197E-07
200852  2.091120E-06 -2.488551E-06
200853 -5.812672E-06  6.586209E-06
200854  1.353817E-05 -5.321988E-06
200855 -3.489757E-06  4.377324E-06
200856 -3.198485E-05 -1.128453E-05
200857  9.857133E-05 -5.142278E-06
200858 -7.008300E-05  1.742628E-04
200859 -2.235339E-04  2.503216E-04
200860  2.641481E-05  1.027085E-04
200861  5.003434E-05 -1.788514E-05
200862 -1.773594E-05 -5.125156E-06
200863  1.726768E-05  7.269746E-06
200864 -5.268230E-06 -4.203635E-06
200865  8.838570E-06  7.909776E-06
200866  4.141500E-06  1.756235E-06
200867  3.316200E-06  2.027959E-06
200868  1.367961E-06 -8.451539E-09
200869 -4.571136E-06 -8.940920E-06
200870  5.969889E-06 -1.817482E-06
200871 -1.052347E-05  2.480645E-07
200872 -3.052388E-06 -5.318931E-06
200873 -3.121174E-07  5.529322E-06
200874 -6.850629E-06  7.387077E-07
200875 -2.828022E-06  7.528699E-06
200876  3.228939E-06  1.639679E-06
200877  7.453913E-07  2.918714E-06
200878 -3.987951E-06  1.410024E-06
200879  7.512825E-07 -4.940520E-06
200880 -4.917110E-06  7.006805E-06
200881 -1.069979E-05  7.251898E-06
200882 -8.124583E-06 -8.958389E-07
200883 -1.986634E-06  1.403901E-06
200884  2.248284E-06  1.900033E-06
200885  1.482218E-06 -2.160293E-06
200886 -7.452242E-07  1.684656E-06
200887  5.966618E-06 -9.526078E-07
200888  8.008137E-06 -2.680612E-06
200889 -6.632676E-07  3.130884E-06
200890  7.423411E-07 -3.676881E-06
200891 -3.031321E-06 -4.115040E-06
200892  5.107632E-07 -9.427072E-07
200893  6.295901E-06  7.911175E-06
200894  1.021547E-06  3.111234E-06
200895  6.657992E-07  5.124667E-07
200896 -3.804159E-06 -5.857563E-06
200897 -2.165566E-06  4.695125E-06
200898  2.648407E-06  1.793077E-06
200899  3.884309E-06 -1.274421E-06
200900  1.256108E-06 -3.920820E-06
200901 -5.010986E-06 -5.359173E-06
200902 -9.008447E-07  3.005637E-06
200903  8.147525E-06 -5.372499E-06
200904 -7.677745E-06 -1.083204E-05
200905 -1.732445E-05  4.236959E-06
200906 -9.037577E-06 -1.414792E-06
200907  3.717301E-06 -1.517845E-05
200908  4.104320E-06 -7.422501E-06
200909 -1.171591E-05 -2.577250E-06
200910  7.807904E-06  4.932932E-06
200911  1.049519E-05  1.492920E-05
200912  3.481466E-06  5.987137E-06
200913  1.479931E-05  1.550610E-05
200914  1.195508E-05  5.298435E-06
200915  1.802024E-05  4.764094E-06
200916  1.099478E-05  5.278393E-06
200917  5.780100E-06 -7.455159E-07
200918 -1.174226E-05  1.887916E-06
200919 -8.296617E-06  1.398667E-06
200920  7.198974E-06 -4.430567E-06
200921 -1.508502E-07  3.181940E-06
200922  4.133698E-06  1.970837E-06
200923 -1.159028E-05 -3.076830E-06
200924  7.411004E-06 -1.745424E-06
200925 -7.485188E-07  5.930921E-06
200926 -2.784865E-06 -8.456828E-06
200927  5.647769E-06  7.809101E-06
200928 -2.604344E-05 -9.589261E-06
200929  7.159316E-05 -4.058771E-06
200930 -2.713967E-05  8.141580E-05
200931 -1.256699E-04  9.718684E-05
200932  4.389022E-05  4.999170E-05
200933  2.532201E-05 -2.063716E-05
200934 -1.646458E-05 -1.180699E-05
200935  5.106211E-06  8.885186E-07
200936 -9.905732E-06 -8.818238E-06
200937  1.199956E-05  1.891027E-06
200938  3.246926E-06 -3.389907E-06
200939  1.345590E-06  3.604708E-06
200940 -3.109981E-06 -5.453189E-06
200941 -6.431391E-06 -3.854550E-06
200942  6.524927E-06  3.229734E-06
200943 -9.251147E-06  2.281309E-07
200944  6.422663E-06 -7.224390E-07
200945  3.970208E-06  5.641682E-06
200946  1.573726E-07 -2.646917E-06
200947  5.694393E-06  6.034390E-06
200948  5.474180E-06 -1.161420E-07
200949  1.745164E-06  3.099984E-06
200950  4.666443E-06  4.747759E-07
200951  1.143112E-05 -2.397467E-06
200952 -1.884118E-06  3.154233E-06
200953 -5.765173E-06 -3.802787E-07
200954  4.178494E-06 -1.547498E-06
200955 -5.613387E-07  5.206469E-06
200956 -1.091296E-05  6.874468E-06
200957 -7.644783E-06  1.921290E-07
200958 -4.248686E-06 -1.660237E-06
200959  8.051380E-07 -2.000796E-06
200960  9.781078E-06 -8.355288E-07
200961  2.865694E-06  5.759096E-06
200962  2.260607E-06  1.742710E-06
200963 -4.122098E-06  7.714494E-08
200964 -5.705367E-06 -4.152225E-06
200965 -9.539073E-07  4.958657E-06
200966 -4.096681E-07  1.367525E-06
200967 -5.511939E-07  7.707674E-06
200968 -1.350040E-06 -5.725820E-06
200969 -4.095194E-06 -2.866704E-07
200970 -3.028972E-07  1.736063E-07
200971  3.087901E-06  2.992523E-06
200972 -6.869255E-07 -1.477686E-06
200973 -1.718132E-06 -4.079762E-06
200974  1.011836E-06  9.925635E-07
200975  6.471115E-06  3.075239E-07
200976 -3.282680E-06 -5.440492E-06
200977 -1.286283E-05  6.256042E-06
200978 -1.348138E-05  3.568369E-06
200979 -4.737446E-06 -7.453812E-06
200980  8.286071E-06 -1.772983E-06
200981 -9.142262E-06 -7.011023E-06
200982  8.820599E-07 -7.653825E-06
200983  5.005332E-06  7.518598E-06
200984  1.797075E-07 -2.656949E-06
200985  4.499871E-06  1.251914E-05
200986  4.515886E-06  4.310547E-06
200987  8.522042E-06  5.777749E-06
200988 -4.846671E-06  5.070589E-06
200989 -3.471498E-06  3.710689E-06
200990 -1.390406E-05 -1.963321E-06
200991 -2.225516E-06 -1.896502E-06
200992  1.681617E-05 -2.313278E-06
200993 -9.452262E-06  9.648226E-07
200994  1.083396E-06  4.384893E-06
200995 -2.557777E-06 -3.102863E-06
200996  4.263821E-06 -4.950602E-06
200997 -2.377209E-06  5.273837E-06
200998 -9.124451E-06 -9.981283E-06
200999  1.288961E-05  1.361561E-05
201000 -1.907368E-05 -1.072750E-05
201001  3.192208E-05 -6.728302E-06
201002  2.459590E-05  2.973382E-05
201003 -1.608398E-06  1.690385E-05
201004  5.117628E-05  2.064175E-05
201005 -8.460177E-07 -2.280556E-05
201006 -9.004545E-06 -3.865806E-06
201007  1.446136E-06  3.145030E-06
201008 -6.069159E-06 -7.027679E-06
201009  9.648369E-06 -3.811948E-06
201010 -3.035627E-07 -6.942670E-06
201011 -4.910905E-06  6.158117E-06
201012 -1.802722E-06 -5.848557E-06
201013 -4.952041E-06  2.620327E-06
201014  7.146006E-06  5.686761E-06
201015 -5.362406E-06 -6.888107E-07
201016  9.390982E-06  1.888532E-06
201017  2.563674E-06  1.699099E-06
201018  3.611939E-06 -5.787540E-06
201019  6.318892E-06  3.145792E-06
201020  2.709529E-06 -5.670359E-06
201021 -1.547926E-06  3.295782E-07
201022  2.343547E-06 -5.909448E-07
201023  8.539480E-06 -3.638350E-07
201024  1.123964E-06 -1.833125E-06
201025  2.008978E-06 -5.936121E-06
201026  1.160044E-05  1.281487E-07
201027  1.836749E-06  4.740069E-06
201028 -1.159418E-05  3.071561E-06
201029 -5.607047E-06  5.973206E-07
201030 -1.369296E-06  4.868049E-07
201031 -5.756493E-06 -1.257831E-06
201032  1.848510E-06 -1.906305E-06
201033 -1.480462E-06  2.859288E-06
201034  1.896341E-06  1.366882E-06
201035 -1.940454E-06  4.448794E-06
201036 -3.815108E-06 -4.308610E-06
201037 -4.481662E-06  2.154824E-07
201038 -3.768598E-07 -5.871302E-06
201039 -1.950691E-06  8.057676E-06
201040  4.218723E-06 -1.307896E-06
201041 -2.417859E-06  1.229531E-07
201042 -9.995081E-07 -4.813955E-06
201043  1.674907E-06  2.133357E-06
201044 -2.190776E-06  1.393563E-06
201045 -9.177594E-07  1.403244E-06
201046  1.215398E-06 -3.754482E-06
201047  2.858254E-06  3.587047E-06
201048  2.882877E-06  3.334552E-06
201049 -4.371624E-06  9.865244E-06
201050 -1.100911E-05  3.906627E-06
201051 -1.144589E-05 -5.966372E-06
201052  7.755533E-06  6.421046E-06
201053 -2.885961E-06 -1.045150E-06
201054  3.207078E-06 -1.407443E-05
201055  5.386271E-07 -3.644915E-07
201056 -1.268780E-07 -1.275948E-05
201057 -3.183955E-06  9.196395E-07
201058 -3.961478E-06 -7.194711E-06
201059 -2.565796E-07 -7.510325E-07
201060 -1.092070E-05 -2.830643E-06
201061 -4.573634E-06  3.946077E-06
201062 -4.697694E-06 -2.221022E-06
201063  1.386107E-06 -2.100215E-06
201064  1.323602E-05  1.677631E-06
201065 -1.254495E-05 -3.580757E-06
201066  2.381352E-06  5.714350E-06
201067  4.754074E-06  1.074181E-07
201068 -2.033593E-06 -1.078361E-05
201069 -4.882490E-06  5.461776E-06
201070 -5.341748E-06 -9.219653E-06
201071  1.102379E-05  1.563158E-05
201072 -1.121551E-05 -1.090696E-05
201073  3.294788E-06 -1.150676E-05
201074  3.958460E-05  2.161294E-05
201075  5.129353E-05  1.247484E-05
201076  3.178090E-05  1.202284E-05
201077 -1.317719E-05 -2.203725E-05
201078 -1.394268E-06  1.066220E-05
201079  1.842727E-06  6.163139E-06
201080 -3.768912E-06 -2.101439E-06
201081  5.991569E-06 -6.709740E-06
201082 -2.512631E-06 -5.957511E-06
201083 -9.533262E-06  6.367529E-06
201084  2.658588E-06 -4.263462E-06
201085 -2.700482E-06  5.328908E-06
201086  7.713041E-06  3.494327E-06
201087 -3.168402E-06 -2.698577E-06
201088  7.198962E-06  1.267660E-06
201089 -7.482576E-07 -3.272991E-06
201090  2.670869E-06 -6.109903E-06
201091  2.187506E-06  1.196212E-06
201092  7.927105E-08 -8.740170E-06
201093 -5.710031E-06 -1.249359E-06
201094 -3.431572E-06 -3.437023E-06
201095  1.200202E-07 -1.486905E-06
201096  1.028189E-06 -2.940000E-06
201097  4.668040E-06 -6.034978E-06
201098  1.056069E-05  1.520154E-06
201099  2.775733E-06  1.699537E-06
201100 -5.105928E-06 -1.866897E-06
201101  6.105026E-07  1.351882E-06
201102  2.181832E-06  4.514220E-06
201103 -8.696658E-06 -1.363227E-06
201104 -3.505616E-06 -4.757571E-06
201105 -5.766597E-06 -1.373380E-06
201106  2.193112E-06 -2.096495E-06
201107 -3.896746E-08  5.667929E-06
201108  9.619904E-07 -1.714246E-06
201109 -5.089460E-06 -2.759335E-07
201110  1.727948E-06 -8.678626E-06
201111 -2.648422E-06  4.814666E-06
201112  7.807598E-06  2.818337E-06
201113 -2.721713E-06  3.526027E-06
201114 -4.568294E-07 -5.986329E-06
201115  1.924831E-06  5.889071E-07
201116 -1.058533E-06  6.021352E-07
201117 -3.282167E-06  5.407421E-06
201118  2.025227E-06 -6.338523E-06
201119 -1.615577E-07  3.698501E-06
201120  6.046373E-06  7.480280E-06
201121 -2.524680E-06  1.220804E-05
201122 -9.258007E-06  6.037416E-06
201123 -1.177442E-05 -8.184674E-06
201124  6.419765E-06  7.872749E-06
201125 -1.639239E-06  3.690854E-06
201126  6.618558E-06 -1.305919E-05
201127 -3.134574E-06 -2.375576E-06
201128  1.369144E-06 -1.362723E-05
201129 -5.008123E-06 -3.599510E-06
201130 -4.283791E-06 -1.384811E-05
201131 -3.621346E-06 -5.136186E-06
201132 -8.088540E-06 -8.893631E-06
201133 -1.793856E-06  1.997362E-06
201134  4.023654E-06  2.789691E-07
201135  1.919314E-06 -1.025166E-06
201136  4.421787E-06  3.949786E-06
201137 -1.012368E-05 -6.716936E-06
201138  4.525383E-06  5.817135E-06
201139  6.743896E-06  4.011679E-06
201140 -4.367260E-06 -1.552668E-05
201141 -6.941746E-06  5.244222E-06
201142  1.508387E-06 -6.798997E-06
201143  4.849527E-06  1.243962E-05
201144 -5.415687E-06 -7.376438E-06
201145 -6.692640E-06 -1.588783E-05
201146  3.067029E-05  2.189258E-05
201147  4.608992E-05  2.297610E-05
201148  8.143010E-06  3.441847E-06
201149 -1.311730E-05 -1.816338E-05
201150  2.556853E-08  2.060494E-05
201151  3.498072E-06  4.893438E-06
201152 -5.808632E-06  2.273783E-07
201153  4.439800E-06 -7.130990E-06
201154 -4.289383E-06 -2.759858E-06
201155 -1.118610E-05  4.106958E-06
201156  7.014084E-06 -1.814997E-06
201157 -1.110328E-06  5.449160E-06
201158  9.463343E-06  7.237897E-07
201159 -1.945280E-06 -4.681763E-06
201160  4.934651E-06 -2.171287E-07
201161 -1.831548E-06 -6.555360E-06
201162  4.853168E-07 -5.092888E-06
201163 -1.624034E-06 -7.547592E-08
201164 -9.276902E-07 -8.595106E-06
201165 -9.082034E-06 -2.176050E-06
201166 -5.522621E-06 -6.619502E-06
201167 -5.049930E-06 -4.780359E-06
201168 -1.073513E-06 -1.981215E-06
201169  3.243450E-06 -3.877844E-06
201170  6.863775E-06  1.456215E-06
201171  3.331944E-06 -1.002671E-06
201172  1.463775E-06 -3.658117E-06
201173  4.813367E-06  2.787499E-06
201174  3.177223E-06  7.013500E-06
201175 -7.922845E-06 -2.460886E-06
201176 -3.531437E-06 -6.075728E-06
201177 -7.941354E-06 -3.905571E-06
201178  3.837908E-06 -4.154988E-06
201179  8.477059E-07  4.573810E-06
201180  3.977012E-06  1.307787E-06
201181 -6.453563E-06  7.744944E-07
201182  2.897761E-06 -6.710787E-06
201183 -2.374911E-06  1.423205E-06
201184  8.884568E-06  5.014083E-06
201185 -5.663661E-06  4.555072E-06
201186 -9.693565E-07 -4.527410E-06
201187  2.134557E-06  7.555279E-07
201188  2.328951E-06 -1.133115E-06
201189 -6.922693E-06  5.892026E-06
201190  3.220938E-06 -5.085480E-06
201191 -1.815100E-06  2.919699E-06
201192  8.124230E-06  8.062005E-06
201193 -5.245962E-06  1.000608E-05
201194 -1.208843E-05  7.701229E-06
201195 -7.659318E-06 -9.538606E-06
201196  7.658668E-06  6.127942E-06
201197 -3.025174E-06  2.033242E-06
201198  7.225181E-06 -9.840843E-06
201199 -7.668509E-06 -2.163303E-06
201200  5.757067E-07 -8.956362E-06
201201 -7.167065E-06 -1.734242E-06
201202 -1.716597E-06 -1.187054E-05
201203 -5.075033E-06 -5.778770E-06
201204 -3.533521E-06 -1.068780E-05
201205  1.087306E-06 -5.271519E-07
201206  8.624563E-06  2.928779E-06
201207  1.751191E-06  2.352390E-07
201208 -3.286202E-06  3.818054E-06
201209 -6.511590E-06 -7.501857E-06
201210  5.876095E-06  5.264472E-06
201211  5.169847E-06  6.497195E-06
201212 -1.884207E-06 -1.643255E-05
201213 -8.477127E-06  3.238504E-06
201214  6.690841E-06 -3.599083E-06
201215  6.438271E-07  7.154692E-06
201216 -3.846924E-06 -2.747445E-06
201217 -5.179067E-06 -1.693998E-05
201218  1.929117E-05  1.930430E-05
201219  2.583200E-05  2.338666E-05
201220 -2.887579E-06 -6.562531E-06
201221 -9.818653E-06 -1.221237E-05
201222 -4.058975E-06  2.303315E-05
201223  6.551409E-06  2.855673E-06
201224 -8.383142E-06 -1.512675E-06
