Mesh2HRTF 1.0.0-dev
    1
    1  1225
200000  3.181981E-04 -7.677770E-04
200001  6.126596E-04  6.142499E-04
200002  8.599885E-04 -3.273224E-05
200003  6.427312E-04 -5.718370E-04
200004  2.571758E-04 -8.251810E-04
200005 -7.487864E-05 -8.659092E-04
200006 -2.740509E-04 -8.284582E-04
200007 -3.379389E-04 -8.061029E-04
200008 -2.737817E-04 -8.295176E-04
200009 -7.432368E-05 -8.680010E-04
200010  2.580479E-04 -8.282522E-04
200011  6.439629E-04 -5.758105E-04
200012  8.616294E-04 -3.750971E-05
200013  6.147612E-04  6.087847E-04
200014 -1.383361E-04  8.594946E-04
200015 -8.208922E-04  2.950795E-04
200016 -5.803084E-04 -6.418047E-04
200017  4.545154E-04 -7.236731E-04
200018  7.893913E-04  3.217064E-04
200019 -2.420632E-04  8.228955E-04
200020 -8.293265E-04 -2.082672E-04
200021  2.279233E-04 -8.127678E-04
200022  7.891069E-04  2.923911E-04
200023 -3.736445E-04  7.575323E-04
200024 -7.033897E-04 -4.573557E-04
200025  5.427257E-04 -6.304688E-04
200026  5.564569E-04  6.177679E-04
200027 -6.691293E-04  4.890448E-04
200028 -4.359195E-04 -6.997901E-04
200029  7.114383E-04 -4.151304E-04
200030  4.346547E-04  6.947438E-04
200031 -6.466475E-04  4.911675E-04
200032 -5.895997E-04 -5.584439E-04
200033  3.906361E-04 -7.179886E-04
200034  8.081429E-04  1.085571E-04
200035  2.605737E-04  7.614184E-04
200036 -4.987086E-04  6.198401E-04
200037 -7.947990E-04  8.641528E-07
200038 -5.798517E-04 -5.517970E-04
200039 -1.492826E-04 -7.929653E-04
200040  2.392029E-04 -7.747573E-04
200041  4.893776E-04 -6.480617E-04
200042  6.128526E-04 -5.324283E-04
200043  6.478013E-04 -4.884180E-04
200044  6.114832E-04 -5.328428E-04
200045  4.866566E-04 -6.488707E-04
200046  2.351669E-04 -7.759217E-04
200047 -1.545775E-04 -7.944279E-04
200048 -5.863285E-04 -5.534840E-04
200049 -8.023593E-04 -9.597182E-07
200050 -5.072328E-04  6.179780E-04
200051  2.512243E-04  7.596244E-04
200052  7.981227E-04  1.069408E-04
200053  3.801104E-04 -7.193181E-04
200054 -6.004609E-04 -5.593822E-04
200055 -6.576765E-04  4.907157E-04
200056  4.236171E-04  6.948616E-04
200057  7.005368E-04 -4.143752E-04
200058 -4.465588E-04 -6.983474E-04
200059 -6.794013E-04  4.912059E-04
200060  5.466358E-04  6.206583E-04
200061  5.334189E-04 -6.268583E-04
200062 -7.121359E-04 -4.530543E-04
200063 -3.817980E-04  7.624759E-04
200064  7.815677E-04  2.979101E-04
200065  2.210126E-04 -8.067578E-04
200066 -8.356003E-04 -2.018661E-04
200067 -2.476968E-04  8.295733E-04
200068  7.843960E-04  3.285347E-04
200069  4.501497E-04 -7.168303E-04
200070 -5.840607E-04 -6.350899E-04
200071 -8.240567E-04  3.015208E-04
200072 -1.409476E-04  8.655176E-04
200073 -8.510148E-04  3.017208E-04
200074  4.124677E-04  8.148929E-04
200075  8.717361E-04 -2.774643E-04
200076  1.331219E-04 -9.047897E-04
200077 -5.625950E-04 -7.237366E-04
200078 -8.379517E-04 -3.779159E-04
200079 -8.894239E-04 -2.383638E-04
200080 -8.397278E-04 -3.798182E-04
200081 -5.659309E-04 -7.274738E-04
200082  1.286210E-04 -9.102284E-04
200083  8.665758E-04 -2.844085E-04
200084  4.071812E-04  8.066944E-04
200085 -8.559505E-04  2.925619E-04
200086  5.731518E-05 -9.056861E-04
200087  6.791406E-04  5.807414E-04
200088 -8.885887E-04 -2.440076E-05
200089  7.947527E-04 -3.986297E-04
200090 -6.319689E-04  6.060130E-04
200091  5.393923E-04 -6.882245E-04
200092 -5.232493E-04  6.903256E-04
200093  5.827083E-04 -6.291382E-04
200094 -6.770631E-04  5.237199E-04
200095  7.668556E-04 -3.477887E-04
200096 -8.279957E-04  1.583240E-04
200097  8.280140E-04  6.155232E-05
200098 -7.950279E-04 -2.282960E-04
200099  7.334752E-04  3.687724E-04
200100 -6.924691E-04 -4.242893E-04
200101  6.892557E-04  4.280308E-04
200102 -7.253505E-04 -3.348845E-04
200103  7.919564E-04  1.372535E-04
200104 -7.610520E-04  1.923642E-04
200105  5.356089E-04 -5.901804E-04
200106  5.731128E-05  7.802745E-04
200107 -6.661348E-04 -3.898726E-04
200108  6.089380E-04 -5.043358E-04
200109  4.363506E-04  6.454456E-04
200110 -5.781075E-04  4.919326E-04
200111 -6.618543E-04 -3.742200E-04
200112 -8.608198E-05 -7.666869E-04
200113  4.116102E-04 -6.611396E-04
200114  6.381520E-04 -4.501188E-04
200115  6.921331E-04 -3.618041E-04
200116  6.371756E-04 -4.512404E-04
200117  4.095446E-04 -6.633647E-04
200118 -8.943366E-05 -7.699732E-04
200119 -6.667202E-04 -3.784914E-04
200120 -5.846802E-04  4.867968E-04
200121  4.279826E-04  6.396174E-04
200122  5.988471E-04 -5.106324E-04
200123 -6.776846E-04 -3.963691E-04
200124  4.475583E-05  7.738753E-04
200125  5.226514E-04 -5.961776E-04
200126 -7.737274E-04  1.870563E-04
200127  7.802387E-04  1.328825E-04
200128 -7.355350E-04 -3.381285E-04
200129  6.810036E-04  4.260367E-04
200130 -6.986126E-04 -4.249777E-04
200131  7.293856E-04  3.693870E-04
200132 -7.973192E-04 -2.264237E-04
200133  8.271264E-04  6.461235E-05
200134 -8.279330E-04  1.624947E-04
200135  7.674393E-04 -3.425794E-04
200136 -6.762923E-04  5.299052E-04
200137  5.834749E-04 -6.220341E-04
200138 -5.225186E-04  6.982855E-04
200139  5.402005E-04 -6.794925E-04
200140 -6.308670E-04  6.153964E-04
200141  7.964054E-04 -3.887638E-04
200142 -8.861579E-04 -1.427428E-05
200143  6.824802E-04  5.908578E-04
200144  6.154718E-05 -8.958864E-04
200145  3.490924E-04 -8.873597E-04
200146 -7.109646E-04  6.173783E-04
200147  9.432086E-04  2.072563E-04
200148  5.241195E-05 -9.617936E-04
200149 -8.988010E-04 -3.363763E-04
200150 -8.851202E-04  3.829587E-04
200151 -7.632524E-04  5.950972E-04
200152 -8.907470E-04  3.820974E-04
200153 -9.091300E-04 -3.381173E-04
200154  3.902620E-05 -9.644142E-04
200155  9.287799E-04  2.038305E-04
200156 -7.244634E-04  6.133429E-04
200157  3.380856E-04 -8.916743E-04
200158 -2.609764E-04  8.894270E-04
200159  5.149564E-04 -7.877344E-04
200160 -8.554367E-04  3.081456E-04
200161  7.673819E-04  4.972964E-04
200162  2.103103E-04 -8.850471E-04
200163 -8.782101E-04 -7.683265E-05
200164 -9.888025E-05  8.726263E-04
200165  8.356357E-04  2.587332E-04
200166  4.701886E-04 -7.163399E-04
200167 -5.229483E-04 -6.658594E-04
200168 -8.071806E-04  2.605015E-04
200169 -3.048565E-05  8.379669E-04
200170  7.737145E-04  2.505361E-04
200171  3.654296E-04 -7.121398E-04
200172 -6.983287E-04 -4.030216E-04
200173 -3.353437E-04  7.262232E-04
200174  7.790454E-04  1.091688E-04
200175 -2.807327E-04 -7.266998E-04
200176 -3.300412E-04  6.952503E-04
200177  6.524852E-04 -4.152513E-04
200178 -7.223864E-04  2.227815E-04
200179  7.166680E-04 -2.543680E-04
200180 -5.734723E-04  4.850018E-04
200181  1.210080E-04 -7.382145E-04
200182  5.746697E-04  4.707745E-04
200183 -5.551006E-04  5.033979E-04
200184 -6.133960E-04 -4.195134E-04
200185 -5.434476E-08 -7.327803E-04
200186  4.065570E-04 -6.055588E-04
200187  5.186100E-04 -5.137060E-04
200188  4.095010E-04 -6.054316E-04
200189  5.200306E-06 -7.327035E-04
200190 -6.069995E-04 -4.197853E-04
200191 -5.490741E-04  5.024525E-04
200192  5.787444E-04  4.689071E-04
200193  1.218009E-04 -7.410948E-04
200194 -5.767254E-04  4.812139E-04
200195  7.094041E-04 -2.587714E-04
200196 -7.327432E-04  2.181894E-04
200197  6.407262E-04 -4.195511E-04
200198 -3.410373E-04  6.916858E-04
200199 -2.887545E-04 -7.292097E-04
200200  7.757993E-04  1.078458E-04
200201 -3.327942E-04  7.260053E-04
200202 -6.899422E-04 -4.024138E-04
200203  3.787355E-04 -7.111244E-04
200204  7.902819E-04  2.514932E-04
200205 -1.270482E-05  8.384552E-04
200206 -7.902313E-04  2.602584E-04
200207 -5.085224E-04 -6.668879E-04
200208  4.809999E-04 -7.179848E-04
200209  8.424609E-04  2.568286E-04
200210 -9.569710E-05  8.709292E-04
200211 -8.777171E-04 -7.784728E-05
200212  2.094897E-04 -8.850006E-04
200213  7.668158E-04  4.986034E-04
200214 -8.542505E-04  3.106912E-04
200215  5.190595E-04 -7.841851E-04
200216 -2.533580E-04  8.935886E-04
200217  9.310723E-05  9.785348E-04
200218 -5.687542E-04 -8.180224E-04
200219  5.176385E-04  8.655648E-04
200220  1.930643E-04 -9.926629E-04
200221 -1.009685E-03  6.094843E-06
200222 -4.905756E-04  8.995832E-04
200223 -1.531041E-04  1.018865E-03
200224 -4.995888E-04  9.011564E-04
200225 -1.025582E-03  8.769116E-06
200226  1.739169E-04 -9.896201E-04
200227  4.993686E-04  8.683081E-04
200228 -5.825585E-04 -8.158882E-04
200229  8.607959E-05  9.802480E-04
200230  8.084144E-04 -5.474495E-04
200231 -5.303939E-04 -8.061548E-04
200232 -9.359177E-04  1.214743E-04
200233 -6.059001E-04  7.036749E-04
200234 -2.864822E-04  8.705415E-04
200235 -1.833116E-04  8.845000E-04
200236 -2.716562E-04  8.464192E-04
200237 -4.783286E-04  7.329673E-04
200238 -7.023224E-04  5.030679E-04
200239 -8.368635E-04  1.734013E-04
200240 -8.270660E-04 -1.728247E-04
200241 -7.046423E-04 -4.437869E-04
200242 -5.583083E-04 -5.989665E-04
200243 -4.756360E-04 -6.501593E-04
200244 -5.080827E-04 -6.103283E-04
200245 -6.494403E-04 -4.369825E-04
200246 -7.679890E-04 -3.469788E-05
200247 -5.232466E-04  5.453175E-04
200248  3.033839E-04  6.904892E-04
200249  7.074975E-04 -2.632451E-04
200250 -4.659600E-04 -5.780693E-04
200251 -1.185555E-04  7.216240E-04
200252  3.836073E-04 -6.148201E-04
200253 -3.976847E-04  6.153378E-04
200254  3.546796E-05 -7.179540E-04
200255  5.248931E-04  4.673387E-04
200256 -5.595715E-04  4.717366E-04
200257 -6.348623E-04 -3.499361E-04
200258 -2.273584E-04 -6.721464E-04
200259 -5.034598E-05 -7.021362E-04
200260 -2.206828E-04 -6.694766E-04
200261 -6.223516E-04 -3.452317E-04
200262 -5.429436E-04  4.774247E-04
200263  5.430693E-04  4.728854E-04
200264  5.200496E-05 -7.134247E-04
200265 -3.860625E-04  6.184142E-04
200266  3.877311E-04 -6.131646E-04
200267 -1.230025E-04  7.222591E-04
200268 -4.779908E-04 -5.778402E-04
200269  6.909314E-04 -2.627523E-04
200270  2.867504E-04  6.918256E-04
200271 -5.351990E-04  5.478562E-04
200272 -7.715101E-04 -3.093063E-05
200273 -6.427764E-04 -4.323525E-04
200274 -4.918735E-04 -6.055681E-04
200275 -4.526171E-04 -6.462429E-04
200276 -5.324776E-04 -5.969073E-04
200277 -6.802106E-04 -4.444092E-04
200278 -8.075364E-04 -1.765722E-04
200279 -8.244708E-04  1.665746E-04
200280 -6.978900E-04  4.936998E-04
200281 -4.814462E-04  7.219889E-04
200282 -2.810069E-04  8.349797E-04
200283 -1.969919E-04  8.737503E-04
200284 -3.022358E-04  8.614167E-04
200285 -6.212752E-04  6.967165E-04
200286 -9.484244E-04  1.167322E-04
200287 -5.377495E-04 -8.091058E-04
200288  8.079142E-04 -5.493648E-04
200289  3.618717E-05 -1.028846E-03
200290  1.041565E-03  2.093623E-05
200291 -7.275399E-04  7.620646E-04
200292  7.340338E-04 -7.819077E-04
200293 -1.063166E-03 -3.189664E-05
200294 -2.199840E-04  1.060350E-03
200295  2.736804E-04  1.056360E-03
200296 -2.296919E-04  1.064367E-03
200297 -1.079104E-03 -2.524144E-05
200298  7.173286E-04 -7.747568E-04
200299 -7.397403E-04  7.677247E-04
200300  1.037156E-03  2.403835E-05
200301  4.020293E-05 -1.028177E-03
200302 -7.368008E-04 -6.941764E-04
200303 -8.607563E-04 -4.954390E-04
200304 -6.504310E-04 -7.240855E-04
200305  5.635778E-05 -9.526881E-04
200306  8.897520E-04 -3.036674E-04
200307  3.686790E-04  8.492516E-04
200308 -8.776892E-04  2.240506E-04
200309  6.720584E-05 -8.893171E-04
200310  7.672724E-04  4.074051E-04
200311 -6.891863E-04  4.925350E-04
200312 -1.746030E-04 -8.232545E-04
200313  8.123280E-04  8.773026E-05
200314 -2.316698E-04  7.731892E-04
200315 -7.741577E-04 -1.983373E-04
200316 -2.273704E-05 -7.771516E-04
200317  6.371244E-04 -4.272867E-04
200318  7.623155E-04  5.590673E-05
200319  7.095463E-04  2.677137E-04
200320  7.269692E-04  1.857984E-04
200321  7.089414E-04 -2.101332E-04
200322  1.967254E-04 -6.977953E-04
200323 -6.782671E-04 -2.442224E-04
200324  5.525939E-05  7.012127E-04
200325  3.227309E-04 -6.176879E-04
200326 -3.797847E-04  5.918105E-04
200327  2.291249E-05 -6.960270E-04
200328  5.950836E-04  3.475372E-04
200329 -2.880706E-04  6.217383E-04
200330 -6.604221E-04  1.646889E-04
200331 -6.774391E-04 -3.615838E-05
200332 -6.567543E-04  1.684341E-04
200333 -2.800611E-04  6.279680E-04
200334  6.080539E-04  3.543481E-04
200335  4.031905E-05 -6.903105E-04
200336 -3.604278E-04  5.956179E-04
200337  3.396727E-04 -6.156502E-04
200338  6.476895E-05  7.021964E-04
200339 -6.798696E-04 -2.435068E-04
200340  1.835089E-04 -6.967880E-04
200341  6.875088E-04 -2.085024E-04
200342  7.037311E-04  1.882787E-04
200343  6.917062E-04  2.711923E-04
200344  7.552426E-04  6.032744E-05
200345  6.424450E-04 -4.223425E-04
200346 -7.540991E-06 -7.724807E-04
200347 -7.545548E-04 -1.949285E-04
200348 -2.139153E-04  7.744561E-04
200349  8.233366E-04  8.634871E-05
200350 -1.726090E-04 -8.272965E-04
200351 -6.957815E-04  4.862803E-04
200352  7.543088E-04  3.997092E-04
200353  5.061466E-05 -8.975270E-04
200354 -8.957056E-04  2.162597E-04
200355  3.504215E-04  8.427022E-04
200356  8.715738E-04 -3.083629E-04
200357  3.831469E-05 -9.552401E-04
200358 -6.678310E-04 -7.246603E-04
200359 -8.760752E-04 -4.947586E-04
200360 -7.477208E-04 -6.934644E-04
200361 -9.019393E-04  5.969723E-04
200362 -1.088790E-03  1.694572E-04
200363 -4.222326E-04 -1.042928E-03
200364  1.039572E-03  4.229513E-04
200365 -8.745784E-04 -7.209595E-04
200366 -5.480722E-04  9.937454E-04
200367  8.974698E-05  1.145193E-03
200368 -5.565988E-04  9.994409E-04
200369 -8.865453E-04 -7.120703E-04
200370  1.031164E-03  4.312926E-04
200371 -4.222895E-04 -1.038304E-03
200372 -1.080310E-03  1.690893E-04
200373 -8.888384E-04  5.923603E-04
200374 -1.028386E-03  1.915635E-04
200375 -5.846864E-04 -8.392297E-04
200376  9.297451E-04 -3.873570E-04
200377 -3.274806E-04  9.428202E-04
200378 -7.038701E-05 -9.502113E-04
200379  1.060123E-04  9.373165E-04
200380  4.690333E-05 -9.127743E-04
200381 -3.505681E-04  8.198048E-04
200382  6.376718E-04 -6.052068E-04
200383 -7.943111E-04  2.806815E-04
200384  8.410291E-04 -1.680110E-05
200385 -7.959743E-04 -1.528137E-04
200386  7.868427E-04  1.323404E-04
200387 -7.819898E-04  8.184173E-05
200388  5.863899E-04 -4.850590E-04
200389  5.010576E-05  7.568420E-04
200390 -7.273987E-04 -1.049480E-04
200391 -4.721696E-05 -7.252235E-04
200392  5.185191E-04 -5.136197E-04
200393  6.483290E-04 -3.121437E-04
200394  5.576718E-04 -4.295947E-04
200395  9.309611E-05 -6.894657E-04
200396 -6.560038E-04 -2.352506E-04
200397  3.800425E-05  6.845414E-04
200398  3.104165E-04 -6.007666E-04
200399 -2.110206E-04  6.369672E-04
200400 -2.599309E-04 -6.092398E-04
200401  6.593890E-04 -2.096727E-04
200402  5.270575E-04  4.271078E-04
200403  3.491661E-04  5.717101E-04
200404  5.208138E-04  4.299648E-04
200405  6.504751E-04 -2.060736E-04
200406 -2.658735E-04 -6.076936E-04
200407 -2.090162E-04  6.348702E-04
200408  3.217388E-04 -6.058740E-04
200409  5.495909E-05  6.787321E-04
200410 -6.408699E-04 -2.394054E-04
200411  9.884769E-05 -6.909778E-04
200412  5.504174E-04 -4.290400E-04
200413  6.304909E-04 -3.107440E-04
200414  4.975448E-04 -5.122086E-04
200415 -6.245819E-05 -7.239711E-04
200416 -7.309395E-04 -1.038428E-04
200417  5.846511E-05  7.574591E-04
200418  6.010981E-04 -4.856027E-04
200419 -7.694023E-04  7.966966E-05
200420  7.900175E-04  1.287997E-04
200421 -8.051350E-04 -1.566849E-04
200422  8.217749E-04 -1.961980E-05
200423 -8.178689E-04  2.800643E-04
200424  6.163405E-04 -6.030898E-04
200425 -3.649152E-04  8.244999E-04
200426  4.120391E-05 -9.061750E-04
200427  1.075028E-04  9.449391E-04
200428 -6.538265E-05 -9.422906E-04
200429 -3.234648E-04  9.507255E-04
200430  9.289863E-04 -3.794303E-04
200431 -5.918786E-04 -8.313551E-04
200432 -1.040647E-03  1.986166E-04
200433  2.005566E-04  1.101324E-03
200434  9.001527E-04  6.835586E-04
200435  6.238509E-04  9.622648E-04
200436 -9.779370E-04  6.677282E-04
200437  7.128377E-04 -9.792143E-04
200438 -1.194232E-03 -1.150349E-04
200439 -9.825546E-04  7.040706E-04
200440 -1.203067E-03 -1.086414E-04
200441  7.029328E-04 -9.698972E-04
200442 -9.796302E-04  6.749770E-04
200443  6.339585E-04  9.638211E-04
200444  9.174891E-04  6.791589E-04
200445  2.158540E-04  1.093654E-03
200446 -1.079105E-03  5.633621E-05
200447  8.508084E-04 -6.543129E-04
200448 -8.738593E-04  5.585230E-04
200449  9.966025E-04  1.201287E-04
200450 -3.137189E-04 -9.268709E-04
200451 -8.830174E-04  3.769996E-04
200452  2.283590E-04  8.954500E-04
200453  8.955072E-04  2.473173E-05
200454  3.025969E-04 -8.202041E-04
200455 -6.799122E-04 -5.035109E-04
200456 -5.784255E-04  5.807468E-04
200457  5.998652E-04  5.461952E-04
200458  3.447586E-04 -7.137721E-04
200459 -7.628101E-04  1.367241E-04
200460  6.901556E-04  2.919285E-04
200461 -6.475067E-04 -3.685918E-04
200462  7.104671E-04  1.465099E-04
200463 -5.613770E-04  4.403274E-04
200464 -3.256420E-04 -6.207159E-04
200465  4.250401E-04 -5.563348E-04
200466  6.280882E-04 -2.676111E-04
200467  5.800075E-04 -3.335669E-04
200468  1.726561E-04 -6.411237E-04
200469 -6.174137E-04 -2.244663E-04
200470  1.811294E-04  6.537135E-04
200471  6.208657E-06 -6.424908E-04
200472  3.507200E-04  5.654267E-04
200473 -6.252615E-04  1.348433E-04
200474 -3.959428E-04 -5.238908E-04
200475 -1.871078E-04 -6.320057E-04
200476 -4.102109E-04 -5.211761E-04
200477 -6.491887E-04  1.367443E-04
200478  3.259164E-04  5.622127E-04
200479 -9.275974E-06 -6.523163E-04
200480  1.813668E-04  6.402231E-04
200481 -6.030771E-04 -2.360526E-04
200482  1.920180E-04 -6.465727E-04
200483  5.933508E-04 -3.327533E-04
200484  6.289374E-04 -2.638217E-04
200485  4.148294E-04 -5.530976E-04
200486 -3.389936E-04 -6.193154E-04
200487 -5.683317E-04  4.405953E-04
200488  7.155042E-04  1.462642E-04
200489 -6.322352E-04 -3.701664E-04
200490  7.072381E-04  2.875344E-04
200491 -7.543285E-04  1.292519E-04
200492  3.382511E-04 -7.223089E-04
200493  5.795597E-04  5.400545E-04
200494 -6.047900E-04  5.800053E-04
200495 -7.024731E-04 -4.977292E-04
200496  2.912849E-04 -8.087596E-04
200497  8.983359E-04  3.978801E-05
200498  2.440946E-04  9.116842E-04
200499 -8.581798E-04  3.920838E-04
200500 -2.848262E-04 -9.146685E-04
200501  1.023962E-03  1.289992E-04
200502 -8.536702E-04  5.652533E-04
200503  8.591858E-04 -6.476421E-04
200504 -1.084213E-03  6.411618E-05
200505  7.191992E-05  1.169821E-03
200506  1.080818E-03 -4.832059E-04
200507  5.303378E-04 -1.105509E-03
200508  1.129520E-03 -5.216742E-04
200509 -2.463354E-04  1.239596E-03
200510  9.613355E-04 -8.489186E-04
200511  4.337530E-06 -1.267943E-03
200512  9.486276E-04 -8.428394E-04
200513 -2.596347E-04  1.247890E-03
200514  1.128765E-03 -5.169118E-04
200515  5.446503E-04 -1.108027E-03
200516  1.100467E-03 -4.914688E-04
200517  8.358470E-05  1.161772E-03
200518 -2.235086E-04 -1.108436E-03
200519 -5.869259E-04  9.254781E-04
200520  9.129422E-04  5.371510E-04
200521  9.163255E-04 -4.635486E-04
200522  5.459319E-04 -8.360690E-04
200523  3.714294E-04 -8.912970E-04
200524  3.835309E-04 -8.477525E-04
200525  4.734703E-04 -7.615638E-04
200526  5.499396E-04 -6.698468E-04
200527  5.586906E-04 -6.294604E-04
200528  4.566854E-04 -6.829265E-04
200529  1.637131E-04 -7.861849E-04
200530 -3.733385E-04 -6.858949E-04
200531 -7.610265E-04  1.633378E-05
200532 -1.934523E-05  7.449364E-04
200533  6.493460E-04 -3.028993E-04
200534 -7.151666E-04 -9.858133E-05
200535  6.914887E-04  1.028714E-04
200536 -6.076741E-04  3.162529E-04
200537 -1.238326E-04 -6.744854E-04
200538  5.544687E-04 -3.778792E-04
200539  6.458205E-04 -8.373065E-05
200540  5.975553E-04 -2.439517E-04
200541  9.903785E-05 -6.237401E-04
200542 -6.283126E-04  7.846293E-05
200543  5.842064E-04  2.875237E-04
200544 -6.279253E-04 -1.170483E-04
200545  3.740523E-04 -5.081136E-04
200546  5.643728E-04  1.959874E-04
200547  4.223652E-04  4.204654E-04
200548  5.529879E-04  2.017651E-04
200549  3.513881E-04 -5.022546E-04
200550 -6.566100E-04 -1.181259E-04
200551  5.610775E-04  2.770925E-04
200552 -6.352304E-04  6.362618E-05
200553  1.093420E-04 -6.341325E-04
200554  6.156757E-04 -2.444081E-04
200555  6.595639E-04 -7.646709E-05
200556  5.572085E-04 -3.700022E-04
200557 -1.303375E-04 -6.710701E-04
200558 -6.159116E-04  3.160166E-04
200559  6.898982E-04  1.030207E-04
200560 -7.057218E-04 -9.631082E-05
200561  6.669920E-04 -3.012929E-04
200562 -2.904154E-06  7.417098E-04
200563 -7.561521E-04  7.581076E-06
200564 -3.838557E-04 -6.958199E-04
200565  1.438340E-04 -7.910083E-04
200566  4.392636E-04 -6.791677E-04
200567  5.533393E-04 -6.184818E-04
200568  5.589270E-04 -6.559503E-04
200569  4.927496E-04 -7.486565E-04
200570  4.073948E-04 -8.378376E-04
200571  3.962470E-04 -8.853188E-04
200572  5.708097E-04 -8.349039E-04
200573  9.412853E-04 -4.672603E-04
200574  9.362017E-04  5.309675E-04
200575 -5.704564E-04  9.215888E-04
200576 -2.201522E-04 -1.106053E-03
200577 -1.209683E-03 -1.867490E-05
200578  1.230899E-03  1.109621E-04
200579 -1.207174E-04 -1.278836E-03
200580 -3.392372E-04 -1.280484E-03
200581  1.291032E-03 -3.797373E-04
200582 -1.335587E-03  7.428704E-05
200583 -6.977935E-04  1.180379E-03
200584 -1.354297E-03  7.908760E-05
200585  1.271064E-03 -3.731142E-04
200586 -3.425378E-04 -1.277981E-03
200587 -1.058558E-04 -1.285177E-03
200588  1.248933E-03  9.843522E-05
200589 -1.204245E-03 -2.763413E-05
200590  4.654055E-04  1.081404E-03
200591  1.109986E-03  1.545575E-04
200592  1.071068E-03 -1.061949E-04
200593  9.911123E-04  3.002531E-04
200594  4.003341E-04  9.098832E-04
200595 -6.648813E-04  6.851911E-04
200596 -7.780506E-04 -4.992641E-04
200597  3.725563E-04 -8.166138E-04
200598  8.442211E-04  2.106907E-04
200599  6.954315E-05  8.473018E-04
200600 -6.604430E-04  4.952800E-04
200601 -7.932378E-04 -5.427786E-05
200602 -7.044264E-04 -3.067164E-04
200603 -7.109734E-04 -2.254825E-04
200604 -6.978743E-04  2.163910E-04
200605 -8.858981E-05  7.117246E-04
200606  6.904829E-04 -4.263415E-05
200607 -5.367644E-04 -4.313158E-04
200608  4.943428E-04  4.636505E-04
200609 -6.556944E-04 -7.815035E-05
200610  1.871237E-04 -6.386718E-04
200611  6.114377E-04 -2.027493E-04
200612  6.295615E-04 -7.683751E-05
200613  4.577075E-04 -4.225241E-04
200614 -3.872556E-04 -4.763325E-04
200615 -9.175626E-05  6.146601E-04
200616  3.412276E-05 -6.380675E-04
200617  4.366574E-04  3.853955E-04
200618 -3.078730E-04  5.330953E-04
200619 -5.074159E-04  3.691192E-04
200620 -3.050012E-04  5.445650E-04
200621  4.317508E-04  4.000124E-04
200622  1.650573E-05 -6.309899E-04
200623 -1.120779E-04  6.097204E-04
200624 -3.959327E-04 -4.872037E-04
200625  4.638127E-04 -4.278171E-04
200626  6.410947E-04 -7.062944E-05
200627  6.179513E-04 -1.905093E-04
200628  1.856896E-04 -6.312696E-04
200629 -6.616725E-04 -8.040429E-05
200630  4.887558E-04  4.573735E-04
200631 -5.376441E-04 -4.325381E-04
200632  6.970145E-04 -3.639091E-05
200633 -7.632865E-05  7.188898E-04
200634 -6.875560E-04  2.162969E-04
200635 -7.115779E-04 -2.338099E-04
200636 -7.172690E-04 -3.155490E-04
200637 -8.082635E-04 -5.429860E-05
200638 -6.636153E-04  5.062292E-04
200639  8.422898E-05  8.622473E-04
200640  8.701222E-04  2.199180E-04
200641  3.968338E-04 -8.176813E-04
200642 -7.645689E-04 -5.084444E-04
200643 -6.630094E-04  6.720389E-04
200644  3.966334E-04  8.942072E-04
200645  9.904354E-04  2.814529E-04
200646  1.079114E-03 -1.263204E-04
200647  1.124215E-03  1.395241E-04
200648  4.749039E-04  1.078335E-03
200649  1.170986E-03  4.684965E-04
200650 -9.827094E-04  8.784839E-04
200651  1.261908E-03 -4.045400E-04
200652  3.277982E-04 -1.347327E-03
200653  1.291611E-03 -5.963035E-04
200654 -1.159179E-03  8.023616E-04
200655  2.029988E-04  1.433326E-03
200656 -1.182484E-03  8.049763E-04
200657  1.266578E-03 -5.910271E-04
200658  3.228109E-04 -1.344678E-03
200659  1.277330E-03 -4.120105E-04
200660 -9.668358E-04  8.626074E-04
200661  1.169962E-03  4.571976E-04
200662  1.079414E-03 -4.977366E-04
200663  1.113528E-03 -2.339862E-04
200664  7.247500E-04  8.189162E-04
200665 -8.611195E-04  6.130641E-04
200666 -7.287562E-05 -1.018850E-03
200667  7.098867E-04  6.682113E-04
200668 -9.057503E-04 -1.767020E-04
200669  8.451919E-04 -3.204600E-04
200670 -4.620959E-04  7.395790E-04
200671 -2.345329E-04 -8.006028E-04
200672  7.829401E-04  1.561002E-04
200673 -2.361852E-04  7.483227E-04
200674 -7.570794E-04  1.359171E-05
200675 -5.375580E-04 -5.006069E-04
200676 -4.128973E-04 -5.871646E-04
200677 -5.986916E-04 -3.696917E-04
200678 -6.120448E-04  3.278038E-04
200679  4.092152E-04  5.366834E-04
200680  7.377114E-06 -6.567100E-04
200681  6.161863E-05  6.502493E-04
200682 -5.268260E-04 -3.644917E-04
200683  2.730958E-04 -5.795822E-04
200684  5.306288E-04 -3.280253E-04
200685  4.061026E-04 -4.548778E-04
200686 -2.810556E-04 -5.405548E-04
200687 -3.386091E-04  4.933203E-04
200688  3.800814E-04 -4.980646E-04
200689  5.505317E-05  5.776406E-04
200690 -5.596790E-04  1.674570E-04
200691 -5.425297E-04 -8.662931E-05
200692 -5.385433E-04  1.843150E-04
200693  7.251292E-05  6.005714E-04
200694  3.768809E-04 -4.830914E-04
200695 -3.527693E-04  4.939809E-04
200696 -2.875928E-04 -5.474063E-04
200697  4.102442E-04 -4.560687E-04
200698  5.345738E-04 -3.179829E-04
200699  2.701895E-04 -5.667241E-04
200700 -5.325300E-04 -3.620345E-04
200701  5.847389E-05  6.392885E-04
200702  6.243365E-06 -6.701720E-04
200703  4.077966E-04  5.338983E-04
200704 -6.121727E-04  3.373955E-04
200705 -5.952436E-04 -3.585909E-04
200706 -4.097123E-04 -5.862150E-04
200707 -5.426849E-04 -5.101494E-04
200708 -7.715134E-04  5.240524E-06
200709 -2.478643E-04  7.533796E-04
200710  7.892210E-04  1.742551E-04
200711 -2.081564E-04 -7.835465E-04
200712 -4.302515E-04  7.401651E-04
200713  8.636714E-04 -3.392457E-04
200714 -9.097016E-04 -2.050697E-04
200715  6.868433E-04  6.411778E-04
200716 -1.045519E-04 -1.041836E-03
200717 -8.881254E-04  5.902672E-04
200718  7.144542E-04  7.946611E-04
200719  1.122129E-03 -2.533042E-04
200720  1.093573E-03 -5.023893E-04
200721  1.190236E-03 -4.665029E-04
200722  1.071735E-03  8.111975E-04
200723 -1.383871E-03 -1.416000E-04
200724  2.019275E-04  1.395531E-03
200725 -2.065855E-04  1.427807E-03
200726 -5.413500E-04 -1.375635E-03
200727 -1.484559E-03  9.776675E-05
200728 -5.648580E-04 -1.375895E-03
200729 -2.318865E-04  1.432600E-03
200730  1.976449E-04  1.401751E-03
200731 -1.367206E-03 -1.459027E-04
200732  1.085989E-03  7.948803E-04
200733  1.183503E-03 -4.798159E-04
200734  1.212895E-03 -1.118630E-04
200735  3.470150E-04  1.117325E-03
200736 -1.069229E-03 -3.373050E-04
200737  1.059851E-03 -2.757470E-05
200738 -1.014621E-03 -6.323458E-05
200739  8.952911E-04  3.895332E-04
200740 -5.928168E-04 -7.168470E-04
200741  2.249548E-04  8.649142E-04
200742  5.665747E-05 -8.611177E-04
200743 -1.278345E-04  8.192759E-04
200744 -7.578458E-05 -7.979077E-04
200745  5.073607E-04  5.813469E-04
200746 -7.252413E-04  1.949827E-04
200747 -2.330517E-04 -6.894848E-04
200748  3.915524E-04 -6.034445E-04
200749  5.114545E-04 -4.789890E-04
200750  2.432534E-04 -6.330963E-04
200751 -4.871549E-04 -4.539844E-04
200752 -2.404047E-04  6.138872E-04
200753  4.383791E-04 -4.623716E-04
200754 -1.652327E-04  6.047814E-04
200755 -5.369749E-04 -3.073211E-04
200756 -9.434746E-05 -6.050758E-04
200757 -1.025804E-04 -5.899537E-04
200758 -5.415347E-04 -2.682932E-04
200759 -8.320351E-05  5.649861E-04
200760  2.512047E-04 -5.792501E-04
200761  1.784700E-04  5.660832E-04
200762 -4.940554E-04  2.665665E-04
200763 -4.929710E-04  2.125181E-05
200764 -4.587193E-04  2.856595E-04
200765  2.109277E-04  5.916438E-04
200766  2.552837E-04 -5.626254E-04
200767 -9.372517E-05  5.667441E-04
200768 -5.434384E-04 -2.736176E-04
200769 -9.655616E-05 -5.894250E-04
200770 -9.540296E-05 -5.946762E-04
200771 -5.470283E-04 -2.969116E-04
200772 -1.717775E-04  6.022103E-04
200773  4.417892E-04 -4.786574E-04
200774 -2.349347E-04  5.975937E-04
200775 -4.887670E-04 -4.562673E-04
200776  2.366657E-04 -6.215041E-04
200777  5.080112E-04 -4.670071E-04
200778  3.916891E-04 -6.038392E-04
200779 -2.380350E-04 -7.014365E-04
200780 -7.388510E-04  1.858630E-04
200781  4.968497E-04  5.891698E-04
200782 -6.726827E-05 -7.757159E-04
200783 -1.002474E-04  8.354013E-04
200784  8.432179E-05 -8.701800E-04
200785  2.325643E-04  8.322925E-04
200786 -6.102118E-04 -7.539434E-04
200787  8.607463E-04  3.640610E-04
200788 -1.056435E-03 -7.672811E-05
200789  1.021322E-03 -3.917372E-05
200790 -1.090178E-03 -3.538438E-04
200791  3.519562E-04  1.101199E-03
200792  1.231344E-03 -1.149741E-04
200793  5.851988E-04  1.183639E-03
200794  4.294999E-04  1.308604E-03
200795 -1.420322E-03  1.338273E-04
200796  1.272049E-03  7.260867E-04
200797  1.464487E-03  4.114237E-04
200798 -1.265401E-03  8.522981E-04
200799  5.711332E-04  1.436831E-03
200800 -1.283855E-03  8.492536E-04
200801  1.443681E-03  4.166911E-04
200802  1.269244E-03  7.382150E-04
200803 -1.403543E-03  1.359499E-04
200804  4.420321E-04  1.294935E-03
200805  5.738249E-04  1.170012E-03
200806 -8.741581E-04  8.765032E-04
200807 -4.322554E-05 -1.179442E-03
200808  3.021224E-05  1.124883E-03
200809  5.910311E-04 -8.805149E-04
200810 -1.018947E-03 -2.592703E-05
200811  2.715455E-04  9.358955E-04
200812  7.969631E-04 -4.695293E-04
200813 -6.527216E-04 -6.109345E-04
200814 -2.395654E-04  8.107411E-04
200815  7.489979E-04 -3.543837E-04
200816 -7.903736E-04 -3.661729E-05
200817  7.582943E-04  7.364571E-05
200818 -6.967416E-04  2.711515E-04
200819  1.196948E-04 -7.097312E-04
200820  7.100573E-04  4.428784E-05
200821  4.597727E-04  5.109843E-04
200822  4.119567E-04  5.224848E-04
200823  6.353100E-04  1.235508E-04
200824  1.386769E-04 -6.167089E-04
200825 -5.254192E-04  3.535321E-04
200826  4.790065E-04 -3.960288E-04
200827  1.005048E-04  5.999546E-04
200828 -5.158096E-04  3.100070E-04
200829 -5.744281E-04  1.868651E-04
200830 -2.992497E-04  5.098533E-04
200831  5.558474E-04  1.856171E-04
200832 -3.904682E-04 -4.393666E-04
200833  6.056011E-04  1.274308E-04
200834 -2.901743E-05  6.757903E-04
200835 -2.680714E-04  6.098120E-04
200836  1.309272E-05  6.929624E-04
200837  6.419153E-04  1.478607E-04
200838 -3.881942E-04 -4.294424E-04
200839  5.456604E-04  1.834428E-04
200840 -2.951105E-04  5.047959E-04
200841 -5.636692E-04  1.884229E-04
200842 -5.189434E-04  3.187927E-04
200843  8.652264E-05  6.069371E-04
200844  4.742054E-04 -4.005901E-04
200845 -5.151349E-04  3.383645E-04
200846  1.493035E-04 -6.299578E-04
200847  6.329030E-04  1.236690E-04
200848  4.008906E-04  5.341917E-04
200849  4.534925E-04  5.214409E-04
200850  7.119490E-04  4.247294E-05
200851  1.193565E-04 -7.223953E-04
200852 -7.066507E-04  2.617262E-04
200853  7.485260E-04  8.175360E-05
200854 -7.838435E-04 -1.452110E-05
200855  7.716929E-04 -3.422484E-04
200856 -2.207336E-04  7.927192E-04
200857 -6.562650E-04 -6.508811E-04
200858  7.721961E-04 -5.032371E-04
200859  2.383414E-04  9.261539E-04
200860 -1.054418E-03 -1.785126E-05
200861  5.549964E-04 -8.722772E-04
200862  6.047561E-06  1.122006E-03
200863 -4.018241E-05 -1.188862E-03
200864 -8.522064E-04  8.756776E-04
200865  4.452458E-04 -1.234604E-03
200866 -3.439431E-04 -1.325802E-03
200867  1.121063E-03 -8.973102E-04
200868 -1.235937E-03  8.106089E-04
200869 -4.462931E-04  1.450794E-03
200870 -1.187476E-03 -1.032885E-03
200871 -1.178966E-03  1.065532E-03
200872 -1.196965E-03 -1.037261E-03
200873 -4.600737E-04  1.457533E-03
200874 -1.238775E-03  8.286250E-04
200875  1.135327E-03 -8.883953E-04
200876 -3.337263E-04 -1.335427E-03
200877  4.305033E-04 -1.247194E-03
200878  9.197416E-04  8.318874E-04
200879 -9.101223E-04 -7.521618E-04
200880  1.450170E-04  1.116963E-03
200881  1.009848E-03 -3.391233E-04
200882 -1.660233E-04 -9.881105E-04
200883 -9.512625E-04 -2.047370E-04
200884 -5.754355E-04  7.281949E-04
200885  4.570550E-04  7.442203E-04
200886  7.896418E-04 -3.273147E-04
200887 -3.885484E-04 -7.133665E-04
200888 -3.938265E-04  6.737859E-04
200889  6.801468E-04 -3.212271E-04
200890 -6.861137E-04  2.858808E-04
200891  4.077839E-04 -5.781561E-04
200892  3.927245E-04  5.705028E-04
200893 -3.807248E-04  5.448485E-04
200894 -5.728664E-04  3.108107E-04
200895 -4.275744E-04  4.823922E-04
200896  2.808159E-04  5.649259E-04
200897  3.452951E-04 -5.060105E-04
200898 -4.167238E-04  4.433239E-04
200899 -1.831992E-07 -6.012148E-04
200900  5.841484E-04 -1.039690E-04
200901  5.575990E-04  1.471595E-04
200902  5.423957E-04 -1.885997E-04
200903 -1.830650E-04 -5.577591E-04
200904 -6.505127E-05  5.500274E-04
200905 -1.691424E-04 -4.999402E-04
200906  5.544743E-04 -6.995851E-05
200907  5.949705E-04  2.745901E-04
200908  5.975042E-04 -5.770171E-05
200909 -1.361268E-04 -4.907181E-04
200910 -6.868264E-05  5.468475E-04
200911 -1.937835E-04 -5.665827E-04
200912  5.525129E-04 -1.923464E-04
200913  5.731158E-04  1.507870E-04
200914  5.803797E-04 -9.754676E-05
200915 -1.560253E-05 -5.977439E-04
200916 -4.193094E-04  4.397128E-04
200917  3.592294E-04 -5.154883E-04
200918  2.923820E-04  5.576356E-04
200919 -4.318742E-04  4.846674E-04
200920 -5.857506E-04  3.205922E-04
200921 -3.863362E-04  5.527231E-04
200922  3.984282E-04  5.689669E-04
200923  4.131762E-04 -5.882032E-04
200924 -6.911634E-04  2.779939E-04
200925  6.717335E-04 -3.141114E-04
200926 -3.900405E-04  6.930118E-04
200927 -3.716109E-04 -7.066156E-04
200928  8.005485E-04 -3.526237E-04
200929  4.447390E-04  7.017829E-04
200930 -6.047924E-04  7.044154E-04
200931 -9.790259E-04 -1.933972E-04
200932 -1.889673E-04 -9.566622E-04
200933  9.821397E-04 -3.122894E-04
200934  1.201748E-04  1.125990E-03
200935 -9.095133E-04 -7.557038E-04
200936  9.435359E-04  8.327173E-04
200937  6.236239E-04 -1.163465E-03
200938 -7.761512E-04 -1.144356E-03
200939  1.540554E-04 -1.441657E-03
200940  2.890910E-04  1.457012E-03
200941  1.429290E-03  5.964716E-04
200942 -9.424470E-04  1.274816E-03
200943  1.218033E-03  1.001760E-03
200944 -9.418002E-04  1.271861E-03
200945  1.422254E-03  6.057271E-04
200946  2.836877E-04  1.478753E-03
200947  1.634231E-04 -1.428221E-03
200948 -7.684459E-04 -1.150411E-03
200949  6.069796E-04 -1.174850E-03
200950  2.078390E-04  1.209051E-03
200951  3.603097E-04 -1.134451E-03
200952 -1.103019E-03 -2.413551E-05
200953 -3.414445E-04  1.009836E-03
200954  5.210042E-04  8.690608E-04
200955  8.926822E-04  3.221621E-04
200956  8.562350E-04 -2.790517E-04
200957  4.267584E-04 -7.645232E-04
200958 -3.452040E-04 -7.683356E-04
200959 -7.825790E-04  9.925971E-05
200960  1.879236E-04  7.572237E-04
200961  5.101129E-04 -5.396811E-04
200962 -6.819816E-04  2.766569E-04
200963  5.735452E-04 -3.910659E-04
200964 -7.194580E-05  6.741126E-04
200965 -6.553598E-04 -4.859115E-05
200966 -4.391438E-04 -4.761516E-04
200967 -4.685343E-04 -4.289683E-04
200968 -6.139408E-04  1.236577E-04
200969  2.683444E-04  5.474189E-04
200970 -5.166867E-05 -5.974288E-04
200971  3.751311E-04  4.635065E-04
200972 -4.576708E-04  3.610081E-04
200973 -5.878660E-04  5.435723E-05
200974 -4.995191E-04  2.957891E-04
200975  2.725061E-04  5.000125E-04
200976  1.072489E-04 -5.611886E-04
200977  1.925452E-04  5.720394E-04
200978 -5.688236E-04  2.750562E-04
200979 -5.757371E-04  2.022783E-05
200980 -5.272135E-04  2.819861E-04
200981  2.215675E-04  5.682078E-04
200982  9.997679E-05 -5.795667E-04
200983  2.628591E-04  4.846846E-04
200984 -4.851476E-04  2.953718E-04
200985 -5.700771E-04  6.120127E-05
200986 -4.617937E-04  3.646936E-04
200987  3.601526E-04  4.635747E-04
200988 -5.263656E-05 -5.987332E-04
200989  2.819143E-04  5.444822E-04
200990 -6.052710E-04  1.213905E-04
200991 -4.748629E-04 -4.263015E-04
200992 -4.510285E-04 -4.693407E-04
200993 -6.582969E-04 -4.296681E-05
200994 -6.335160E-05  6.745702E-04
200995  5.824554E-04 -3.960766E-04
200996 -6.831392E-04  2.718756E-04
200997  5.034616E-04 -5.337913E-04
200998  1.897163E-04  7.728062E-04
200999 -7.694958E-04  1.014392E-04
201000 -3.381512E-04 -7.984651E-04
201001  4.094693E-04 -8.076030E-04
201002  8.223216E-04 -2.936652E-04
201003  8.674920E-04  3.510154E-04
201004  5.085507E-04  9.180989E-04
201005 -3.611002E-04  1.048180E-03
201006 -1.128912E-03 -9.475415E-06
201007  3.571205E-04 -1.135392E-03
201008  2.316452E-04  1.210813E-03
201009  3.218062E-05  1.293909E-03
201010  1.312168E-03  3.231504E-04
201011  1.063109E-03  9.358913E-04
201012 -1.453814E-03 -3.394123E-04
201013 -9.617797E-04  1.191865E-03
201014 -1.099344E-03 -1.137949E-03
201015 -1.185823E-03  1.065888E-03
201016 -1.090411E-03 -1.136360E-03
201017 -9.646121E-04  1.204405E-03
201018 -1.463857E-03 -3.172162E-04
201019  1.066693E-03  9.504732E-04
201020  1.317963E-03  3.193377E-04
201021  1.518302E-05  1.283016E-03
201022 -4.627640E-04 -1.156597E-03
201023 -3.934959E-04  1.082846E-03
201024  1.042030E-03  4.022966E-04
201025  8.750260E-04 -5.772980E-04
201026  3.770743E-04 -9.108159E-04
201027 -1.047187E-05 -9.406528E-04
201028 -3.267229E-04 -8.454786E-04
201029 -6.318280E-04 -6.001055E-04
201030 -8.190035E-04 -8.032374E-05
201031 -4.772720E-04  6.227078E-04
201032  5.279786E-04  5.693684E-04
201033  3.523622E-04 -6.437437E-04
201034 -6.705085E-04  2.775438E-04
201035  6.357222E-04 -2.513822E-04
201036 -3.564924E-04  5.663099E-04
201037 -4.859859E-04 -4.408232E-04
201038  7.033471E-05 -6.404201E-04
201039  1.340675E-04 -6.112730E-04
201040 -3.240125E-04 -5.206665E-04
201041 -4.799194E-04  3.673862E-04
201042  5.869209E-04 -8.457210E-05
201043 -4.777506E-04  3.280312E-04
201044 -2.597133E-04 -5.123993E-04
201045  9.993765E-05 -5.632893E-04
201046 -1.076876E-04 -5.616352E-04
201047 -5.457319E-04  1.073421E-05
201048  4.812383E-04  3.410338E-04
201049 -5.495889E-04 -8.150299E-05
201050  7.527077E-05 -4.495932E-04
201051  3.143202E-04 -2.627973E-04
201052  1.156296E-04 -4.455749E-04
201053 -5.210191E-04 -9.536536E-05
201054  4.762019E-04  3.100434E-04
201055 -5.517908E-04 -8.920020E-06
201056 -9.183124E-05 -5.574143E-04
201057  1.166697E-04 -5.531990E-04
201058 -2.640926E-04 -5.117203E-04
201059 -4.907415E-04  3.251225E-04
201060  5.869295E-04 -8.343921E-05
201061 -4.693031E-04  3.692408E-04
201062 -3.197648E-04 -5.208224E-04
201063  1.267325E-04 -6.097983E-04
201064  6.150170E-05 -6.359242E-04
201065 -4.858452E-04 -4.360969E-04
201066 -3.473414E-04  5.694245E-04
201067  6.447637E-04 -2.511059E-04
201068 -6.697441E-04  2.761693E-04
201069  3.472932E-04 -6.389580E-04
201070  5.284115E-04  5.818007E-04
201071 -4.659637E-04  6.225819E-04
201072 -8.112098E-04 -1.121741E-04
201073 -6.494737E-04 -6.440055E-04
201074 -3.650778E-04 -8.566221E-04
201075 -3.789621E-05 -9.026326E-04
201076  3.697398E-04 -8.518005E-04
201077  8.609121E-04 -5.344294E-04
201078  1.014830E-03  4.161320E-04
201079 -4.007361E-04  1.080863E-03
201080 -4.401978E-04 -1.154200E-03
201081  1.221893E-03  4.022947E-04
201082  6.980176E-04 -1.135767E-03
201083  1.195177E-03 -7.133493E-04
201084 -7.691384E-04  1.235376E-03
201085  7.840499E-04  1.278591E-03
201086 -1.430144E-03  6.030664E-04
201087  5.562325E-04  1.434885E-03
201088 -1.417062E-03  6.113552E-04
201089  7.816980E-04  1.294297E-03
201090 -7.846456E-04  1.254647E-03
201091  1.193700E-03 -7.006500E-04
201092  7.030585E-04 -1.138506E-03
201093  1.206042E-03  3.909757E-04
201094 -1.203551E-03  1.353754E-05
201095  8.391532E-04  7.855326E-04
201096  8.190970E-04 -7.262476E-04
201097 -5.069794E-05 -1.023423E-03
201098 -5.199896E-04 -8.240314E-04
201099 -7.129409E-04 -6.051912E-04
201100 -8.088021E-04 -3.930210E-04
201101 -8.531928E-04 -9.845589E-05
201102 -7.329818E-04  3.489399E-04
201103 -1.784457E-04  7.611008E-04
201104  6.642068E-04  3.837947E-04
201105  2.225377E-04 -6.906119E-04
201106 -6.382749E-04  3.188462E-04
201107  6.390925E-04 -2.237547E-04
201108 -4.347519E-04  4.977194E-04
201109 -3.548726E-04 -5.479945E-04
201110  2.881499E-04 -5.692426E-04
201111  3.886105E-04 -4.805867E-04
201112 -5.812049E-09 -6.033847E-04
201113 -5.980769E-04  8.571084E-06
201114  4.903872E-04  3.157438E-04
201115 -5.603979E-04 -1.094985E-04
201116  2.155365E-04 -5.258022E-04
201117  4.930362E-04 -2.582228E-04
201118  3.821855E-04 -4.007580E-04
201119 -2.963714E-04 -4.538112E-04
201120 -2.098850E-05  5.676240E-04
201121 -1.833326E-04 -4.960079E-04
201122  4.295686E-04 -7.901130E-05
201123  3.899504E-04  2.368243E-04
201124  4.691036E-04 -7.350021E-05
201125 -1.513961E-04 -5.131023E-04
201126 -1.811360E-05  5.301953E-04
201127 -2.968901E-04 -4.746826E-04
201128  3.967462E-04 -3.920528E-04
201129  5.060834E-04 -2.460834E-04
201130  2.113059E-04 -5.281297E-04
201131 -5.703082E-04 -1.144734E-04
201132  4.909472E-04  3.189920E-04
201133 -5.910759E-04  1.274966E-05
201134  5.040115E-07 -6.042058E-04
201135  3.815523E-04 -4.808441E-04
201136  2.827759E-04 -5.652741E-04
201137 -3.526682E-04 -5.425705E-04
201138 -4.273138E-04  5.030332E-04
201139  6.455976E-04 -2.197430E-04
201140 -6.373364E-04  3.200331E-04
201141  2.185510E-04 -6.869016E-04
201142  6.633195E-04  3.938378E-04
201143 -1.679308E-04  7.612366E-04
201144 -7.210223E-04  3.188312E-04
201145 -8.661932E-04 -1.436753E-04
201146 -8.492963E-04 -4.077724E-04
201147 -7.459274E-04 -5.671053E-04
201148 -5.283475E-04 -7.609949E-04
201149 -6.267031E-05 -9.798696E-04
201150  7.914083E-04 -7.173005E-04
201151  8.294083E-04  7.798850E-04
201152 -1.182676E-03  1.669719E-05
201153  3.014498E-04  1.207444E-03
201154  1.258438E-03  2.671293E-04
201155  8.388036E-04  1.055786E-03
201156 -1.176568E-03 -7.909725E-04
201157 -1.367282E-03  5.144433E-04
201158 -1.948979E-04 -1.478325E-03
201159 -1.507075E-03  8.881598E-05
201160 -1.827099E-04 -1.463236E-03
201161 -1.372805E-03  5.317767E-04
201162 -1.196975E-03 -7.775338E-04
201163  8.340643E-04  1.064643E-03
201164  1.264024E-03  2.649047E-04
201165  2.881555E-04  1.195070E-03
201166 -8.275344E-04 -8.523711E-04
201167  2.047417E-04  1.098202E-03
201168  1.038321E-03 -2.774563E-04
201169  2.789238E-04 -9.705024E-04
201170 -3.297881E-04 -8.991213E-04
201171 -6.305023E-04 -6.671328E-04
201172 -7.844859E-04 -4.071891E-04
201173 -8.438508E-04 -6.402746E-05
201174 -6.907441E-04  4.079188E-04
201175 -8.266216E-05  7.692501E-04
201176  7.032730E-04  2.764048E-04
201177  1.013738E-04 -7.098269E-04
201178 -5.608597E-04  4.202926E-04
201179  5.853830E-04 -3.345683E-04
201180 -3.320971E-04  5.592886E-04
201181 -4.375575E-04 -4.749537E-04
201182  1.900868E-04 -6.022899E-04
201183  3.074357E-04 -5.259267E-04
201184 -8.266601E-05 -5.895260E-04
201185 -5.850638E-04  8.019265E-05
201186  5.174071E-04  2.559277E-04
201187 -5.641427E-04 -5.333543E-05
201188  1.702464E-04 -5.334815E-04
201189  4.720390E-04 -2.913420E-04
201190  3.560323E-04 -4.224429E-04
201191 -3.174653E-04 -4.306501E-04
201192 -1.662136E-06  5.716986E-04
201193 -2.050165E-04 -4.928377E-04
201194  4.054171E-04 -1.289073E-04
201195  3.667445E-04  1.743949E-04
201196  4.428976E-04 -1.170238E-04
201197 -1.688616E-04 -5.047622E-04
201198  1.176187E-05  5.357633E-04
201199 -3.118530E-04 -4.495322E-04
201200  3.673179E-04 -4.106565E-04
201201  4.801424E-04 -2.790049E-04
201202  1.667641E-04 -5.384068E-04
201203 -5.705407E-04 -5.915530E-05
201204  5.182170E-04  2.609081E-04
201205 -5.809820E-04  8.473543E-05
201206 -8.406935E-05 -5.926152E-04
201207  3.014144E-04 -5.277069E-04
201208  1.868999E-04 -5.972696E-04
201209 -4.352358E-04 -4.679085E-04
201210 -3.278731E-04  5.655949E-04
201211  5.881515E-04 -3.291523E-04
201212 -5.606969E-04  4.226465E-04
201213  9.800345E-05 -7.073781E-04
201214  7.007284E-04  2.845035E-04
201215 -7.320133E-05  7.717165E-04
201216 -6.730362E-04  3.831302E-04
201217 -8.473068E-04 -1.098369E-04
201218 -8.220653E-04 -4.309778E-04
201219 -6.697002E-04 -6.368096E-04
201220 -3.454658E-04 -8.367187E-04
201221  2.644827E-04 -9.279308E-04
201222  1.011399E-03 -2.748276E-04
201223  1.953734E-04  1.087971E-03
201224 -8.082305E-04 -8.479944E-04
