Mesh2HRTF 1.0.0-dev
    1
    1  1225
200000  8.534731E-04  8.046044E-04
200001  1.008001E-03 -6.567154E-04
200002  6.841548E-04 -9.888688E-04
200003  3.347715E-04 -1.155205E-03
200004  3.290789E-05 -1.203108E-03
200005 -1.875426E-04 -1.189823E-03
200006 -3.182448E-04 -1.162464E-03
200007 -3.611949E-04 -1.150135E-03
200008 -3.182589E-04 -1.162496E-03
200009 -1.875713E-04 -1.189885E-03
200010  3.286375E-05 -1.203197E-03
200011  3.347106E-04 -1.155317E-03
200012  6.840755E-04 -9.889981E-04
200013  1.007902E-03 -6.568558E-04
200014  1.194234E-03 -1.547050E-04
200015  1.120951E-03  4.421785E-04
200016  7.181547E-04  9.657084E-04
200017  4.369442E-05  1.196406E-03
200018 -6.799783E-04  9.703084E-04
200019 -1.126008E-03  3.099899E-04
200020 -1.030687E-03 -5.136469E-04
200021 -3.863914E-04 -1.075767E-03
200022  4.869451E-04 -1.037974E-03
200023  1.091070E-03 -3.900663E-04
200024  1.057534E-03  4.991502E-04
200025  4.024258E-04  1.096346E-03
200026 -4.728659E-04  1.048262E-03
200027 -1.045902E-03  4.052597E-04
200028 -1.006052E-03 -4.348204E-04
200029 -4.187591E-04 -1.001002E-03
200030  3.659600E-04 -1.028881E-03
200031  9.548887E-04 -5.657338E-04
200032  1.120855E-03  1.225638E-04
200033  8.674628E-04  7.342435E-04
200034  3.594255E-04  1.075414E-03
200035 -1.979544E-04  1.104103E-03
200036 -6.515821E-04  8.916559E-04
200037 -9.345482E-04  5.538583E-04
200038 -1.052860E-03  1.951980E-04
200039 -1.052637E-03 -1.171170E-04
200040 -9.899685E-04 -3.539521E-04
200041 -9.127947E-04 -5.122490E-04
200042 -8.542611E-04 -6.007599E-04
200043 -8.328075E-04 -6.289850E-04
200044 -8.542396E-04 -6.007697E-04
200045 -9.127510E-04 -5.122693E-04
200046 -9.899015E-04 -3.539839E-04
200047 -1.052545E-03 -1.171618E-04
200048 -1.052742E-03  1.951385E-04
200049 -9.344021E-04  5.537827E-04
200050 -6.514067E-04  8.915630E-04
200051 -1.977491E-04  1.103993E-03
200052  3.596607E-04  1.075286E-03
200053  8.677270E-04  7.340993E-04
200054  1.121146E-03  1.224059E-04
200055  9.552042E-04 -5.659020E-04
200056  3.662962E-04 -1.029055E-03
200057 -4.184067E-04 -1.001177E-03
200058 -1.005689E-03 -4.349901E-04
200059 -1.045533E-03  4.051009E-04
200060 -4.724957E-04  1.048120E-03
200061  4.027912E-04  1.096226E-03
200062  1.057889E-03  4.990571E-04
200063  1.091411E-03 -3.901290E-04
200064  4.872674E-04 -1.038004E-03
200065 -3.860909E-04 -1.075764E-03
200066 -1.030411E-03 -5.136109E-04
200067 -1.125758E-03  3.100566E-04
200068 -6.797549E-04  9.704021E-04
200069  4.389106E-05  1.196522E-03
200070  7.183250E-04  9.658407E-04
200071  1.121096E-03  4.423205E-04
200072  1.194356E-03 -1.545603E-04
200073  4.313884E-04 -1.188951E-03
200074 -5.639669E-04 -1.145745E-03
200075 -1.158550E-03 -5.513589E-04
200076 -1.279880E-03  1.082420E-04
200077 -1.146380E-03  5.781174E-04
200078 -9.822499E-04  8.256285E-04
200079 -9.149867E-04  8.991282E-04
200080 -9.822332E-04  8.254755E-04
200081 -1.146349E-03  5.778184E-04
200082 -1.279839E-03  1.078108E-04
200083 -1.158507E-03 -5.519024E-04
200084 -5.639299E-04 -1.146375E-03
200085  4.314085E-04 -1.189638E-03
200086  1.198524E-03 -3.529531E-04
200087  8.856142E-04  8.628067E-04
200088 -4.404561E-04  1.148178E-03
200089 -1.221419E-03 -6.219917E-05
200090 -2.178979E-04 -1.191534E-03
200091  1.133573E-03 -3.992080E-04
200092  5.124762E-04  1.079158E-03
200093 -1.028332E-03  5.676173E-04
200094 -5.672932E-04 -1.001959E-03
200095  1.012773E-03 -5.563513E-04
200096  5.685994E-04  1.013944E-03
200097 -9.754815E-04  5.664289E-04
200098 -5.358097E-04 -9.509426E-04
200099  9.609905E-04 -5.561631E-04
200100  6.635569E-04  9.179423E-04
200101 -7.777336E-04  7.731901E-04
200102 -8.462364E-04 -6.135369E-04
200103  4.318095E-04 -9.558676E-04
200104  1.080270E-03  1.124500E-04
200105  3.606047E-04  1.033572E-03
200106 -6.964925E-04  8.027013E-04
200107 -1.013963E-03 -1.332623E-04
200108 -5.110848E-04 -8.643223E-04
200109  2.611173E-04 -9.747084E-04
200110  8.213455E-04 -6.104044E-04
200111  1.030663E-03 -9.858578E-05
200112  9.868951E-04  3.336537E-04
200113  8.451956E-04  6.126342E-04
200114  7.211080E-04  7.549992E-04
200115  6.740441E-04  7.971342E-04
200116  7.210455E-04  7.550609E-04
200117  8.450806E-04  6.127485E-04
200118  9.867460E-04  3.338034E-04
200119  1.030504E-03 -9.842440E-05
200120  8.212069E-04 -6.102590E-04
200121  2.610271E-04 -9.746080E-04
200122 -5.111005E-04 -8.642940E-04
200123 -1.013883E-03 -1.333287E-04
200124 -6.963035E-04  8.025241E-04
200125  3.609089E-04  1.033276E-03
200126  1.080687E-03  1.120381E-04
200127  4.323310E-04 -9.563844E-04
200128 -8.456259E-04 -6.141384E-04
200129 -7.770536E-04  7.725314E-04
200130  6.642843E-04  9.172596E-04
200131  9.617419E-04 -5.568339E-04
200132 -5.350573E-04 -9.515647E-04
200133 -9.747499E-04  5.658900E-04
200134  5.692909E-04  1.013519E-03
200135  1.013408E-03 -5.566392E-04
200136 -5.667275E-04 -1.002093E-03
200137 -1.027845E-03  5.676445E-04
200138  5.128812E-04  1.079345E-03
200139  1.133894E-03 -3.988706E-04
200140 -2.176566E-04 -1.191065E-03
200141 -1.221252E-03 -6.162171E-05
200142 -4.403529E-04  1.148834E-03
200143  8.856640E-04  8.635077E-04
200144  1.198532E-03 -3.522415E-04
200145  7.213562E-04 -1.106278E-03
200146 -8.381032E-04 -1.055542E-03
200147 -1.335901E-03  1.908685E-04
200148 -7.532893E-04  1.110034E-03
200149  1.686852E-05  1.336747E-03
200150  4.996489E-04  1.239518E-03
200151  6.496676E-04  1.168288E-03
200152  4.996944E-04  1.239198E-03
200153  1.695821E-05  1.336119E-03
200154 -7.531585E-04  1.109126E-03
200155 -1.335736E-03  1.897199E-04
200156 -8.379137E-04 -1.056881E-03
200157  7.215533E-04 -1.107746E-03
200158  1.144884E-03  5.803233E-04
200159 -6.670462E-04  1.091242E-03
200160 -9.387630E-04 -8.814018E-04
200161  1.110931E-03 -5.763624E-04
200162 -1.460508E-05  1.224376E-03
200163 -1.026862E-03 -6.723676E-04
200164  1.125282E-03 -4.144408E-04
200165 -4.155593E-04  1.104184E-03
200166 -5.233270E-04 -1.038088E-03
200167  1.102287E-03  3.397943E-04
200168 -9.787395E-04  5.620634E-04
200169  2.742075E-04 -1.067706E-03
200170  6.479717E-04  9.165300E-04
200171 -1.066975E-03 -3.204950E-05
200172  6.701778E-04 -8.196422E-04
200173  4.172672E-04  1.009899E-03
200174 -1.024614E-03 -1.926469E-05
200175  4.071237E-04 -9.228220E-04
200176  8.556224E-04  6.187552E-04
200177 -6.448896E-04  8.010856E-04
200178 -7.715341E-04 -6.002919E-04
200179  4.896951E-04 -8.485350E-04
200180  9.772508E-04  2.000016E-04
200181  2.808414E-04  9.552103E-04
200182 -5.949433E-04  7.860654E-04
200183 -9.716465E-04  1.444034E-04
200184 -8.831131E-04 -4.340013E-04
200185 -6.228804E-04 -7.638313E-04
200186 -4.083192E-04 -8.971308E-04
200187 -3.302236E-04 -9.283994E-04
200188 -4.087062E-04 -8.968058E-04
200189 -6.236091E-04 -7.632153E-04
200190 -8.840994E-04 -4.331593E-04
200191 -9.727795E-04  1.453828E-04
200192 -5.961009E-04  7.870783E-04
200193  2.797772E-04  9.561483E-04
200194  9.763799E-04  2.007619E-04
200195  4.890900E-04 -8.480400E-04
200196 -7.718330E-04 -6.001268E-04
200197 -6.448735E-04  8.008844E-04
200198  8.559351E-04  6.181823E-04
200199  4.076944E-04 -9.237414E-04
200200 -1.023836E-03 -2.047761E-05
200201  4.181959E-04  1.008469E-03
200202  6.712018E-04 -8.211979E-04
200203 -1.065907E-03 -3.362904E-05
200204  6.490372E-04  9.150289E-04
200205  2.752311E-04 -1.069033E-03
200206 -9.777918E-04  5.609932E-04
200207  1.103131E-03  3.390450E-04
200208 -5.226094E-04 -1.038474E-03
200209 -4.149830E-04  1.104177E-03
200210  1.125709E-03 -4.140726E-04
200211 -1.026583E-03 -6.716526E-04
200212 -1.446369E-05  1.225391E-03
200213  1.110952E-03 -5.751082E-04
200214 -9.388377E-04 -8.799794E-04
200215 -6.671891E-04  1.092756E-03
200216  1.144701E-03  5.818518E-04
200217  1.292564E-03  3.855918E-04
200218  1.702279E-04 -1.383913E-03
200219 -1.368769E-03 -3.553066E-04
200220 -8.818412E-04  1.100884E-03
200221  2.344133E-04  1.388535E-03
200222  8.876752E-04  1.096333E-03
200223  1.063668E-03  9.290293E-04
200224  8.876583E-04  1.095885E-03
200225  2.343922E-04  1.387657E-03
200226 -8.818452E-04  1.099608E-03
200227 -1.368733E-03 -3.569297E-04
200228  1.703174E-04 -1.385819E-03
200229  1.292707E-03  3.834807E-04
200230 -8.962176E-04  9.975493E-04
200231 -2.823490E-04 -1.312977E-03
200232  1.024723E-03  7.650775E-04
200233 -1.282248E-03 -1.469434E-04
200234  1.184383E-03 -3.863397E-04
200235 -1.036180E-03  6.587731E-04
200236  8.492415E-04 -8.575765E-04
200237 -7.326729E-04  9.189562E-04
200238  6.165404E-04 -9.835939E-04
200239 -5.278398E-04  1.001807E-03
200240  4.227703E-04 -1.028639E-03
200241 -2.730593E-04  1.064601E-03
200242  9.063217E-05 -1.056649E-03
200243  2.025507E-04  1.058393E-03
200244 -5.073654E-04 -8.719303E-04
200245  8.673445E-04  5.982995E-04
200246 -9.908941E-04  2.079010E-05
200247  7.761965E-04 -6.071930E-04
200248  6.164915E-06  1.015342E-03
200249 -8.157711E-04 -4.827542E-04
200250  7.756833E-04 -5.510005E-04
200251  4.063592E-04  8.729676E-04
200252 -8.647436E-04  3.997111E-04
200253 -5.641829E-04 -7.727564E-04
200254  4.680521E-04 -8.179977E-04
200255  8.963631E-04 -7.969711E-05
200256  6.599744E-04  5.555771E-04
200257  2.382741E-04  8.167191E-04
200258 -6.281754E-05  8.523674E-04
200259 -1.646288E-04  8.425106E-04
200260 -6.385800E-05  8.531427E-04
200261  2.363260E-04  8.181942E-04
200262  6.573612E-04  5.576090E-04
200263  8.933953E-04 -7.730314E-05
200264  4.650577E-04 -8.154679E-04
200265 -5.669077E-04 -7.703255E-04
200266 -8.669730E-04  4.018223E-04
200267  4.047588E-04  8.745721E-04
200268  7.747507E-04 -5.500410E-04
200269 -8.160785E-04 -4.825195E-04
200270  6.383625E-06  1.014835E-03
200271  7.768145E-04 -6.083983E-04
200272 -9.900050E-04  1.898491E-05
200273  8.683945E-04  5.960368E-04
200274 -5.062380E-04 -8.744770E-04
200275  2.036995E-04  1.055753E-03
200276  9.176683E-05 -1.059192E-03
200277 -2.719637E-04  1.062333E-03
200278  4.238033E-04 -1.030482E-03
200279 -5.268967E-04  1.000501E-03
200280  6.173619E-04 -9.842921E-04
200281 -7.320047E-04  9.188879E-04
200282  8.497320E-04 -8.570366E-04
200283 -1.035876E-03  6.598609E-04
200284  1.184509E-03 -3.847941E-04
200285 -1.282270E-03 -1.450498E-04
200286  1.024598E-03  7.671996E-04
200287 -2.825249E-04 -1.310747E-03
200288 -8.963955E-04  9.997723E-04
200289 -1.316628E-03  5.035322E-04
200290  1.207156E-03  7.538355E-04
200291  3.774498E-04 -1.403351E-03
200292 -1.382905E-03 -5.106761E-04
200293 -1.113523E-03  9.824451E-04
200294 -2.858281E-04  1.462978E-03
200295  4.007227E-05  1.491833E-03
200296 -2.860655E-04  1.462506E-03
200297 -1.113947E-03  9.815199E-04
200298 -1.383427E-03 -5.120216E-04
200299  3.769335E-04 -1.405071E-03
200300  1.206735E-03  7.517984E-04
200301 -1.316901E-03  5.012454E-04
200302  7.533328E-04 -1.160071E-03
200303 -3.406422E-04  1.295516E-03
200304  1.904838E-04 -1.319020E-03
200305 -3.415418E-04  1.229659E-03
200306  6.249890E-04 -1.102594E-03
200307 -9.975983E-04  7.155407E-04
200308  1.173206E-03 -1.923358E-04
200309 -1.085567E-03 -4.789019E-04
200310  6.180658E-04  9.409175E-04
200311 -6.488297E-06 -1.125787E-03
200312 -5.765729E-04  9.226613E-04
200313  9.295210E-04 -5.269561E-04
200314 -1.035204E-03  1.038077E-04
200315  1.007131E-03  2.493113E-04
200316 -8.974118E-04 -4.071190E-04
200317  8.777916E-04  5.079206E-04
200318 -8.696859E-04 -3.703094E-04
200319  9.564212E-04  1.987468E-04
200320 -9.009886E-04  2.756915E-04
200321  5.909503E-04 -6.963255E-04
200322  1.409774E-04  9.272751E-04
200323 -8.613264E-04 -3.186946E-04
200324  5.307329E-04 -7.287996E-04
200325  6.465281E-04  5.519847E-04
200326 -4.919135E-04  7.063116E-04
200327 -9.256070E-04 -1.779236E-04
200328 -5.260624E-04 -8.441245E-04
200329  6.341107E-06 -9.913688E-04
200330  3.255975E-04 -9.099113E-04
200331  4.204678E-04 -8.556387E-04
200332  3.235821E-04 -9.086602E-04
200333  2.609357E-06 -9.889853E-04
200334 -5.309736E-04 -8.408319E-04
200335 -9.310294E-04 -1.740245E-04
200336 -4.971740E-04  7.104688E-04
200337  6.419913E-04  5.560414E-04
200338  5.272884E-04 -7.251781E-04
200339 -8.635362E-04 -3.157909E-04
200340  1.399355E-04  9.292515E-04
200341  5.908556E-04 -6.954006E-04
200342 -9.004351E-04  2.755307E-04
200343  9.573224E-04  1.975532E-04
200344 -8.686789E-04 -3.724041E-04
200345  8.787544E-04  5.051214E-04
200346 -8.965473E-04 -4.103782E-04
200347  1.007919E-03  2.458642E-04
200348 -1.034431E-03  1.004497E-04
200349  9.303421E-04 -5.299661E-04
200350 -5.756724E-04  9.202180E-04
200351 -5.523678E-06 -1.127503E-03
200352  6.190349E-04  9.400182E-04
200353 -1.084679E-03 -4.789687E-04
200354  1.173930E-03 -1.916237E-04
200355 -9.970920E-04  7.169224E-04
200356  6.252718E-04 -1.100689E-03
200357 -3.414364E-04  1.231924E-03
200358  1.904977E-04 -1.316554E-03
200359 -3.406180E-04  1.298038E-03
200360  7.534558E-04 -1.157617E-03
200361  1.372329E-03  4.240164E-04
200362 -1.051354E-03 -1.011091E-03
200363 -1.100409E-04  1.493562E-03
200364  1.499980E-03 -2.320770E-04
200365  1.495667E-04 -1.516183E-03
200366 -9.966407E-04 -1.163731E-03
200367 -1.275491E-03 -8.573356E-04
200368 -9.972524E-04 -1.164121E-03
200369  1.484611E-04 -1.516940E-03
200370  1.498588E-03 -2.331621E-04
200371 -1.114722E-04  1.492190E-03
200372 -1.052598E-03 -1.012716E-03
200373  1.371421E-03  4.221630E-04
200374 -1.371845E-03 -2.772870E-04
200375  1.245244E-03  5.490570E-04
200376 -8.186959E-04 -1.054969E-03
200377 -7.584243E-05  1.279079E-03
200378  1.010883E-03 -7.442566E-04
200379 -1.131302E-03 -4.941079E-04
200380  4.267409E-05  1.168791E-03
200381  1.028846E-03 -5.095261E-04
200382 -8.332366E-04 -7.787211E-04
200383 -3.899511E-04  1.010824E-03
200384  1.054261E-03 -9.969242E-05
200385 -5.865164E-04 -8.656807E-04
200386 -3.574895E-04  9.483073E-04
200387  9.313039E-04 -3.559017E-04
200388 -9.128403E-04 -2.930787E-04
200389  6.430682E-04  7.350854E-04
200390 -3.300610E-04 -8.449352E-04
200391  2.174533E-04  9.277808E-04
200392 -2.500956E-04 -8.373173E-04
200393  4.888517E-04  7.769240E-04
200394 -7.928354E-04 -3.802858E-04
200395  8.169987E-04 -2.595259E-04
200396 -2.260400E-04  8.190017E-04
200397 -7.815193E-04 -4.660698E-04
200398  3.717368E-04 -8.193848E-04
200399  7.661735E-04  8.727247E-05
200400  2.026353E-04  6.570467E-04
200401 -3.991809E-04  6.064716E-04
200402 -6.976995E-04  3.791011E-04
200403 -7.744575E-04  2.778663E-04
200404 -7.008981E-04  3.805930E-04
200405 -4.050198E-04  6.093193E-04
200406  1.951434E-04  6.609950E-04
200407  7.582220E-04  9.197793E-05
200408  3.644694E-04 -8.143157E-04
200409 -7.872313E-04 -4.610409E-04
200410 -2.297364E-04  8.236115E-04
200411  8.153373E-04 -2.556611E-04
200412 -7.928114E-04 -3.774178E-04
200413  4.899843E-04  7.786297E-04
200414 -2.484909E-04 -8.368455E-04
200415  2.189841E-04  9.270423E-04
200416 -3.289574E-04 -8.467684E-04
200417  6.436230E-04  7.323563E-04
200418 -9.127463E-04 -2.964353E-04
200419  9.311667E-04 -3.595685E-04
200420 -3.575798E-04  9.446690E-04
200421 -5.863245E-04 -8.689626E-04
200422  1.054860E-03 -1.023358E-04
200423 -3.889597E-04  1.009023E-03
200424 -8.319913E-04 -7.795758E-04
200425  1.030135E-03 -5.094403E-04
200426  4.379481E-05  1.169712E-03
200427 -1.130493E-03 -4.925295E-04
200428  1.011347E-03 -7.422359E-04
200429 -7.563764E-05  1.281329E-03
200430 -8.185754E-04 -1.052670E-03
200431  1.245486E-03  5.512749E-04
200432 -1.371310E-03 -2.752301E-04
200433  1.078992E-03 -9.635482E-04
200434 -1.128395E-03  9.582021E-04
200435  1.500861E-03 -2.616961E-04
200436 -1.002411E-03 -1.149959E-03
200437 -1.197458E-03  1.003029E-03
200438  9.659288E-05  1.585513E-03
200439  5.813656E-04  1.485157E-03
200440  9.553266E-05  1.585259E-03
200441 -1.199375E-03  1.002567E-03
200442 -1.004822E-03 -1.150559E-03
200443  1.498396E-03 -2.623781E-04
200444 -1.130502E-03  9.574521E-04
200445  1.077527E-03 -9.644069E-04
200446 -1.303941E-03  5.119625E-04
200447  1.285416E-03  4.778701E-04
200448 -2.532763E-04 -1.297227E-03
200449 -1.119626E-03  6.197633E-04
200450  7.306482E-04  9.967823E-04
200451  9.719459E-04 -7.068782E-04
200452 -5.888838E-04 -1.019666E-03
200453 -1.061791E-03  4.029924E-04
200454  2.305521E-04  1.056849E-03
200455  1.048668E-03 -1.185317E-04
200456 -4.863305E-05 -1.046934E-03
200457 -1.011004E-03  6.004212E-05
200458  2.145161E-04  9.523610E-04
200459  8.397782E-04 -4.758666E-04
200460 -7.704489E-04 -5.227283E-04
200461  5.952782E-05  9.290624E-04
200462  5.650856E-04 -6.927852E-04
200463 -8.024256E-04  3.820377E-04
200464  8.650152E-04 -1.082086E-04
200465 -8.494219E-04  1.608233E-04
200466  7.666787E-04 -3.190213E-04
200467 -5.041672E-04  6.863151E-04
200468 -1.873703E-04 -8.287523E-04
200469  7.582431E-04  1.635816E-04
200470 -3.738905E-04  6.577819E-04
200471 -8.286323E-04 -3.411554E-04
200472 -2.064773E-04 -9.507742E-04
200473  3.959628E-04 -8.472131E-04
200474  6.406908E-04 -5.801002E-04
200475  6.868199E-04 -4.686588E-04
200476  6.362916E-04 -5.788363E-04
200477  3.880657E-04 -8.447836E-04
200478 -2.163026E-04 -9.473631E-04
200479 -8.385425E-04 -3.370105E-04
200480 -3.822093E-04  6.623734E-04
200481  7.526629E-04  1.683153E-04
200482 -1.897886E-04 -8.241809E-04
200483 -5.037180E-04  6.904341E-04
200484  7.691611E-04 -3.156167E-04
200485 -8.460024E-04  1.632949E-04
200486  8.683069E-04 -1.068266E-04
200487 -8.000598E-04  3.822539E-04
200488  5.661271E-04 -6.937152E-04
200489  5.926750E-05  9.271109E-04
200490 -7.716451E-04 -5.254734E-04
200491  8.382119E-04 -4.790888E-04
200492  2.131741E-04  9.490364E-04
200493 -1.011658E-03  5.700314E-05
200494 -4.837782E-05 -1.049341E-03
200495  1.049775E-03 -1.200563E-04
200496  2.322166E-04  1.056319E-03
200497 -1.059993E-03  4.034139E-04
200498 -5.873632E-04 -1.018473E-03
200499  9.729172E-04 -7.051862E-04
200500  7.310180E-04  9.986748E-04
200501 -1.119683E-03  6.215973E-04
200502 -2.534266E-04 -1.295622E-03
200503  1.285556E-03  4.791823E-04
200504 -1.303205E-03  5.130089E-04
200505  1.390536E-03 -4.082413E-04
200506 -1.194467E-03  8.681674E-04
200507  1.396480E-03 -6.131144E-04
200508 -1.442373E-03 -5.188214E-04
200509 -2.770453E-04  1.556163E-03
200510  1.228221E-03  1.028931E-03
200511  1.510711E-03  5.423075E-04
200512  1.226757E-03  1.028803E-03
200513 -2.796892E-04  1.556002E-03
200514 -1.445683E-03 -5.188743E-04
200515  1.393141E-03 -6.129463E-04
200516 -1.197216E-03  8.685731E-04
200517  1.388822E-03 -4.077097E-04
200518 -1.228683E-03 -6.334245E-04
200519 -7.417430E-05  1.356904E-03
200520  1.314634E-03 -4.292667E-05
200521  1.497416E-04 -1.249838E-03
200522 -1.090928E-03 -5.355288E-04
200523 -9.486791E-04  6.984428E-04
200524  7.618745E-05  1.133153E-03
200525  9.416561E-04  5.543293E-04
200526  9.564030E-04 -4.601173E-04
200527  1.132586E-04 -1.035991E-03
200528 -8.370398E-04 -5.781278E-04
200529 -8.136377E-04  5.374782E-04
200530  3.328459E-04  8.797077E-04
200531  8.936019E-04 -2.693282E-04
200532 -3.424475E-04 -8.431079E-04
200533 -6.649459E-04  5.795230E-04
200534  8.334267E-04  2.790823E-04
200535 -3.819309E-04 -7.430479E-04
200536 -4.392084E-05  8.625631E-04
200537  2.431557E-04 -7.589021E-04
200538 -2.267613E-04  8.112000E-04
200539 -6.847450E-05 -7.873335E-04
200540  4.925015E-04  5.992967E-04
200541 -8.123617E-04  3.443796E-05
200542  1.216925E-04 -8.416147E-04
200543  7.292708E-04  4.854940E-06
200544  1.241223E-04  5.948885E-04
200545 -5.053513E-04  4.225382E-04
200546 -7.515919E-04  9.206972E-05
200547 -7.967869E-04 -4.074563E-05
200548 -7.569929E-04  9.254495E-05
200549 -5.148624E-04  4.235028E-04
200550  1.127156E-04  5.963669E-04
200551  7.184937E-04  6.871015E-06
200552  1.137160E-04 -8.390559E-04
200553 -8.162353E-04  3.750013E-05
200554  4.929355E-04  6.027542E-04
200555 -6.453668E-05 -7.836709E-04
200556 -2.207939E-04  8.148014E-04
200557  2.494622E-04 -7.556748E-04
200558 -3.875235E-05  8.651030E-04
200559 -3.788623E-04 -7.414549E-04
200560  8.340788E-04  2.795721E-04
200561 -6.664160E-04  5.788922E-04
200562 -3.452921E-04 -8.447205E-04
200563  8.903527E-04 -2.716358E-04
200564  3.301321E-04  8.771056E-04
200565 -8.151314E-04  5.350337E-04
200566 -8.370336E-04 -5.799942E-04
200567  1.146002E-04 -1.036978E-03
200568  9.585543E-04 -4.601093E-04
200569  9.439123E-04  5.552324E-04
200570  7.789320E-05  1.134666E-03
200571 -9.479273E-04  7.001698E-04
200572 -1.091166E-03 -5.339847E-04
200573  1.488386E-04 -1.248773E-03
200574  1.313634E-03 -4.246842E-05
200575 -7.464921E-05  1.356814E-03
200576 -1.228157E-03 -6.338632E-04
200577 -4.350223E-05  1.424621E-03
200578 -7.875231E-04 -1.217462E-03
200579  9.062516E-04  1.210599E-03
200580 -1.066584E-04 -1.522905E-03
200581 -1.428210E-03  6.077155E-04
200582 -2.078314E-05  1.579168E-03
200583  5.790470E-04  1.477570E-03
200584 -2.250024E-05  1.579112E-03
200585 -1.431315E-03  6.077720E-04
200586 -1.105425E-04 -1.522482E-03
200587  9.023768E-04  1.211603E-03
200588 -7.905868E-04 -1.215823E-03
200589 -4.513873E-05  1.426725E-03
200590  1.254763E-03 -5.708488E-04
200591 -6.323885E-04 -1.150068E-03
200592 -1.229534E-03  3.205952E-04
200593 -3.258580E-04  1.194549E-03
200594  6.556170E-04  1.003220E-03
200595  1.106379E-03  3.206737E-04
200596  1.038592E-03 -3.798766E-04
200597  6.169364E-04 -8.699211E-04
200598  3.795940E-06 -1.035556E-03
200599 -6.142645E-04 -8.010286E-04
200600 -9.644930E-04 -1.736154E-04
200601 -7.305746E-04  5.952938E-04
200602  1.272268E-04  8.988354E-04
200603  8.735930E-04  1.980111E-04
200604  3.581188E-04 -8.138451E-04
200605 -7.928417E-04 -3.192578E-04
200606 -6.563321E-05  8.341009E-04
200607  7.370914E-04 -3.605253E-04
200608 -7.791348E-04 -2.060234E-04
200609  5.822454E-04  5.607267E-04
200610 -5.084272E-04 -5.778186E-04
200611  5.657055E-04  5.343215E-04
200612 -7.651122E-04 -1.645464E-04
200613  6.046468E-04 -4.481133E-04
200614  1.296418E-04  6.805436E-04
200615 -7.587381E-04  1.424323E-05
200616 -3.477193E-04 -8.077628E-04
200617  3.012412E-04 -8.433495E-04
200618  5.965622E-04 -6.031227E-04
200619  6.554917E-04 -4.930624E-04
200620  5.905433E-04 -6.039052E-04
200621  2.908732E-04 -8.447120E-04
200622 -3.596142E-04 -8.093373E-04
200623 -7.690381E-04  1.291887E-05
200624  1.234598E-04  6.799297E-04
200625  6.038551E-04 -4.476622E-04
200626 -7.607162E-04 -1.628683E-04
200627  5.738364E-04  5.371493E-04
200628 -4.987237E-04 -5.741484E-04
200629  5.912935E-04  5.647651E-04
200630 -7.724922E-04 -2.021605E-04
200631  7.403761E-04 -3.573440E-04
200632 -6.578902E-05  8.362241E-04
200633 -7.957775E-04 -3.183761E-04
200634  3.535580E-04 -8.141647E-04
200635  8.687516E-04  1.967493E-04
200636  1.233296E-04  8.970670E-04
200637 -7.326918E-04  5.935469E-04
200638 -9.645596E-04 -1.748368E-04
200639 -6.126096E-04 -8.013713E-04
200640  6.373416E-06 -1.034917E-03
200641  6.194316E-04 -8.684816E-04
200642  1.040116E-03 -3.780580E-04
200643  1.106434E-03  3.223309E-04
200644  6.542388E-04  1.004213E-03
200645 -3.281337E-04  1.194560E-03
200646 -1.231861E-03  3.195768E-04
200647 -6.338899E-04 -1.151886E-03
200648  1.254723E-03 -5.730452E-04
200649  2.584531E-04 -1.357754E-03
200650  8.641358E-04  1.140398E-03
200651 -1.134179E-03 -9.204871E-04
200652  6.950208E-04  1.330029E-03
200653  9.394476E-04 -1.204636E-03
200654 -8.193214E-04 -1.303133E-03
200655 -1.276998E-03 -8.679062E-04
200656 -8.210855E-04 -1.303177E-03
200657  9.362315E-04 -1.204474E-03
200658  6.909633E-04  1.330789E-03
200659 -1.138232E-03 -9.187827E-04
200660  8.610146E-04  1.143170E-03
200661  2.570443E-04 -1.354116E-03
200662 -1.327695E-03  8.167963E-05
200663 -1.542365E-04  1.287500E-03
200664  9.970359E-04  7.648017E-04
200665  1.199611E-03 -1.338425E-04
200666  8.991398E-04 -7.261600E-04
200667  4.905168E-04 -9.937129E-04
200668  1.132136E-04 -1.060250E-03
200669 -2.190546E-04 -1.006614E-03
200670 -5.203557E-04 -8.530453E-04
200671 -7.812003E-04 -5.779514E-04
200672 -9.321024E-04 -1.516447E-04
200673 -8.255141E-04  3.900778E-04
200674 -3.092413E-04  8.228381E-04
200675  4.902141E-04  7.014319E-04
200676  8.342886E-04 -1.782303E-04
200677 -1.261742E-05 -8.427210E-04
200678 -8.034937E-04  7.264327E-05
200679  3.509091E-04  7.107360E-04
200680  3.440781E-04 -6.870062E-04
200681 -6.886215E-04  3.817527E-04
200682  7.293444E-04 -1.112456E-04
200683 -7.455613E-04  1.926532E-04
200684  5.966662E-04 -3.912387E-04
200685 -1.988837E-04  7.069616E-04
200686 -5.435807E-04 -5.235761E-04
200687  5.439861E-04 -5.374199E-04
200688  5.824103E-04  3.041206E-04
200689  3.760617E-06  5.663855E-04
200690 -3.810904E-04  4.286837E-04
200691 -4.898029E-04  3.355682E-04
200692 -3.872333E-04  4.264056E-04
200693 -6.547977E-06  5.622780E-04
200694  5.712281E-04  2.989940E-04
200695  5.354573E-04 -5.425549E-04
200696 -5.467993E-04 -5.277130E-04
200697 -1.957552E-04  7.046184E-04
200698  6.053886E-04 -3.913622E-04
200699 -7.333878E-04  1.947346E-04
200700  7.421973E-04 -1.073811E-04
200701 -6.776748E-04  3.866940E-04
200702  3.513249E-04 -6.818078E-04
200703  3.537233E-04  7.154269E-04
200704 -8.048284E-04  7.624698E-05
200705 -1.704741E-05 -8.405213E-04
200706  8.282582E-04 -1.774586E-04
200707  4.841800E-04  7.010343E-04
200708 -3.139012E-04  8.217587E-04
200709 -8.279210E-04  3.889280E-04
200710 -9.320637E-04 -1.522810E-04
200711 -7.792372E-04 -5.776842E-04
200712 -5.175310E-04 -8.518060E-04
200713 -2.166318E-04 -1.004695E-03
200714  1.141760E-04 -1.058226E-03
200715  4.894984E-04 -9.922770E-04
200716  8.963086E-04 -7.259063E-04
200717  1.195745E-03 -1.350834E-04
200718  9.932548E-04  7.621353E-04
200719 -1.568378E-04  1.283840E-03
200720 -1.328381E-03  7.768642E-05
200721 -1.335003E-03 -2.434749E-05
200722  8.073436E-04 -1.122304E-03
200723 -3.722916E-04  1.360474E-03
200724  8.044195E-04 -1.210545E-03
200725 -1.466588E-03 -1.396664E-04
200726 -5.744840E-04  1.365023E-03
200727  4.301235E-05  1.484419E-03
200728 -5.760955E-04  1.364950E-03
200729 -1.469584E-03 -1.394835E-04
200730  8.005407E-04 -1.209591E-03
200731 -3.762623E-04  1.362678E-03
200732  8.042612E-04 -1.118637E-03
200733 -1.336273E-03 -1.941544E-05
200734  9.881825E-05  1.291624E-03
200735  1.206326E-03  3.396833E-04
200736  1.001904E-03 -6.690934E-04
200737  4.445682E-04 -1.066027E-03
200738  1.614669E-05 -1.108305E-03
200739 -2.353546E-04 -1.039829E-03
200740 -3.754986E-04 -9.567260E-04
200741 -4.691920E-04 -8.751007E-04
200742 -5.620818E-04 -7.801995E-04
200743 -6.780256E-04 -6.418703E-04
200744 -8.075575E-04 -4.157174E-04
200745 -8.810155E-04 -5.628697E-05
200746 -7.442000E-04  4.185654E-04
200747 -2.268812E-04  7.916021E-04
200748  5.389528E-04  6.000215E-04
200749  7.466665E-04 -3.136009E-04
200750 -2.326487E-04 -7.641620E-04
200751 -6.725711E-04  3.670597E-04
200752  6.356150E-04  3.969767E-04
200753 -2.136137E-04 -6.985612E-04
200754 -1.185512E-04  7.516362E-04
200755  1.379074E-04 -6.726385E-04
200756  3.056187E-05  7.420456E-04
200757 -4.680675E-04 -5.235727E-04
200758  6.911446E-04 -1.129948E-04
200759 -1.763990E-05  6.525911E-04
200760 -6.697628E-04  3.724706E-05
200761 -4.573599E-04 -6.126935E-04
200762 -9.707335E-05 -8.146826E-04
200763  3.617294E-05 -8.337014E-04
200764 -1.028303E-04 -8.184158E-04
200765 -4.667079E-04 -6.194373E-04
200766 -6.791519E-04  2.878525E-05
200767 -2.339479E-05  6.439993E-04
200768  6.915696E-04 -1.201688E-04
200769 -4.608364E-04 -5.281404E-04
200770  4.323145E-05  7.406893E-04
200771  1.532497E-04 -6.708362E-04
200772 -1.037340E-04  7.559738E-04
200773 -2.020117E-04 -6.926729E-04
200774  6.424194E-04  4.033254E-04
200775 -6.708891E-04  3.728983E-04
200776 -2.353648E-04 -7.595373E-04
200777  7.409511E-04 -3.105602E-04
200778  5.319337E-04  6.014516E-04
200779 -2.335312E-04  7.917135E-04
200780 -7.491101E-04  4.179060E-04
200781 -8.833727E-04 -5.703312E-05
200782 -8.072936E-04 -4.159096E-04
200783 -6.758427E-04 -6.411117E-04
200784 -5.592484E-04 -7.784867E-04
200785 -4.671414E-04 -8.728546E-04
200786 -3.753595E-04 -9.546787E-04
200787 -2.375860E-04 -1.038801E-03
200788  1.188977E-05 -1.108945E-03
200789  4.393003E-04 -1.068602E-03
200790  9.969633E-04 -6.733930E-04
200791  1.202939E-03  3.342972E-04
200792  9.772543E-05  1.286032E-03
200793 -1.047423E-03  7.364289E-04
200794 -9.448883E-05 -1.327951E-03
200795  6.173757E-04  1.196799E-03
200796 -2.641288E-04 -1.372515E-03
200797 -1.069598E-03  9.109904E-04
200798  5.796794E-04  1.287155E-03
200799  1.071688E-03  9.279575E-04
200800  5.783670E-04  1.287053E-03
200801 -1.072138E-03  9.111586E-04
200802 -2.675971E-04 -1.371478E-03
200803  6.136160E-04  1.199283E-03
200804 -9.758325E-05 -1.323720E-03
200805 -1.048815E-03  7.422549E-04
200806  7.386184E-04  9.957302E-04
200807  1.173360E-03 -2.500074E-04
200808  6.404407E-04 -9.626536E-04
200809  1.118438E-04 -1.105822E-03
200810 -1.805370E-04 -1.053293E-03
200811 -2.937082E-04 -9.859102E-04
200812 -3.099269E-04 -9.418311E-04
200813 -2.908936E-04 -9.115808E-04
200814 -2.835229E-04 -8.805781E-04
200815 -3.243391E-04 -8.360650E-04
200816 -4.366693E-04 -7.550467E-04
200817 -6.157028E-04 -5.869838E-04
200818 -7.884157E-04 -2.563029E-04
200819 -7.596686E-04  2.590881E-04
200820 -2.750629E-04  7.230860E-04
200821  5.336757E-04  5.423038E-04
200822  6.383554E-04 -4.291677E-04
200823 -4.669370E-04 -5.959292E-04
200824 -3.514144E-04  6.410600E-04
200825  6.852821E-04 -1.635407E-04
200826 -7.010155E-04 -1.594245E-04
200827  6.246597E-04  3.110016E-04
200828 -6.920206E-04 -1.056596E-04
200829  6.283984E-04 -2.287334E-04
200830 -1.548187E-04  6.679253E-04
200831 -5.952138E-04 -3.161616E-04
200832  2.097547E-04 -6.943902E-04
200833  6.707130E-04 -2.643713E-04
200834  6.645679E-04  1.118143E-04
200835  6.082648E-04  2.246851E-04
200836  6.596376E-04  1.069038E-04
200837  6.630642E-04 -2.732016E-04
200838  2.029535E-04 -7.053877E-04
200839 -5.976141E-04 -3.272142E-04
200840 -1.506040E-04  6.588144E-04
200841  6.393324E-04 -2.344480E-04
200842 -6.763228E-04 -1.073335E-04
200843  6.418862E-04  3.131570E-04
200844 -6.856452E-04 -1.543354E-04
200845  6.962623E-04 -1.567843E-04
200846 -3.459787E-04  6.481857E-04
200847 -4.668426E-04 -5.895031E-04
200848  6.342748E-04 -4.241485E-04
200849  5.270588E-04  5.455948E-04
200850 -2.824899E-04  7.246831E-04
200851 -7.663376E-04  2.593385E-04
200852 -7.931067E-04 -2.568021E-04
200853 -6.177494E-04 -5.875081E-04
200854 -4.361413E-04 -7.549393E-04
200855 -3.220740E-04 -8.349622E-04
200856 -2.809071E-04 -8.785691E-04
200857 -2.894195E-04 -9.092204E-04
200858 -3.106875E-04 -9.399826E-04
200859 -2.970287E-04 -9.854740E-04
200860 -1.858788E-04 -1.054916E-03
200861  1.056873E-04 -1.109680E-03
200862  6.349365E-04 -9.683822E-04
200863  1.169759E-03 -2.567869E-04
200864  7.375677E-04  9.889425E-04
200865 -1.169765E-03  3.717137E-04
200866  2.894219E-04 -1.237990E-03
200867  2.024351E-04  1.263757E-03
200868  1.711274E-04 -1.320414E-03
200869 -1.249785E-03  4.848498E-04
200870  1.068475E-04  1.335336E-03
200871  6.585692E-04  1.170597E-03
200872  1.059077E-04  1.335233E-03
200873 -1.251753E-03  4.850166E-04
200874  1.681689E-04 -1.319365E-03
200875  1.989051E-04  1.266309E-03
200876  2.861945E-04 -1.233562E-03
200877 -1.171577E-03  3.779413E-04
200878  3.857394E-04  1.118009E-03
200879  1.140268E-03  1.157820E-04
200880  8.795901E-04 -6.767288E-04
200881  4.724391E-04 -9.608725E-04
200882  2.290329E-04 -1.005808E-03
200883  1.482163E-04 -9.828027E-04
200884  1.661742E-04 -9.437889E-04
200885  2.224515E-04 -8.978348E-04
200886  2.687184E-04 -8.530139E-04
200887  2.685749E-04 -8.240908E-04
200888  1.925531E-04 -8.201674E-04
200889  1.230935E-05 -8.216165E-04
200890 -2.854135E-04 -7.516067E-04
200891 -6.300146E-04 -4.694024E-04
200892 -7.516470E-04  1.130103E-04
200893 -2.613404E-04  6.825154E-04
200894  5.998462E-04  4.045631E-04
200895  3.936748E-04 -6.191765E-04
200896 -6.962325E-04 -1.762503E-04
200897  2.800156E-04  6.369668E-04
200898  7.190284E-05 -6.662444E-04
200899 -2.373400E-04  6.690654E-04
200900  9.843821E-05 -6.304411E-04
200901  2.327994E-04  6.487782E-04
200902 -6.342271E-04 -1.622403E-04
200903  3.418655E-04 -5.690730E-04
200904  6.280660E-04  2.161997E-04
200905  1.403666E-04  5.909703E-04
200906 -2.434252E-04  5.179605E-04
200907 -3.563394E-04  4.401861E-04
200908 -2.472155E-04  5.122968E-04
200909  1.349036E-04  5.808673E-04
200910  6.242834E-04  2.037965E-04
200911  3.429590E-04 -5.812563E-04
200912 -6.265361E-04 -1.719109E-04
200913  2.466371E-04  6.431707E-04
200914  1.159809E-04 -6.314587E-04
200915 -2.195938E-04  6.721580E-04
200916  8.652199E-05 -6.602459E-04
200917  2.893454E-04  6.443664E-04
200918 -6.927817E-04 -1.688479E-04
200919  3.920118E-04 -6.127999E-04
200920  5.946137E-04  4.093355E-04
200921 -2.683967E-04  6.855066E-04
200922 -7.589302E-04  1.143619E-04
200923 -6.362064E-04 -4.692877E-04
200924 -2.895442E-04 -7.521154E-04
200925  1.071945E-05 -8.220312E-04
200926  1.933143E-04 -8.198655E-04
200927  2.707789E-04 -8.227813E-04
200928  2.709567E-04 -8.508969E-04
200929  2.232773E-04 -8.955849E-04
200930  1.646178E-04 -9.423543E-04
200931  1.441299E-04 -9.830969E-04
200932  2.231335E-04 -1.008410E-03
200933  4.660551E-04 -9.658310E-04
200934  8.742160E-04 -6.835253E-04
200935  1.137076E-03  1.081001E-04
200936  3.852101E-04  1.110564E-03
200937 -8.579773E-04 -8.117562E-04
200938  1.166535E-03 -2.598296E-04
200939 -1.051292E-03  6.310372E-04
200940  1.217566E-03 -2.730524E-04
200941 -8.111785E-04 -9.935615E-04
200942 -1.200945E-03  4.460357E-04
200943 -9.125755E-04  8.963268E-04
200944 -1.201508E-03  4.459788E-04
200945 -8.125702E-04 -9.933513E-04
200946  1.215113E-03 -2.720256E-04
200947 -1.054629E-03  6.334755E-04
200948  1.163069E-03 -2.555645E-04
200949 -8.604254E-04 -8.056342E-04
200950 -7.216393E-04  8.745316E-04
200951  5.229930E-04  9.595351E-04
200952  1.023018E-03  2.785019E-04
200953  1.000804E-03 -2.347006E-04
200954  8.771163E-04 -4.687219E-04
200955  8.024915E-04 -5.290922E-04
200956  7.835677E-04 -4.995489E-04
200957  7.891083E-04 -4.314723E-04
200958  7.915329E-04 -3.653974E-04
200959  7.758574E-04 -3.380718E-04
200960  7.300295E-04 -3.787506E-04
200961  6.252797E-04 -4.995197E-04
200962  4.015811E-04 -6.701134E-04
200963 -4.092129E-06 -7.658222E-04
200964 -5.173565E-04 -5.417746E-04
200965 -7.080913E-04  1.404049E-04
200966 -5.091791E-05  6.928802E-04
200967  6.967573E-04  3.283769E-05
200968 -1.694684E-04 -6.802960E-04
200969 -4.429250E-04  5.207481E-04
200970  6.274433E-04 -1.811855E-04
200971 -6.750688E-04  5.842541E-05
200972  6.268576E-04 -9.928131E-05
200973 -4.999916E-04  4.501017E-04
200974 -3.047013E-05 -6.205627E-04
200975  6.313208E-04  1.493874E-04
200976 -3.749581E-05  6.227413E-04
200977 -5.409761E-04  2.479647E-04
200978 -5.885663E-04 -1.478095E-04
200979 -5.523884E-04 -2.803643E-04
200980 -5.910549E-04 -1.537532E-04
200981 -5.440464E-04  2.374810E-04
200982 -3.819132E-05  6.101364E-04
200983  6.356665E-04  1.374383E-04
200984 -1.994098E-05 -6.294456E-04
200985 -4.842485E-04  4.457536E-04
200986  6.450370E-04 -9.882805E-05
200987 -6.580089E-04  6.285510E-05
200988  6.403142E-04 -1.742881E-04
200989 -4.358928E-04  5.284500E-04
200990 -1.682542E-04 -6.731588E-04
200991  6.934356E-04  3.856328E-05
200992 -5.696114E-05  6.968618E-04
200993 -7.151356E-04  1.426810E-04
200994 -5.240572E-04 -5.409356E-04
200995 -9.470723E-06 -7.659842E-04
200996  3.981978E-04 -6.706920E-04
200997  6.241835E-04 -4.998590E-04
200998  7.309501E-04 -3.783106E-04
200999  7.778851E-04 -3.366663E-04
201000  7.933226E-04 -3.633408E-04
201001  7.893399E-04 -4.295294E-04
201002  7.814485E-04 -4.986936E-04
201003  7.980590E-04 -5.301805E-04
201004  8.712233E-04 -4.722057E-04
201005  9.948202E-04 -2.404732E-04
201006  1.018374E-03  2.710931E-04
201007  5.207086E-04  9.515152E-04
201008 -7.212906E-04  8.670132E-04
201009  8.407497E-04 -7.300693E-04
201010 -1.055331E-05  1.125160E-03
201011 -2.979509E-04 -1.137908E-03
201012 -1.992824E-04  1.156004E-03
201013  1.154601E-03 -3.153007E-04
201014  1.167719E-04 -1.214156E-03
201015 -3.710899E-04 -1.167034E-03
201016  1.165388E-04 -1.214116E-03
201017  1.153716E-03 -3.149907E-04
201018 -2.012923E-04  1.156999E-03
201019 -3.011364E-04 -1.135725E-03
201020 -1.429309E-05  1.128958E-03
201021  8.375955E-04 -7.245055E-04
201022 -8.358060E-04 -6.996466E-04
201023 -8.799761E-04  5.744336E-04
201024 -9.213139E-05  1.009715E-03
201025  4.708787E-04  8.630110E-04
201026  7.142752E-04  6.332460E-04
201027  7.862729E-04  4.904941E-04
201028  7.866075E-04  4.370091E-04
201029  7.601134E-04  4.322955E-04
201030  7.311344E-04  4.345944E-04
201031  7.191442E-04  4.096704E-04
201032  7.353912E-04  3.274632E-04
201033  7.667179E-04  1.555913E-04
201034  7.492594E-04 -1.323616E-04
201035  5.503328E-04 -4.999389E-04
201036  4.466103E-05 -7.294744E-04
201037 -5.771896E-04 -4.190881E-04
201038 -5.420174E-04  4.163640E-04
201039  4.241439E-04  5.177076E-04
201040  3.689770E-04 -5.692765E-04
201041 -6.672390E-04  2.573063E-05
201042  5.453501E-04  3.439833E-04
201043 -4.688044E-04 -4.419699E-04
201044  4.915773E-04  4.080155E-04
201045 -6.355211E-04 -6.750291E-05
201046  4.511471E-04 -4.096562E-04
201047  2.932832E-04  5.636262E-04
201048 -4.926791E-04  3.566492E-04
201049 -5.407121E-04 -2.638035E-04
201050 -2.829052E-04 -5.538845E-04
201051 -1.654674E-04 -6.119518E-04
201052 -2.840768E-04 -5.596604E-04
201053 -5.414417E-04 -2.738374E-04
201054 -4.905287E-04  3.449344E-04
201055  3.003540E-04  5.531033E-04
201056  4.636863E-04 -4.166339E-04
201057 -6.189130E-04 -6.970526E-05
201058  5.093102E-04  4.104874E-04
201059 -4.533635E-04 -4.360304E-04
201060  5.558418E-04  3.516166E-04
201061 -6.627704E-04  3.333578E-05
201062  3.680210E-04 -5.629111E-04
201063  4.194593E-04  5.222895E-04
201064 -5.484742E-04  4.191623E-04
201065 -5.838368E-04 -4.177806E-04
201066  3.883988E-05 -7.292677E-04
201067  5.459417E-04 -5.003992E-04
201068  7.466749E-04 -1.329839E-04
201069  7.660715E-04  1.553510E-04
201070  7.363813E-04  3.280224E-04
201071  7.209243E-04  4.110922E-04
201072  7.324888E-04  4.364600E-04
201073  7.598983E-04  4.337898E-04
201074  7.842231E-04  4.371929E-04
201075  7.819171E-04  4.886319E-04
201076  7.088765E-04  6.290564E-04
201077  4.657727E-04  8.567657E-04
201078 -9.564748E-05  1.002172E-03
201079 -8.810762E-04  5.666279E-04
201080 -8.344232E-04 -7.066952E-04
201081  1.156527E-04  1.035938E-03
201082 -8.188140E-04 -7.215951E-04
201083  9.190710E-04  5.876979E-04
201084 -5.248361E-04 -1.001383E-03
201085 -7.691134E-04  8.265936E-04
201086  4.687170E-04  1.029044E-03
201087  8.320252E-04  7.712945E-04
201088  4.687391E-04  1.029226E-03
201089 -7.696006E-04  8.270576E-04
201090 -5.264861E-04 -1.000410E-03
201091  9.160225E-04  5.895360E-04
201092 -8.227714E-04 -7.184855E-04
201093  1.118777E-04  1.040592E-03
201094  9.305746E-04 -4.270061E-04
201095 -2.743496E-04 -9.694705E-04
201096 -9.429953E-04 -2.571456E-04
201097 -8.489385E-04  4.148283E-04
201098 -5.470397E-04  7.342822E-04
201099 -3.038177E-04  8.359801E-04
201100 -1.568700E-04  8.510106E-04
201101 -7.238911E-05  8.396838E-04
201102 -7.186028E-06  8.215396E-04
201103  7.669862E-05  7.976514E-04
201104  2.085792E-04  7.531494E-04
201105  4.003094E-04  6.475211E-04
201106  6.168124E-04  4.096371E-04
201107  7.211214E-04 -1.986157E-05
201108  4.671500E-04 -5.324380E-04
201109 -2.247085E-04 -6.600911E-04
201110 -6.727650E-04  4.353897E-05
201111  7.551042E-05  6.478559E-04
201112  5.883006E-04 -2.938547E-04
201113 -5.800186E-04 -2.956281E-04
201114  3.139061E-04  5.490338E-04
201115 -2.013044E-04 -5.925107E-04
201116  2.591749E-04  5.721696E-04
201117 -5.214251E-04 -3.311512E-04
201118  5.751803E-04 -1.715422E-04
201119  2.594603E-05  6.199558E-04
201120 -5.885267E-04  1.134182E-04
201121 -3.832086E-04 -4.552656E-04
201122 -4.117273E-05 -6.075728E-04
201123  8.450434E-05 -6.113187E-04
201124 -4.113862E-05 -6.128029E-04
201125 -3.818645E-04 -4.641611E-04
201126 -5.840115E-04  1.034709E-04
201127  3.502067E-05  6.117733E-04
201128  5.888121E-04 -1.758155E-04
201129 -5.049449E-04 -3.306440E-04
201130  2.755603E-04  5.769239E-04
201131 -1.881323E-04 -5.850953E-04
201132  3.217141E-04  5.571350E-04
201133 -5.780738E-04 -2.885198E-04
201134  5.854692E-04 -2.886829E-04
201135  6.987685E-05  6.509396E-04
201136 -6.792333E-04  4.491734E-05
201137 -2.306563E-04 -6.598622E-04
201138  4.623779E-04 -5.328700E-04
201139  7.177634E-04 -2.056351E-05
201140  6.149815E-04  4.090452E-04
201141  4.000212E-04  6.474310E-04
201142  2.095523E-04  7.538300E-04
201143  7.820410E-05  7.990377E-04
201144 -6.189463E-06  8.231295E-04
201145 -7.284957E-05  8.406551E-04
201146 -1.592106E-04  8.505110E-04
201147 -3.077302E-04  8.334397E-04
201148 -5.515873E-04  7.296138E-04
201149 -8.528846E-04  4.084625E-04
201150 -9.452177E-04 -2.643804E-04
201151 -2.742226E-04 -9.765862E-04
201152  9.329409E-04 -4.331415E-04
201153 -6.906579E-04 -7.430080E-04
201154  9.933527E-04  2.242246E-04
201155 -1.022835E-03 -2.372759E-04
201156  6.982010E-04  7.839805E-04
201157  5.828703E-04 -9.024096E-04
201158 -5.540767E-04 -9.337076E-04
201159 -8.567269E-04 -6.693103E-04
201160 -5.538839E-04 -9.333504E-04
201161  5.826638E-04 -9.017464E-04
201162  6.968361E-04  7.849517E-04
201163 -1.025720E-03 -2.358227E-04
201164  9.893172E-04  2.265162E-04
201165 -6.948393E-04 -7.394917E-04
201166 -3.433878E-04  9.148363E-04
201167  8.985221E-04  3.050288E-04
201168  5.915868E-04 -7.199345E-04
201169 -1.798027E-04 -8.911020E-04
201170 -6.546584E-04 -5.911564E-04
201171 -8.209425E-04 -2.398903E-04
201172 -8.298852E-04  2.938170E-05
201173 -7.768086E-04  2.214023E-04
201174 -6.939186E-04  3.719401E-04
201175 -5.761375E-04  5.095027E-04
201176 -3.968604E-04  6.396105E-04
201177 -1.217862E-04  7.266879E-04
201178  2.527925E-04  6.735942E-04
201179  6.108405E-04  3.438847E-04
201180  6.344411E-04 -2.623601E-04
201181  3.517099E-05 -6.767655E-04
201182 -6.404120E-04 -1.639769E-04
201183 -9.511523E-05  6.330376E-04
201184  6.220231E-04 -1.589482E-04
201185 -5.100991E-04 -3.771980E-04
201186  2.426474E-04  5.681038E-04
201187 -1.418572E-04 -5.996402E-04
201188  2.243566E-04  5.662829E-04
201189 -4.998425E-04 -3.471741E-04
201190  5.622719E-04 -1.691906E-04
201191  2.547867E-05  6.039472E-04
201192 -5.811544E-04  1.252428E-04
201193 -3.977690E-04 -4.278411E-04
201194 -7.131039E-05 -5.836980E-04
201195  5.080409E-05 -5.905519E-04
201196 -7.028325E-05 -5.880940E-04
201197 -3.947868E-04 -4.350860E-04
201198 -5.749343E-04  1.176867E-04
201199  3.570732E-05  5.987085E-04
201200  5.760444E-04 -1.702952E-04
201201 -4.844073E-04 -3.437106E-04
201202  2.386666E-04  5.733266E-04
201203 -1.313702E-04 -5.909464E-04
201204  2.477129E-04  5.763469E-04
201205 -5.104275E-04 -3.709478E-04
201206  6.177532E-04 -1.552845E-04
201207 -1.012249E-04  6.344075E-04
201208 -6.465071E-04 -1.641200E-04
201209  3.015537E-05 -6.776174E-04
201210  6.307966E-04 -2.633663E-04
201211  6.084784E-04  3.430344E-04
201212  2.516148E-04  6.731193E-04
201213 -1.218278E-04  7.268013E-04
201214 -3.959778E-04  6.404204E-04
201215 -5.748991E-04  5.108247E-04
201216 -6.931640E-04  3.732172E-04
201217 -7.772936E-04  2.218452E-04
201218 -8.318961E-04  2.826356E-05
201219 -8.241253E-04 -2.429502E-04
201220 -6.581361E-04 -5.960489E-04
201221 -1.824872E-04 -8.972566E-04
201222  5.906240E-04 -7.264892E-04
201223  8.997240E-04  2.989691E-04
201224 -3.402573E-04  9.099280E-04
