Mesh2HRTF 1.0.0-dev
    1
    1  1225
200000 -5.650846E-04 -6.000951E-04
200001 -1.241320E-04 -8.231397E-04
200002  3.331424E-04  7.698077E-04
200003 -5.161837E-04 -6.644060E-04
200004  6.440601E-04  5.442061E-04
200005 -7.216299E-04 -4.484571E-04
200006  7.450103E-04  4.059800E-04
200007 -7.244579E-04 -4.576774E-04
200008  6.170443E-04  5.896038E-04
200009 -3.679634E-04 -7.812357E-04
200010 -1.016473E-04  8.537096E-04
200011  6.638099E-04 -5.536958E-04
200012 -8.310098E-04 -2.606823E-04
200013  1.895819E-05  8.674234E-04
200014  8.621599E-04 -8.103653E-05
200015  9.834775E-05 -8.662375E-04
200016 -7.168220E-04 -5.081347E-04
200017 -8.717461E-04  1.305153E-04
200018 -7.224738E-04  5.048272E-04
200019 -6.360339E-04  6.095688E-04
200020 -7.223933E-04  5.047512E-04
200021 -8.715913E-04  1.303640E-04
200022 -7.166045E-04 -5.083599E-04
200023  9.861166E-05 -8.665338E-04
200024  8.624505E-04 -8.139920E-05
200025  1.925404E-05  8.670020E-04
200026 -8.307311E-04 -2.611513E-04
200027  6.640497E-04 -5.541971E-04
200028 -1.014668E-04  8.531954E-04
200029 -3.678599E-04 -7.817398E-04
200030  6.170562E-04  5.891355E-04
200031 -7.245477E-04 -4.580837E-04
200032  7.448138E-04  4.056608E-04
200033 -7.219326E-04 -4.486679E-04
200034  6.436579E-04  5.441197E-04
200035 -5.166730E-04 -6.643588E-04
200036  3.325840E-04  7.699903E-04
200037 -1.247375E-04 -8.228267E-04
200038 -8.452380E-05  8.303203E-04
200039  2.506089E-04 -7.851319E-04
200040 -3.648837E-04  7.444983E-04
200041  4.011952E-04 -7.126657E-04
200042 -3.666849E-04  7.367366E-04
200043  2.168422E-04 -7.839351E-04
200044  5.071662E-05  8.131169E-04
200045 -4.516978E-04 -6.771199E-04
200046  7.717134E-04  2.229361E-04
200047 -6.556259E-04  4.786371E-04
200048 -1.746670E-04 -7.903394E-04
200049  7.945190E-04 -1.774078E-05
200050  5.240269E-05  7.962306E-04
200051 -7.498282E-04  3.070054E-04
200052 -6.809727E-04 -4.447211E-04
200053 -2.365751E-04 -7.727998E-04
200054  9.955138E-05 -7.963416E-04
200055  2.102313E-04 -7.723018E-04
200056  9.953973E-05 -7.964489E-04
200057 -2.365951E-04 -7.730124E-04
200058 -6.809947E-04 -4.450350E-04
200059 -7.498434E-04  3.065963E-04
200060  5.240513E-05  7.957342E-04
200061  7.945511E-04 -1.831486E-05
200062 -1.745928E-04 -7.909800E-04
200063 -6.554977E-04  4.779426E-04
200064  7.719061E-04  2.222015E-04
200065 -4.514325E-04 -6.778796E-04
200066  5.105911E-05  8.123482E-04
200067  2.172621E-04 -7.846955E-04
200068 -3.661926E-04  7.360028E-04
200069  4.017494E-04 -7.133535E-04
200070 -3.642833E-04  7.438763E-04
200071  2.512350E-04 -7.856683E-04
200072 -8.389547E-05  8.298878E-04
200073  8.318636E-04  1.143561E-04
200074  7.871156E-04 -2.952965E-04
200075  5.487114E-04 -6.406325E-04
200076  2.139575E-04 -8.247442E-04
200077 -7.985779E-05 -8.601937E-04
200078 -2.394863E-04 -8.407088E-04
200079 -2.185208E-04 -8.532914E-04
200080  3.485489E-05 -8.844875E-04
200081  5.348992E-04 -7.115314E-04
200082  8.964976E-04  3.687667E-05
200083  1.378526E-04  8.875651E-04
200084 -8.844713E-04 -1.112416E-04
200085  7.172990E-04 -5.602009E-04
200086 -5.353265E-04  7.345778E-04
200087  7.460579E-04 -5.288420E-04
200088 -8.759637E-04 -2.590015E-04
200089 -2.262559E-04  8.888053E-04
200090  6.068890E-04  6.870989E-04
200091  7.950565E-04  4.565074E-04
200092  6.070081E-04  6.872033E-04
200093 -2.260392E-04  8.890196E-04
200094 -8.756834E-04 -2.586735E-04
200095  7.463695E-04 -5.284089E-04
200096 -5.350011E-04  7.350861E-04
200097  7.176420E-04 -5.596698E-04
200098 -8.840891E-04 -1.107546E-04
200099  1.383017E-04  8.879429E-04
200100  8.970308E-04  3.710164E-05
200101  5.355096E-04 -7.114662E-04
200102  3.550561E-05 -8.845455E-04
200103 -2.178925E-04 -8.533985E-04
200104 -2.389562E-04 -8.407691E-04
200105 -7.949714E-05 -8.601131E-04
200106  2.140979E-04 -8.244529E-04
200107  5.486131E-04 -6.401017E-04
200108  7.867977E-04 -2.945425E-04
200109  8.313809E-04  1.152803E-04
200110  7.002019E-04  4.555553E-04
200111  5.045361E-04  6.558763E-04
200112  3.657971E-04  7.321169E-04
200113  3.626369E-04  7.241703E-04
200114  5.197123E-04  6.111281E-04
200115  7.502104E-04  2.686534E-04
200116  7.004039E-04 -3.766631E-04
200117 -8.304295E-05 -7.853648E-04
200118 -7.705487E-04  8.991818E-05
200119  4.105235E-04  6.702963E-04
200120  1.467668E-04 -7.666830E-04
200121 -3.020618E-04  7.085448E-04
200122  1.457991E-04 -7.593534E-04
200123  4.236303E-04  6.517493E-04
200124 -7.366390E-04  2.025048E-04
200125 -3.509974E-04 -6.750630E-04
200126  2.535170E-04 -7.190055E-04
200127  4.385082E-04 -6.248687E-04
200128  2.534335E-04 -7.190083E-04
200129 -3.511448E-04 -6.750785E-04
200130 -7.368206E-04  2.024580E-04
200131  4.234416E-04  6.516456E-04
200132  1.456161E-04 -7.595422E-04
200133 -3.022430E-04  7.082447E-04
200134  1.465733E-04 -7.671123E-04
200135  4.103062E-04  6.697334E-04
200136 -7.707846E-04  8.923220E-05
200137 -8.326840E-05 -7.861518E-04
200138  7.002389E-04 -3.775258E-04
200139  7.501636E-04  2.677348E-04
200140  5.198299E-04  6.101633E-04
200141  3.629358E-04  7.231622E-04
200142  3.662544E-04  7.310723E-04
200143  5.050908E-04  6.548185E-04
200144  7.007675E-04  4.545312E-04
200145 -8.138614E-04 -4.338867E-05
200146  6.969560E-04 -4.808737E-04
200147 -2.120889E-04  8.254435E-04
200148 -3.534153E-04 -7.824868E-04
200149  7.076809E-04  4.952776E-04
200150 -8.634879E-04 -2.095656E-04
200151  8.757420E-04  1.446831E-04
200152 -8.088507E-04 -3.911330E-04
200153  3.566338E-04  8.405676E-04
200154  7.079434E-04 -5.959594E-04
200155 -3.672636E-04 -8.494858E-04
200156 -7.919864E-04 -5.021318E-04
200157 -7.089364E-04 -6.304831E-04
200158  1.315034E-04 -9.408220E-04
200159  8.572173E-04  4.075963E-04
200160 -9.626297E-04 -9.223631E-05
200161  7.291375E-04  6.268261E-04
200162  6.658628E-04 -7.061356E-04
200163  2.391733E-04 -9.418064E-04
200164  6.657301E-04 -7.063739E-04
200165  7.288506E-04  6.264383E-04
200166 -9.631062E-04 -9.261920E-05
200167  8.565182E-04  4.073935E-04
200168  1.305740E-04 -9.407049E-04
200169 -7.100560E-04 -6.299897E-04
200170 -7.931975E-04 -5.013082E-04
200171 -3.684252E-04 -8.484633E-04
200172  7.069726E-04 -5.949127E-04
200173  3.559405E-04  8.414621E-04
200174 -8.092681E-04 -3.905379E-04
200175  8.755209E-04  1.448837E-04
200176 -8.636214E-04 -2.097773E-04
200177  7.075491E-04  4.947282E-04
200178 -3.535930E-04 -7.832240E-04
200179 -2.123442E-04  8.246843E-04
200180  6.965826E-04 -4.815459E-04
200181 -8.143885E-04 -4.395468E-05
200182  6.909234E-04  4.600497E-04
200183 -4.580884E-04 -6.692806E-04
200184  3.828765E-04  6.984041E-04
200185 -5.314284E-04 -6.075190E-04
200186  7.406271E-04  2.085869E-04
200187 -5.889203E-04  5.264391E-04
200188 -4.916047E-04 -6.026364E-04
200189  3.214460E-04 -6.927344E-04
200190  6.305242E-04 -4.277833E-04
200191  5.901946E-04 -4.743682E-04
200192  1.200958E-04 -7.437321E-04
200193 -7.180315E-04 -2.468231E-04
200194  1.401055E-04  7.244085E-04
200195  5.402648E-05 -7.435784E-04
200196  2.423515E-04  6.926421E-04
200197 -7.445795E-04 -1.409625E-05
200198 -2.792819E-04 -6.845390E-04
200199  3.317497E-06 -7.387084E-04
200200 -2.792230E-04 -6.842401E-04
200201 -7.443661E-04 -1.352794E-05
200202  2.428419E-04  6.934293E-04
200203  5.485379E-05 -7.426436E-04
200204  1.412121E-04  7.253823E-04
200205 -7.168113E-04 -2.459731E-04
200206  1.212153E-04 -7.432050E-04
200207  5.910246E-04 -4.743325E-04
200208  6.309622E-04 -4.282863E-04
200209  3.215098E-04 -6.936472E-04
200210 -4.917780E-04 -6.036830E-04
200211 -5.891163E-04  5.255695E-04
200212  7.406174E-04  2.081054E-04
200213 -5.311377E-04 -6.075766E-04
200214  3.834400E-04  6.986600E-04
200215 -4.573924E-04 -6.688623E-04
200216  6.915872E-04  4.605417E-04
200217  3.327836E-04  7.477766E-04
200218  7.583648E-04  3.371227E-04
200219  7.798598E-04 -3.399235E-04
200220  2.810042E-04 -8.162895E-04
200221 -3.459770E-04 -8.027853E-04
200222 -7.176451E-04 -5.276719E-04
200223 -8.241718E-04 -3.762939E-04
200224 -7.292567E-04 -5.621625E-04
200225 -1.290446E-04 -9.288172E-04
200226  9.150899E-04 -2.482569E-04
200227 -3.794241E-04  8.888365E-04
200228  3.627233E-04 -9.028254E-04
200229 -9.716417E-04  1.824096E-04
200230 -3.347838E-04  9.364055E-04
200231 -4.800747E-04  8.790140E-04
200232 -9.386489E-04 -3.627703E-04
200233  1.020950E-03  2.736652E-06
200234 -5.371627E-04 -8.589305E-04
200235 -9.740989E-04 -2.957999E-04
200236 -5.374662E-04 -8.593127E-04
200237  1.020582E-03  1.929707E-06
200238 -9.387710E-04 -3.640081E-04
200239 -4.798018E-04  8.774682E-04
200240 -3.342648E-04  9.348132E-04
200241 -9.712644E-04  1.810622E-04
200242  3.625696E-04 -9.037519E-04
200243 -3.802382E-04  8.883446E-04
200244  9.138384E-04 -2.483896E-04
200245 -1.303137E-04 -9.286881E-04
200246 -7.302125E-04 -5.619286E-04
200247 -8.247504E-04 -3.762311E-04
200248 -7.179705E-04 -5.280882E-04
200249 -3.461255E-04 -8.037873E-04
200250  2.811224E-04 -8.176143E-04
200251  7.803526E-04 -3.410537E-04
200252  7.591256E-04  3.365982E-04
200253  3.334867E-04  7.478553E-04
200254 -8.512179E-05  8.107233E-04
200255 -2.655403E-04  7.627595E-04
200256 -1.590481E-04  7.816031E-04
200257  2.895496E-04  7.303571E-04
200258  7.715835E-04  7.111442E-05
200259 -1.575005E-05 -7.589332E-04
200260 -5.102652E-04  5.461269E-04
200261  5.812998E-04 -4.825650E-04
200262 -1.397676E-04  7.257584E-04
200263 -6.951490E-04 -2.255751E-04
200264 -2.990988E-04 -6.659441E-04
200265 -3.254891E-04 -6.472746E-04
200266 -7.116244E-04 -1.087300E-04
200267  1.157541E-04  7.130787E-04
200268  1.066287E-04 -7.032470E-04
200269  3.665241E-04  6.173787E-04
200270 -5.753316E-04  4.070512E-04
200271 -6.995580E-04  7.848356E-05
200272 -5.752782E-04  4.073487E-04
200273  3.667808E-04  6.177916E-04
200274  1.071957E-04 -7.029016E-04
200275  1.165106E-04  7.133389E-04
200276 -7.110028E-04 -1.084353E-04
200277 -3.253050E-04 -6.468792E-04
200278 -2.994194E-04 -6.655891E-04
200279 -6.958099E-04 -2.255705E-04
200280 -1.405733E-04  7.251433E-04
200281  5.804089E-04 -4.838021E-04
200282 -5.112725E-04  5.446046E-04
200283 -1.681413E-05 -7.602300E-04
200284  7.706832E-04  7.040195E-05
200285  2.890310E-04  7.301905E-04
200286 -1.592085E-04  7.816123E-04
200287 -2.656442E-04  7.626007E-04
200288 -8.549895E-05  8.104164E-04
200289  7.904766E-04  1.792584E-04
200290 -7.691189E-04  3.387526E-04
200291  2.766853E-04 -8.082391E-04
200292  4.886876E-04  7.328376E-04
200293 -8.768550E-04 -1.292092E-04
200294  7.815603E-04 -4.397122E-04
200295 -6.382966E-04  6.735145E-04
200296  7.391032E-04 -5.841440E-04
200297 -9.521667E-04 -1.073500E-04
200298 -1.117856E-04  9.760801E-04
200299  4.930959E-04  8.653403E-04
200300  5.913719E-05  1.011984E-03
200301 -1.019781E-03 -8.535703E-05
200302  1.049118E-03  4.819575E-05
200303 -5.024583E-05 -1.054618E-03
200304 -8.137622E-05 -1.066095E-03
200305  1.066172E-03  6.372912E-05
200306 -9.845311E-04 -4.570893E-04
200307 -9.518439E-04  5.095684E-04
200308 -9.850966E-04 -4.569872E-04
200309  1.065539E-03  6.389885E-05
200310 -8.136924E-05 -1.066016E-03
200311 -4.915203E-05 -1.054837E-03
200312  1.051110E-03  4.767488E-05
200313 -1.017655E-03 -8.592455E-05
200314  6.058538E-05  1.011557E-03
200315  4.936001E-04  8.649049E-04
200316 -1.118018E-04  9.753841E-04
200317 -9.519536E-04 -1.082993E-04
200318  7.400814E-04 -5.851550E-04
200319 -6.366171E-04  6.724826E-04
200320  7.833139E-04 -4.409020E-04
200321 -8.756580E-04 -1.305782E-04
200322  4.892688E-04  7.315864E-04
200323  2.770067E-04 -8.088542E-04
200324 -7.689510E-04  3.391530E-04
200325  7.902074E-04  1.805238E-04
200326 -6.800613E-04 -4.283794E-04
200327  7.034883E-04  3.901992E-04
200328 -7.693608E-04  3.446912E-05
200329  2.848961E-04 -7.185743E-04
200330  7.399391E-04  1.025410E-04
200331  5.483503E-04  4.972412E-04
200332  6.377958E-04  3.621634E-04
200333  6.010664E-04 -3.994564E-04
200334 -6.322132E-04 -3.780351E-04
200335  5.397365E-04  4.514743E-04
200336 -6.947014E-04  1.369859E-04
200337 -3.719244E-04 -5.934935E-04
200338 -3.081782E-04 -6.270492E-04
200339 -6.897026E-04 -6.246467E-05
200340  3.369621E-04  6.038732E-04
200341 -4.481652E-04 -5.297262E-04
200342  5.923330E-04 -3.265997E-04
200343  6.646611E-04  6.743763E-05
200344  5.924128E-04 -3.263729E-04
200345 -4.478090E-04 -5.294824E-04
200346  3.376775E-04  6.038990E-04
200347 -6.889196E-04 -6.274080E-05
200348 -3.078774E-04 -6.275824E-04
200349 -3.724518E-04 -5.942251E-04
200350 -6.957972E-04  1.361764E-04
200351  5.388250E-04  4.508814E-04
200352 -6.323220E-04 -3.781068E-04
200353  6.016979E-04 -3.990144E-04
200354  6.385300E-04  3.628160E-04
200355  5.486133E-04  4.978619E-04
200356  7.397411E-04  1.030870E-04
200357  2.847616E-04 -7.182045E-04
200358 -7.689487E-04  3.433446E-05
200359  7.043768E-04  3.892950E-04
200360 -6.792599E-04 -4.298240E-04
200361  7.568167E-04  2.915968E-04
200362  8.288196E-04 -2.127322E-05
200363  6.613060E-04 -5.473865E-04
200364  5.633157E-05 -8.673050E-04
200365 -6.293029E-04 -6.359270E-04
200366 -9.215338E-04 -1.121098E-04
200367 -9.080170E-04  2.254801E-04
200368 -9.399617E-04  1.251238E-04
200369 -7.672437E-04 -6.048025E-04
200370  6.884519E-04 -7.334795E-04
200371 -3.615030E-04  9.636163E-04
200372  9.840462E-04 -3.763594E-04
200373  4.103891E-04 -9.893332E-04
200374  1.028411E-03 -3.468560E-04
200375 -8.080537E-04  7.730807E-04
200376  7.881327E-04  8.030150E-04
200377  2.466931E-04  1.113303E-03
200378 -5.808649E-04 -9.722177E-04
200379 -1.122599E-03  1.625793E-04
200380 -5.808528E-04 -9.723786E-04
200381  2.465480E-04  1.113334E-03
200382  7.879724E-04  8.033368E-04
200383 -8.077993E-04  7.732531E-04
200384  1.029152E-03 -3.472567E-04
200385  4.110681E-04 -9.900727E-04
200386  9.842076E-04 -3.769021E-04
200387 -3.614909E-04  9.633185E-04
200388  6.890031E-04 -7.337399E-04
200389 -7.660972E-04 -6.048777E-04
200390 -9.385847E-04  1.252233E-04
200391 -9.066122E-04  2.251231E-04
200392 -9.205224E-04 -1.131943E-04
200393 -6.293337E-04 -6.370539E-04
200394  5.549948E-05 -8.678884E-04
200395  6.607201E-04 -5.476642E-04
200396  8.286961E-04 -2.167663E-05
200397  7.564010E-04  2.910168E-04
200398  7.541777E-04  2.669702E-04
200399  7.722262E-04 -1.623506E-04
200400  1.454782E-04 -7.557339E-04
200401 -7.585130E-04  1.020037E-04
200402  6.978441E-04  2.197398E-04
200403 -7.144136E-04  1.287115E-04
200404  2.803341E-06 -7.107668E-04
200405  4.458534E-04 -5.550988E-04
200406  1.840045E-04 -6.756135E-04
200407 -6.551256E-04 -1.934111E-04
200408  5.411156E-04  4.484255E-04
200409 -6.773222E-04  8.162188E-05
200410 -4.206863E-04 -5.473963E-04
200411 -5.314539E-04 -4.290498E-04
200412 -4.292882E-04  5.131792E-04
200413  5.559294E-04 -3.902188E-04
200414  1.180808E-04  6.610706E-04
200415 -3.201386E-04  5.809149E-04
200416  1.182987E-04  6.605552E-04
200417  5.563464E-04 -3.907167E-04
200418 -4.288071E-04  5.131542E-04
200419 -5.310928E-04 -4.285340E-04
200420 -4.205517E-04 -5.466514E-04
200421 -6.774134E-04  8.193741E-05
200422  5.409573E-04  4.478827E-04
200423 -6.550648E-04 -1.942085E-04
200424  1.844449E-04 -6.755317E-04
200425  4.465471E-04 -5.539816E-04
200426  3.468386E-06 -7.096554E-04
200427 -7.140570E-04  1.289446E-04
200428  6.977112E-04  2.191989E-04
200429 -7.589926E-04  1.012770E-04
200430  1.452410E-04 -7.561583E-04
200431  7.727168E-04 -1.622569E-04
200432  7.550172E-04  2.674677E-04
200433  6.512382E-05  8.147258E-04
200434  6.069335E-07 -8.289960E-04
200435  2.532286E-04  7.990054E-04
200436 -6.611661E-04 -5.620443E-04
200437  9.014076E-04  5.744585E-05
200438 -8.056226E-04  4.518240E-04
200439  6.597204E-04 -6.961210E-04
200440 -7.869451E-04  5.817919E-04
200441  9.716056E-04  2.348705E-04
200442  4.359763E-04 -9.388914E-04
200443  2.660520E-04 -1.034809E-03
200444  1.101713E-03 -1.137457E-04
200445 -1.040670E-03  4.042090E-04
200446  3.106865E-04  1.100875E-03
200447 -4.635997E-04  1.065175E-03
200448  4.056984E-04 -1.119965E-03
200449 -3.604965E-04 -1.144925E-03
200450  1.176852E-03  2.261071E-04
200451  3.930954E-04 -1.144000E-03
200452  1.177642E-03  2.265651E-04
200453 -3.600314E-04 -1.144329E-03
200454  4.054622E-04 -1.119788E-03
200455 -4.638631E-04  1.064685E-03
200456  3.108511E-04  1.099943E-03
200457 -1.040579E-03  4.033186E-04
200458  1.101080E-03 -1.143299E-04
200459  2.653195E-04 -1.035673E-03
200460  4.363017E-04 -9.403955E-04
200461  9.725987E-04  2.339518E-04
200462 -7.863629E-04  5.821013E-04
200463  6.601120E-04 -6.964443E-04
200464 -8.053874E-04  4.496851E-04
200465  9.002085E-04  5.531119E-05
200466 -6.634622E-04 -5.624652E-04
200467  2.522064E-04  7.997734E-04
200468  1.240452E-06 -8.281350E-04
200469  6.558666E-05  8.151967E-04
200470 -4.959114E-04 -6.158613E-04
200471  7.147711E-04 -2.715667E-04
200472  5.392533E-04  5.385355E-04
200473  3.717523E-04  6.535409E-04
200474  6.759801E-04  2.745381E-04
200475  1.857765E-04 -6.945869E-04
200476 -3.811654E-04  5.830660E-04
200477 -1.890886E-04 -6.798100E-04
200478  4.744358E-04 -4.885545E-04
200479  3.596686E-04 -5.753808E-04
200480 -5.657253E-04 -3.530439E-04
200481  4.896605E-04  4.364157E-04
200482 -5.763300E-04  3.270688E-04
200483 -6.410639E-04  4.507551E-05
200484 -3.088386E-04  5.714589E-04
200485  5.815248E-04 -2.786978E-04
200486 -1.827373E-04  6.239556E-04
200487 -5.606986E-04  3.404943E-04
200488 -1.822984E-04  6.238036E-04
200489  5.822399E-04 -2.784228E-04
200490 -3.083108E-04  5.719761E-04
200491 -6.410489E-04  4.523034E-05
200492 -5.766253E-04  3.270257E-04
200493  4.894974E-04  4.364328E-04
200494 -5.654667E-04 -3.533641E-04
200495  3.601870E-04 -5.759545E-04
200496  4.746682E-04 -4.885722E-04
200497 -1.892545E-04 -6.794348E-04
200498 -3.811658E-04  5.827106E-04
200499  1.862253E-04 -6.957674E-04
200500  6.764524E-04  2.733696E-04
200501  3.717530E-04  6.524993E-04
200502  5.389017E-04  5.374307E-04
200503  7.147077E-04 -2.723178E-04
200504 -4.957278E-04 -6.161777E-04
200505 -7.246319E-04 -3.073705E-04
200506 -3.250937E-04 -7.532189E-04
200507 -1.159172E-04 -8.477521E-04
200508 -1.691362E-04 -8.536667E-04
200509 -4.025798E-04 -7.971467E-04
200510 -6.271220E-04 -6.989211E-04
200511 -6.788001E-04 -6.857909E-04
200512 -3.892460E-04 -9.095023E-04
200513  6.198046E-04 -8.182949E-04
200514  5.181816E-04  9.270946E-04
200515 -4.570656E-04 -9.960227E-04
200516 -1.043816E-03  4.555502E-04
200517 -1.168590E-03  1.454149E-04
200518  8.037666E-04 -8.836471E-04
200519 -7.339914E-04 -9.793342E-04
200520  8.322948E-04 -9.257623E-04
200521 -1.177528E-03 -4.875128E-04
200522  1.367230E-04 -1.279464E-03
200523 -1.275818E-03  6.274736E-07
200524  1.371089E-04 -1.278609E-03
200525 -1.177944E-03 -4.859591E-04
200526  8.314583E-04 -9.248596E-04
200527 -7.342034E-04 -9.794072E-04
200528  8.044006E-04 -8.834958E-04
200529 -1.167371E-03  1.463806E-04
200530 -1.042832E-03  4.569995E-04
200531 -4.566587E-04 -9.954067E-04
200532  5.186717E-04  9.257662E-04
200533  6.202120E-04 -8.197818E-04
200534 -3.895205E-04 -9.089033E-04
200535 -6.786428E-04 -6.846615E-04
200536 -6.259360E-04 -6.994500E-04
200537 -4.026029E-04 -7.981827E-04
200538 -1.708176E-04 -8.538654E-04
200539 -1.164120E-04 -8.473549E-04
200540 -3.240499E-04 -7.523597E-04
200541 -7.240087E-04 -3.065399E-04
200542 -4.124945E-04  6.522997E-04
200543  7.488548E-04 -4.120121E-05
200544 -7.400590E-04 -2.043728E-05
200545  4.807517E-04 -5.573556E-04
200546  6.747294E-04  1.932466E-04
200547  6.573700E-04  1.934622E-04
200548  3.941472E-04 -5.578547E-04
200549 -6.368239E-04  2.493672E-04
200550  2.605336E-04 -6.088714E-04
200551  6.471209E-04 -1.432372E-04
200552  4.596785E-04 -4.631207E-04
200553 -6.326722E-04 -1.949202E-04
200554  6.380034E-04 -1.132131E-04
200555  4.095617E-04  4.956927E-04
200556  5.799485E-04  2.194369E-04
200557 -1.667854E-04 -6.173465E-04
200558  4.872833E-04  3.981922E-04
200559  5.053364E-05  6.344093E-04
200560  4.871202E-04  3.982554E-04
200561 -1.668382E-04 -6.165227E-04
200562  5.799475E-04  2.205286E-04
200563  4.094229E-04  4.958823E-04
200564  6.377037E-04 -1.135675E-04
200565 -6.330376E-04 -1.947433E-04
200566  4.596377E-04 -4.626694E-04
200567  6.474186E-04 -1.431038E-04
200568  2.604201E-04 -6.086293E-04
200569 -6.371578E-04  2.498048E-04
200570  3.945138E-04 -5.579457E-04
200571  6.578032E-04  1.933415E-04
200572  6.743046E-04  1.942775E-04
200573  4.800983E-04 -5.560475E-04
200574 -7.404254E-04 -2.040194E-05
200575  7.486186E-04 -4.188395E-05
200576 -4.126133E-04  6.517337E-04
200577  7.869411E-04  1.012488E-04
200578  2.189284E-04 -7.785876E-04
200579 -8.274426E-04  1.518814E-04
200580  7.840778E-04  3.912321E-04
200581 -6.075813E-04 -6.692725E-04
200582  3.987418E-04  8.390980E-04
200583 -1.798509E-05 -9.613462E-04
200584 -6.837529E-04  7.314412E-04
200585  8.591727E-04  5.893943E-04
200586  1.066592E-03 -1.999256E-04
200587  1.079413E-03  3.021446E-04
200588 -8.038234E-04  8.522431E-04
200589  1.212645E-03  7.351219E-05
200590  1.242741E-03  1.929161E-04
200591 -1.264412E-03  2.058200E-04
200592 -1.146366E-03  6.390393E-04
200593  1.130542E-03 -7.250571E-04
200594  1.358161E-03 -1.180187E-04
200595 -6.046348E-04 -1.197926E-03
200596  1.358200E-03 -1.188224E-04
200597  1.129218E-03 -7.240521E-04
200598 -1.147885E-03  6.409861E-04
200599 -1.265048E-03  2.071157E-04
200600  1.242187E-03  1.940396E-04
200601  1.212270E-03  7.445901E-05
200602 -8.037673E-04  8.530523E-04
200603  1.079490E-03  3.028835E-04
200604  1.066528E-03 -2.000657E-04
200605  8.585421E-04  5.889970E-04
200606 -6.856917E-04  7.326543E-04
200607 -2.031346E-05 -9.585030E-04
200608  3.982465E-04  8.418962E-04
200609 -6.072438E-04 -6.672925E-04
200610  7.838339E-04  3.921322E-04
200611 -8.267586E-04  1.521667E-04
200612  2.202644E-04 -7.781135E-04
200613  7.879571E-04  1.010115E-04
200614  5.345188E-04  5.469688E-04
200615  6.176026E-04  4.322095E-04
200616  6.003159E-04 -4.148163E-04
200617 -6.975580E-04 -1.697174E-04
200618  6.918590E-04 -8.743110E-05
200619  1.365042E-04  6.822611E-04
200620  5.652749E-05  6.852576E-04
200621  6.594575E-04  1.465314E-04
200622 -5.432634E-04 -3.586705E-04
200623  5.456438E-04 -3.611962E-04
200624  6.226474E-04 -1.569768E-04
200625  2.361070E-05 -6.249781E-04
200626 -1.371991E-04  6.141664E-04
200627 -6.105271E-04 -1.882503E-04
200628 -6.183813E-04 -1.050460E-04
200629  9.724934E-05  6.216427E-04
200630 -3.175952E-04 -5.153441E-04
200631  1.982053E-04 -6.042419E-04
200632 -3.177761E-04 -5.160081E-04
200633  9.716406E-05  6.210900E-04
200634 -6.184656E-04 -1.050005E-04
200635 -6.106005E-04 -1.880692E-04
200636 -1.372656E-04  6.142708E-04
200637  2.323649E-05 -6.245693E-04
200638  6.223182E-04 -1.565131E-04
200639  5.456807E-04 -3.613888E-04
200640 -5.437013E-04 -3.591183E-04
200641  6.589012E-04  1.468504E-04
200642  5.705177E-05  6.860315E-04
200643  1.367954E-04  6.829633E-04
200644  6.908872E-04 -8.630017E-05
200645 -6.979293E-04 -1.684071E-04
200646  6.010318E-04 -4.144755E-04
200647  6.175999E-04  4.321325E-04
200648  5.336102E-04  5.476121E-04
200649 -6.526946E-04 -4.448756E-04
200650  7.543427E-04  3.068825E-04
200651 -7.105863E-04  4.276664E-04
200652 -3.833208E-04 -7.743861E-04
200653  6.623461E-04 -6.047053E-04
200654  8.792013E-04  3.388463E-04
200655  3.975185E-05  9.747522E-04
200656 -1.008530E-03  1.434983E-04
200657  3.225525E-04 -1.005060E-03
200658 -1.200941E-04  1.103936E-03
200659  1.051071E-03 -4.723181E-04
200660  7.721669E-04 -9.279445E-04
200661  9.446694E-04  8.260941E-04
200662  1.690678E-04 -1.288800E-03
200663  1.080893E-03 -7.891905E-04
200664 -1.223329E-03 -6.407946E-04
200665  9.059518E-04 -1.067555E-03
200666  5.178110E-04 -1.315525E-03
200667 -1.400913E-03  3.820084E-04
200668  5.180275E-04 -1.317146E-03
200669  9.047590E-04 -1.067375E-03
200670 -1.224801E-03 -6.391652E-04
200671  1.080470E-03 -7.880133E-04
200672  1.683228E-04 -1.288135E-03
200673  9.432450E-04  8.258857E-04
200674  7.707886E-04 -9.289720E-04
200675  1.050495E-03 -4.735715E-04
200676 -1.195391E-04  1.102532E-03
200677  3.232450E-04 -1.006314E-03
200678 -1.009410E-03  1.425593E-04
200679  3.680407E-05  9.755150E-04
200680  8.777995E-04  3.414107E-04
200681  6.630360E-04 -6.028816E-04
200682 -3.828196E-04 -7.743571E-04
200683 -7.096248E-04  4.282296E-04
200684  7.551641E-04  3.084518E-04
200685 -6.519027E-04 -4.449693E-04
200686  7.525637E-04 -3.866101E-05
200687  7.822020E-05  7.510504E-04
200688 -2.254875E-04  6.787142E-04
200689  3.135108E-04  6.217952E-04
200690  3.879048E-04 -5.642407E-04
200691 -1.617288E-04  6.498424E-04
200692 -6.624094E-04 -2.386281E-05
200693 -6.465680E-04  9.968628E-05
200694  2.278847E-04  5.814784E-04
200695 -3.990161E-04 -4.940598E-04
200696  2.763232E-04 -5.688784E-04
200697 -8.156917E-05 -6.066750E-04
200698 -3.534464E-04  5.066727E-04
200699 -2.652987E-04 -5.732132E-04
200700 -8.792026E-05 -5.927408E-04
200701 -5.682422E-04  1.237319E-04
200702  4.980363E-04 -2.955352E-04
200703  4.925798E-04  2.635136E-04
200704  4.981546E-04 -2.951294E-04
200705 -5.676739E-04  1.240973E-04
200706 -8.750545E-05 -5.924472E-04
200707 -2.650898E-04 -5.729770E-04
200708 -3.532204E-04  5.066028E-04
200709 -8.178065E-05 -6.070615E-04
200710  2.758993E-04 -5.692504E-04
200711 -3.989752E-04 -4.947123E-04
200712  2.278615E-04  5.804918E-04
200713 -6.468093E-04  9.942621E-05
200714 -6.620961E-04 -2.335201E-05
200715 -1.613738E-04  6.504338E-04
200716  3.881519E-04 -5.639442E-04
200717  3.147013E-04  6.220751E-04
200718 -2.239420E-04  6.790641E-04
200719  7.868316E-05  7.512164E-04
200720  7.517181E-04 -3.782433E-05
200721 -9.310184E-05  7.729709E-04
200722 -7.879723E-04  1.373320E-04
200723 -7.915184E-04 -2.523330E-04
200724 -8.608607E-04 -1.016545E-04
200725 -7.819993E-04  4.226727E-04
200726 -1.586254E-04  9.126582E-04
200727  6.480564E-04  7.175055E-04
200728  1.004839E-03  1.227625E-04
200729  1.067555E-03 -4.953225E-05
200730  9.107948E-04  6.489940E-04
200731 -9.502156E-04  6.676500E-04
200732  1.197579E-03 -2.384855E-04
200733  8.906697E-04 -9.057761E-04
200734  3.950733E-04  1.267416E-03
200735  1.351668E-03  2.848739E-04
200736 -1.372239E-03  3.868352E-04
200737 -1.386926E-03 -4.473639E-04
200738 -1.061131E-03  1.033163E-03
200739  1.480615E-03 -1.873508E-04
200740 -1.061238E-03  1.032533E-03
200741 -1.387850E-03 -4.475331E-04
200742 -1.373344E-03  3.870396E-04
200743  1.351925E-03  2.847235E-04
200744  3.955700E-04  1.266988E-03
200745  8.906301E-04 -9.062802E-04
200746  1.197013E-03 -2.392461E-04
200747 -9.501973E-04  6.659623E-04
200748  9.128628E-04  6.463864E-04
200749  1.070177E-03 -5.159915E-05
200750  1.006244E-03  1.203120E-04
200751  6.471113E-04  7.163859E-04
200752 -1.584118E-04  9.143703E-04
200753 -7.803621E-04  4.232841E-04
200754 -8.601611E-04 -1.033709E-04
200755 -7.902758E-04 -2.521826E-04
200756 -7.874383E-04  1.389199E-04
200757 -9.298837E-05  7.726072E-04
200758  6.399052E-04 -3.784504E-04
200759 -5.623865E-04  4.609288E-04
200760 -3.011459E-04 -6.490191E-04
200761  2.787135E-05 -6.918382E-04
200762 -4.926911E-04 -4.523132E-04
200763  2.963867E-05  6.489961E-04
200764 -4.892997E-04 -4.505430E-04
200765 -5.121463E-05 -6.302304E-04
200766 -5.443829E-04 -3.303642E-04
200767  3.254535E-04  5.338420E-04
200768 -5.900839E-04  1.791283E-04
200769 -5.743528E-04  1.904189E-04
200770  3.664257E-04  4.875022E-04
200771 -5.797169E-04 -1.777004E-04
200772 -3.717750E-04 -4.319316E-04
200773 -5.295659E-04  2.981517E-04
200774  3.932263E-04 -3.915916E-04
200775  5.388836E-04  1.904984E-04
200776  3.928206E-04 -3.905318E-04
200777 -5.293413E-04  2.994673E-04
200778 -3.716076E-04 -4.314031E-04
200779 -5.796775E-04 -1.777281E-04
200780  3.665896E-04  4.874717E-04
200781 -5.744997E-04  1.901263E-04
200782 -5.904752E-04  1.788624E-04
200783  3.253595E-04  5.336216E-04
200784 -5.441510E-04 -3.307396E-04
200785 -5.109844E-05 -6.304549E-04
200786 -4.892607E-04 -4.510620E-04
200787  2.960424E-05  6.490769E-04
200788 -4.923333E-04 -4.520397E-04
200789  2.861746E-05 -6.921600E-04
200790 -3.015781E-04 -6.487597E-04
200791 -5.625641E-04  4.612159E-04
200792  6.400104E-04 -3.777746E-04
200793  7.628025E-04  1.468413E-04
200794  7.783882E-04  6.511290E-05
200795  5.278524E-04 -6.344303E-04
200796 -7.172630E-04 -4.536749E-04
200797  6.911006E-05  8.743082E-04
200798  4.494751E-04 -8.080494E-04
200799 -8.255785E-04  5.348422E-04
200800  1.026644E-03  6.923555E-05
200801 -4.064217E-04 -9.778635E-04
200802 -1.123558E-03  5.206262E-05
200803 -1.181352E-03  8.445089E-05
200804 -1.560109E-05 -1.231334E-03
200805 -8.028168E-04  1.028015E-03
200806 -1.076934E-03  8.292735E-04
200807  1.404213E-03 -2.649347E-04
200808  7.125266E-04  1.292525E-03
200809  1.273680E-03  8.313742E-04
200810  5.976766E-04 -1.422157E-03
200811 -1.097603E-03  1.065343E-03
200812  5.975668E-04 -1.421926E-03
200813  1.273336E-03  8.311942E-04
200814  7.118226E-04  1.292361E-03
200815  1.404524E-03 -2.651111E-04
200816 -1.076281E-03  8.284903E-04
200817 -8.021548E-04  1.027666E-03
200818 -1.539200E-05 -1.231051E-03
200819 -1.181332E-03  8.408852E-05
200820 -1.121365E-03  5.043220E-05
200821 -4.040715E-04 -9.788333E-04
200822  1.028389E-03  6.757347E-05
200823 -8.250262E-04  5.338988E-04
200824  4.510198E-04 -8.063990E-04
200825  7.084399E-05  8.743921E-04
200826 -7.168967E-04 -4.560035E-04
200827  5.295453E-04 -6.344839E-04
200828  7.793580E-04  6.557761E-05
200829  7.628744E-04  1.456842E-04
200830  5.434134E-04 -4.974683E-04
200831 -6.816924E-04 -2.373902E-04
200832  7.011717E-04  8.777978E-05
200833 -1.030177E-04  6.849882E-04
200834 -1.583510E-04  6.408394E-04
200835  6.032537E-04  2.404629E-04
200836 -5.831817E-04 -2.708179E-04
200837  2.594070E-04 -5.576137E-04
200838  1.087453E-04 -6.006911E-04
200839 -5.751052E-04  1.982895E-04
200840  2.806663E-04 -5.252674E-04
200841  4.837112E-04 -3.547505E-04
200842 -2.964771E-04 -5.080253E-04
200843  4.363800E-04  3.792777E-04
200844  2.245663E-05  6.099365E-04
200845  4.916786E-04  1.964067E-04
200846 -5.342497E-04 -2.259827E-04
200847  6.845957E-06 -5.677989E-04
200848 -5.348832E-04 -2.258839E-04
200849  4.917459E-04  1.968343E-04
200850  2.258333E-05  6.095220E-04
200851  4.363422E-04  3.784811E-04
200852 -2.966764E-04 -5.079661E-04
200853  4.833661E-04 -3.544886E-04
200854  2.804918E-04 -5.250999E-04
200855 -5.751489E-04  1.983501E-04
200856  1.089330E-04 -6.005532E-04
200857  2.595192E-04 -5.573594E-04
200858 -5.828775E-04 -2.719680E-04
200859  6.032624E-04  2.399515E-04
200860 -1.589064E-04  6.408980E-04
200861 -1.031838E-04  6.838511E-04
200862  6.990357E-04  8.703722E-05
200863 -6.826485E-04 -2.374881E-04
200864  5.441985E-04 -4.969407E-04
200865  4.871754E-04 -5.874994E-04
200866 -3.884554E-04 -6.981890E-04
200867 -4.079064E-04  7.027678E-04
200868  6.070461E-04 -5.827192E-04
200869 -4.010341E-04  7.739534E-04
200870 -2.358595E-04 -8.832623E-04
200871  8.737859E-04  4.168469E-04
200872 -9.483263E-04  3.181769E-04
200873  8.278132E-04 -6.620783E-04
200874 -1.095268E-03  2.651679E-04
200875  2.393343E-04  1.165950E-03
200876  1.059440E-04  1.248277E-03
200877 -1.018778E-03 -8.168774E-04
200878 -1.203227E-03  6.540313E-04
200879  3.420655E-04 -1.396427E-03
200880  5.610930E-04 -1.390301E-03
200881 -1.275460E-03 -8.754201E-04
200882  2.177526E-04  1.557238E-03
200883  1.420257E-04 -1.567267E-03
200884  2.184978E-04  1.557810E-03
200885 -1.274878E-03 -8.752051E-04
200886  5.609521E-04 -1.389826E-03
200887  3.420960E-04 -1.395698E-03
200888 -1.203391E-03  6.534748E-04
200889 -1.018746E-03 -8.171836E-04
200890  1.060523E-04  1.248795E-03
200891  2.386740E-04  1.166521E-03
200892 -1.093915E-03  2.650677E-04
200893  8.287924E-04 -6.617721E-04
200894 -9.474341E-04  3.175484E-04
200895  8.746469E-04  4.165473E-04
200896 -2.341811E-04 -8.819350E-04
200897 -3.997766E-04  7.735235E-04
200898  6.068303E-04 -5.850550E-04
200899 -4.066899E-04  7.029383E-04
200900 -3.872991E-04 -6.983343E-04
200901  4.876933E-04 -5.886189E-04
200902  5.158565E-04 -5.148204E-04
200903 -2.353519E-04 -6.796817E-04
200904 -2.578612E-04  6.401565E-04
200905 -2.255808E-04 -6.241373E-04
200906  3.593838E-04 -5.653193E-04
200907 -8.603563E-05 -6.248431E-04
200908 -3.711680E-04  5.227306E-04
200909 -2.131080E-04 -5.738170E-04
200910 -2.453123E-05 -6.113562E-04
200911 -5.925459E-04  1.487932E-05
200912  5.549436E-04 -1.897886E-04
200913  5.115407E-04  2.739505E-04
200914  4.586124E-04 -3.514839E-04
200915 -4.393859E-04  3.552165E-04
200916 -5.311082E-04 -1.558802E-04
200917 -4.917106E-04  3.330831E-04
200918  5.363297E-04 -4.544136E-04
200919  8.350377E-04  1.903911E-04
200920  5.361415E-04 -4.548084E-04
200921 -4.912463E-04  3.330685E-04
200922 -5.305333E-04 -1.564664E-04
200923 -4.391353E-04  3.543004E-04
200924  4.582639E-04 -3.515170E-04
200925  5.110941E-04  2.742536E-04
200926  5.549841E-04 -1.895828E-04
200927 -5.923559E-04  1.487017E-05
200928 -2.419979E-05 -6.112388E-04
200929 -2.130994E-04 -5.732853E-04
200930 -3.703966E-04  5.217771E-04
200931 -8.535375E-05 -6.253542E-04
200932  3.583897E-04 -5.657437E-04
200933 -2.254074E-04 -6.253629E-04
200934 -2.594684E-04  6.388471E-04
200935 -2.363246E-04 -6.801234E-04
200936  5.166234E-04 -5.144380E-04
200937 -3.919565E-05 -7.505360E-04
200938 -7.101619E-04  3.416376E-04
200939  7.922728E-04 -1.969439E-04
200940 -5.469545E-04  6.340114E-04
200941 -4.461129E-04 -7.569364E-04
200942  7.404692E-04 -5.194800E-04
200943  7.601485E-04  5.906295E-04
200944 -4.581530E-04  8.883793E-04
200945 -8.435335E-04 -6.594854E-04
200946  1.114969E-03  5.462687E-05
200947 -9.677123E-04 -6.553198E-04
200948 -1.165344E-03  3.974366E-04
200949 -7.365592E-04 -1.086087E-03
200950 -5.374201E-04  1.270035E-03
200951 -1.415555E-03 -3.404359E-04
200952 -1.408236E-03  5.554281E-04
200953  1.050920E-03  1.121330E-03
200954 -5.027322E-04 -1.505013E-03
200955  3.151977E-04  1.560327E-03
200956 -5.013312E-04 -1.504101E-03
200957  1.051966E-03  1.122139E-03
200958 -1.407793E-03  5.564607E-04
200959 -1.415625E-03 -3.391316E-04
200960 -5.381677E-04  1.269759E-03
200961 -7.371787E-04 -1.086428E-03
200962 -1.165195E-03  3.976359E-04
200963 -9.685894E-04 -6.547378E-04
200964  1.115668E-03  5.531839E-05
200965 -8.434739E-04 -6.588118E-04
200966 -4.578990E-04  8.880875E-04
200967  7.607306E-04  5.907744E-04
200968  7.417138E-04 -5.184668E-04
200969 -4.450521E-04 -7.575594E-04
200970 -5.472094E-04  6.317162E-04
200971  7.924885E-04 -1.968219E-04
200972 -7.093318E-04  3.415848E-04
200973 -3.850095E-05 -7.508978E-04
200974  5.168613E-04 -5.041772E-04
200975  2.667377E-04 -6.484029E-04
200976 -6.727745E-04 -1.508817E-04
200977  6.638233E-04  1.021937E-04
200978 -3.696323E-05  6.354707E-04
200979  5.407997E-05  6.455731E-04
200980  5.779783E-04 -2.374275E-04
200981 -3.542673E-04  4.707186E-04
200982 -5.890780E-04  9.500491E-05
200983 -1.253259E-04  5.616759E-04
200984  1.377147E-04 -5.548929E-04
200985  5.619775E-04 -1.135783E-04
200986  2.590678E-04 -5.030509E-04
200987 -3.331625E-04  4.387875E-04
200988 -5.431562E-04 -1.125544E-04
200989 -4.873281E-04  3.045093E-04
200990  5.841093E-04 -3.875333E-04
200991  8.116492E-04  3.172763E-04
200992  5.842196E-04 -3.874815E-04
200993 -4.868480E-04  3.049300E-04
200994 -5.425726E-04 -1.123773E-04
200995 -3.328347E-04  4.384601E-04
200996  2.588364E-04 -5.031019E-04
200997  5.616951E-04 -1.134024E-04
200998  1.377867E-04 -5.548399E-04
200999 -1.251183E-04  5.616099E-04
201000 -5.885572E-04  9.504259E-05
201001 -3.543500E-04  4.712195E-04
201002  5.787792E-04 -2.378973E-04
201003  5.513501E-05  6.456421E-04
201004 -3.781525E-05  6.347135E-04
201005  6.644473E-04  1.018645E-04
201006 -6.734084E-04 -1.517250E-04
201007  2.660103E-04 -6.487272E-04
201008  5.172000E-04 -5.037071E-04
201009 -3.971764E-04 -6.258626E-04
201010 -8.023431E-05  7.664075E-04
201011 -1.727718E-04 -7.678477E-04
201012  8.054223E-04  1.386999E-04
201013  4.039195E-05  8.668881E-04
201014 -6.800394E-04  5.978275E-04
201015 -9.352731E-04 -6.698664E-06
201016 -7.151909E-04 -7.064315E-04
201017  3.825051E-04 -9.682694E-04
201018  8.215669E-04  7.519087E-04
201019 -8.760701E-04 -7.581030E-04
201020 -8.633825E-04  8.576476E-04
201021 -1.300407E-03  2.821681E-05
201022  1.205440E-03  6.204867E-04
201023  1.859977E-04  1.410412E-03
201024  1.338479E-03  6.366863E-04
201025 -3.473049E-04 -1.500104E-03
201026 -8.656695E-05  1.565049E-03
201027  1.338332E-04 -1.573173E-03
201028 -8.536299E-05  1.566205E-03
201029 -3.465353E-04 -1.498914E-03
201030  1.339089E-03  6.379597E-04
201031  1.857131E-04  1.411875E-03
201032  1.204386E-03  6.204602E-04
201033 -1.301272E-03  2.779830E-05
201034 -8.627671E-04  8.576094E-04
201035 -8.766619E-04 -7.577629E-04
201036  8.218445E-04  7.527535E-04
201037  3.822120E-04 -9.678048E-04
201038 -7.151581E-04 -7.067302E-04
201039 -9.351687E-04 -6.326067E-06
201040 -6.794237E-04  5.988748E-04
201041  4.135072E-05  8.667198E-04
201042  8.057483E-04  1.367965E-04
201043 -1.730909E-04 -7.680694E-04
201044 -7.980980E-05  7.665830E-04
201045 -3.967953E-04 -6.255935E-04
201046  4.996442E-04 -5.145720E-04
201047  5.168627E-04 -4.524779E-04
201048 -3.085763E-04 -6.151084E-04
201049  9.070309E-05  6.675405E-04
201050 -6.297349E-04 -1.401749E-04
201051 -5.709432E-04 -2.499964E-04
201052 -2.654817E-04  5.454209E-04
201053  1.595547E-04 -6.064859E-04
201054  5.664204E-04 -1.703934E-04
201055  2.284483E-04 -5.601569E-04
201056 -3.345639E-04  4.773784E-04
201057 -5.304500E-04 -2.262596E-04
201058 -5.374738E-04  1.938299E-04
201059  5.662325E-04 -3.683174E-05
201060  1.629550E-04  5.587898E-04
201061  4.780058E-04  1.893931E-04
201062 -3.776273E-04 -3.313976E-04
201063  2.726832E-04 -4.300785E-04
201064 -3.776124E-04 -3.309166E-04
201065  4.780915E-04  1.900395E-04
201066  1.630491E-04  5.594636E-04
201067  5.662887E-04 -3.669228E-05
201068 -5.375838E-04  1.938668E-04
201069 -5.305462E-04 -2.260251E-04
201070 -3.345454E-04  4.772851E-04
201071  2.284833E-04 -5.602573E-04
201072  5.669441E-04 -1.703431E-04
201073  1.593720E-04 -6.061634E-04
201074 -2.649815E-04  5.451990E-04
201075 -5.701448E-04 -2.493836E-04
201076 -6.301869E-04 -1.411007E-04
201077  9.108472E-05  6.680465E-04
201078 -3.090331E-04 -6.153999E-04
201079  5.162851E-04 -4.525344E-04
201080  4.995039E-04 -5.139028E-04
201081 -5.935148E-04 -4.275123E-04
201082  3.689858E-04  6.620928E-04
201083 -6.808686E-04 -3.679703E-04
201084  5.006344E-04 -6.467706E-04
201085  8.295156E-04  2.002887E-04
201086  5.481026E-04  7.080643E-04
201087  1.442169E-04  9.121050E-04
201088 -4.387866E-04  8.767115E-04
201089 -1.027224E-03  1.253486E-04
201090  1.227837E-04 -1.075297E-03
201091  5.321318E-05  1.141704E-03
201092  1.213575E-03 -7.317474E-05
201093  1.006412E-03  7.622374E-04
201094 -5.864487E-04 -1.214331E-03
201095  6.889321E-04 -1.227911E-03
201096 -6.524820E-04 -1.301676E-03
201097 -6.816409E-04  1.349633E-03
201098  1.060487E-03 -1.112072E-03
201099 -1.113464E-03  1.068340E-03
201100  1.060999E-03 -1.111017E-03
201101 -6.814774E-04  1.350837E-03
201102 -6.522988E-04 -1.300455E-03
201103  6.880045E-04 -1.226599E-03
201104 -5.878899E-04 -1.214304E-03
201105  1.005547E-03  7.615799E-04
201106  1.214712E-03 -7.315349E-05
201107  5.285703E-05  1.141920E-03
201108  1.226408E-04 -1.074643E-03
201109 -1.027595E-03  1.254732E-04
201110 -4.387733E-04  8.763950E-04
201111  1.439093E-04  9.124571E-04
201112  5.480471E-04  7.092239E-04
201113  8.300732E-04  2.007269E-04
201114  5.015093E-04 -6.478170E-04
201115 -6.811503E-04 -3.684160E-04
201116  3.691796E-04  6.623631E-04
201117 -5.936489E-04 -4.271246E-04
201118  4.156539E-04 -5.804007E-04
201119  5.477312E-04 -3.960410E-04
201120 -1.116679E-04 -6.734685E-04
201121 -2.393402E-04  6.151695E-04
201122 -3.850934E-04 -5.185360E-04
201123 -1.345470E-04 -5.976130E-04
201124 -5.944971E-04 -2.372057E-06
201125  6.004976E-04 -4.691220E-05
201126  2.274970E-04  5.333618E-04
201127  5.405338E-04  2.037626E-04
201128 -4.065569E-04 -3.834574E-04
201129  3.365409E-04 -4.548455E-04
201130  1.028085E-06 -5.507447E-04
201131 -2.033243E-04  5.003178E-04
201132 -5.439674E-04 -8.404790E-05
201133 -4.600254E-04  2.872029E-04
201134  5.514010E-04 -2.598627E-04
201135  5.775611E-04  4.670649E-04
201136  5.512422E-04 -2.593885E-04
201137 -4.602319E-04  2.876027E-04
201138 -5.443105E-04 -8.348627E-05
201139 -2.035558E-04  5.004853E-04
201140  9.424747E-07 -5.506624E-04
201141  3.364720E-04 -4.544898E-04
201142 -4.065281E-04 -3.836447E-04
201143  5.404426E-04  2.036066E-04
201144  2.279065E-04  5.334237E-04
201145  6.002335E-04 -4.680068E-05
201146 -5.942289E-04 -2.580646E-06
201147 -1.342570E-04 -5.968285E-04
201148 -3.850181E-04 -5.194601E-04
201149 -2.394617E-04  6.158721E-04
201150 -1.123522E-04 -6.737293E-04
201151  5.472645E-04 -3.959041E-04
201152  4.151846E-04 -5.796973E-04
201153 -6.950275E-04 -2.011476E-04
201154  5.446643E-04  5.122789E-04
201155 -7.430130E-04 -1.825899E-04
201156  3.750809E-04 -7.168964E-04
201157  8.284212E-04  1.364294E-04
201158  5.054642E-04  7.199379E-04
201159 -5.860561E-05  9.050083E-04
201160 -7.452153E-04  6.189365E-04
201161 -8.668917E-04 -5.091229E-04
201162  9.311027E-04 -5.343888E-04
201163 -1.048378E-03  3.759468E-04
201164 -5.544520E-06  1.168391E-03
201165 -1.120858E-03  5.554806E-04
201166  1.185990E-03  5.323587E-04
201167 -2.839337E-04  1.335963E-03
201168  5.389195E-04  1.322394E-03
201169  1.094933E-03 -9.535671E-04
201170 -1.431521E-03  3.559114E-04
201171  1.493167E-03 -1.722753E-04
201172 -1.431668E-03  3.565469E-04
201173  1.094565E-03 -9.525998E-04
201174  5.384141E-04  1.323171E-03
201175 -2.857037E-04  1.336676E-03
201176  1.184177E-03  5.320023E-04
201177 -1.121442E-03  5.544130E-04
201178 -4.120973E-06  1.168717E-03
201179 -1.048789E-03  3.760559E-04
201180  9.306053E-04 -5.341441E-04
201181 -8.671997E-04 -5.092684E-04
201182 -7.451570E-04  6.186725E-04
201183 -5.910800E-05  9.051471E-04
201184  5.048336E-04  7.210018E-04
201185  8.283965E-04  1.370724E-04
201186  3.760050E-04 -7.170099E-04
201187 -7.430962E-04 -1.830169E-04
201188  5.447836E-04  5.125386E-04
201189 -6.955383E-04 -2.010703E-04
201190  1.884553E-04 -6.837444E-04
201191  3.596535E-04 -5.540020E-04
201192 -3.305059E-04 -5.904444E-04
201193 -2.334073E-05  6.597231E-04
201194 -5.232732E-04 -3.692543E-04
201195 -3.045082E-04 -5.229727E-04
201196 -5.660833E-04  1.638971E-04
201197  5.691357E-04 -1.903917E-04
201198  3.325912E-04  4.636205E-04
201199  5.664247E-04  9.941686E-05
201200 -4.606137E-04 -3.072230E-04
201201  2.696515E-04 -4.921129E-04
201202 -6.178577E-05 -5.454148E-04
201203 -1.531680E-04  5.187407E-04
201204 -5.455777E-04 -4.624320E-05
201205 -4.230415E-04  3.259099E-04
201206  5.038347E-04 -2.739907E-04
201207  5.257518E-04  4.147336E-04
201208  5.036492E-04 -2.737720E-04
201209 -4.232616E-04  3.259298E-04
201210 -5.460519E-04 -4.605028E-05
201211 -1.534856E-04  5.186982E-04
201212 -6.187085E-05 -5.453864E-04
201213  2.695042E-04 -4.917447E-04
201214 -4.604954E-04 -3.074260E-04
201215  5.663314E-04  9.922200E-05
201216  3.328971E-04  4.636704E-04
201217  5.688478E-04 -1.904800E-04
201218 -5.658474E-04  1.636835E-04
201219 -3.046144E-04 -5.222943E-04
201220 -5.227030E-04 -3.699039E-04
201221 -2.375098E-05  6.602087E-04
201222 -3.312249E-04 -5.910081E-04
201223  3.592615E-04 -5.537402E-04
201224  1.878772E-04 -6.832342E-04
