Mesh2HRTF 1.0.0-dev
    1
    1  1225
200000  7.496168E-05  1.156991E-03
200001 -9.935336E-04  7.161768E-04
200002 -1.041956E-03  6.411993E-04
200003 -1.152134E-03  3.987164E-04
200004 -1.210683E-03 -3.657036E-05
200005 -1.030541E-03 -6.144431E-04
200006 -4.442890E-04 -1.101871E-03
200007  4.643193E-04 -1.088056E-03
200008  1.151331E-03 -3.037776E-04
200009  8.784103E-04  8.266249E-04
200010 -3.458613E-04  1.159696E-03
200011 -1.185665E-03  8.941602E-05
200012 -3.755627E-04 -1.099009E-03
200013  1.023494E-03 -5.518437E-04
200014  6.874237E-04  9.641305E-04
200015 -8.921209E-04  7.693800E-04
200016 -7.732687E-04 -8.451326E-04
200017  8.574798E-04 -7.491353E-04
200018  7.463025E-04  8.843865E-04
200019 -8.812374E-04  7.414248E-04
200020 -7.140288E-04 -8.709389E-04
200021  8.722709E-04 -7.036324E-04
200022  7.415056E-04  8.509363E-04
200023 -7.784488E-04  8.115082E-04
200024 -9.002929E-04 -6.554628E-04
200025  4.657809E-04 -1.004882E-03
200026  1.087356E-03  1.798393E-04
200027  2.019883E-04  1.076584E-03
200028 -8.889168E-04  6.375514E-04
200029 -1.007740E-03 -4.376531E-04
200030 -2.633093E-04 -1.070204E-03
200031  5.881092E-04 -9.278216E-04
200032  1.036102E-03 -3.352010E-04
200033  1.040713E-03  2.817327E-04
200034  8.036777E-04  7.059580E-04
200035  5.290420E-04  9.238384E-04
200036  3.347321E-04  1.008054E-03
200037  2.665966E-04  1.027475E-03
200038  3.346815E-04  1.008050E-03
200039  5.289412E-04  9.238306E-04
200040  8.035275E-04  7.059457E-04
200041  1.040515E-03  2.817152E-04
200042  1.035857E-03 -3.352242E-04
200043  5.878183E-04 -9.278512E-04
200044 -2.636436E-04 -1.070240E-03
200045 -1.008116E-03 -4.376960E-04
200046 -8.893311E-04  6.375022E-04
200047  2.015382E-04  1.076530E-03
200048  1.086874E-03  1.797804E-04
200049  4.652697E-04 -1.004943E-03
200050 -9.008282E-04 -6.555248E-04
200051 -7.790032E-04  8.114479E-04
200052  7.409376E-04  8.508797E-04
200053  8.716951E-04 -7.036829E-04
200054 -7.146061E-04 -8.709816E-04
200055 -8.818099E-04  7.413916E-04
200056  7.457409E-04  8.843640E-04
200057  8.569350E-04 -7.491465E-04
200058 -7.737913E-04 -8.451323E-04
200059 -8.926165E-04  7.693914E-04
200060  6.869590E-04  9.641523E-04
200061  1.023064E-03 -5.518128E-04
200062 -3.759570E-04 -1.098971E-03
200063 -1.186022E-03  8.946025E-05
200064 -3.461792E-04  1.159744E-03
200065  8.781310E-04  8.266744E-04
200066  1.151089E-03 -3.037286E-04
200067  4.641156E-04 -1.088010E-03
200068 -4.444563E-04 -1.101829E-03
200069 -1.030673E-03 -6.144074E-04
200070 -1.210781E-03 -3.654224E-05
200071 -1.152199E-03  3.987358E-04
200072 -1.041988E-03  6.412092E-04
200073 -1.280989E-06 -1.289881E-03
200074  1.973961E-04 -1.273982E-03
200075  7.436214E-04 -1.049453E-03
200076  1.257262E-03 -2.379133E-04
200077  8.108606E-04  9.791237E-04
200078 -7.764345E-04  1.000507E-03
200079 -9.582200E-04 -8.187902E-04
200080  1.058453E-03 -6.628736E-04
200081  2.656987E-05  1.246507E-03
200082 -9.238165E-04 -8.136432E-04
200083  1.213404E-03  1.273519E-04
200084 -1.135100E-03  4.396404E-04
200085  9.289551E-04 -7.462445E-04
200086 -7.559585E-04  9.298137E-04
200087  6.426963E-04 -9.726197E-04
200088 -5.957084E-04  1.013999E-03
200089  5.902189E-04 -9.779073E-04
200090 -5.980763E-04  9.845444E-04
200091  6.042593E-04 -9.444258E-04
200092 -5.739237E-04  9.702898E-04
200093  4.994091E-04 -9.833564E-04
200094 -3.396455E-04  1.048512E-03
200095  7.771063E-05 -1.087071E-03
200096  3.084889E-04  1.029602E-03
200097 -7.542693E-04 -7.720665E-04
200098  1.052690E-03  1.400689E-04
200099 -8.343468E-04  6.254134E-04
200100 -7.593566E-05 -1.072450E-03
200101  9.941769E-04  2.986243E-04
200102 -5.008306E-04  8.775228E-04
200103 -9.106470E-04 -5.107233E-04
200104  2.461936E-04 -1.032491E-03
200105  1.004297E-03 -2.771987E-04
200106  8.464293E-04  5.605996E-04
200107  3.529011E-04  9.354183E-04
200108 -1.861404E-05  9.941978E-04
200109 -1.442140E-04  9.828486E-04
200110 -1.865686E-05  9.942418E-04
200111  3.528192E-04  9.355018E-04
200112  8.463145E-04  5.607139E-04
200113  1.004157E-03 -2.770653E-04
200114  2.460341E-04 -1.032352E-03
200115 -9.108221E-04 -5.105933E-04
200116 -5.010217E-04  8.776309E-04
200117  9.939651E-04  2.987000E-04
200118 -7.617603E-05 -1.072414E-03
200119 -8.346257E-04  6.254077E-04
200120  1.052363E-03  1.400227E-04
200121 -7.546520E-04 -7.721476E-04
200122  3.080475E-04  1.029495E-03
200123  7.721282E-05 -1.087194E-03
200124 -3.401919E-04  1.048385E-03
200125  4.988269E-04 -9.834776E-04
200126 -5.745249E-04  9.701843E-04
200127  6.036575E-04 -9.445085E-04
200128 -5.986600E-04  9.844893E-04
200129  5.896702E-04 -9.779326E-04
200130 -5.962081E-04  1.014003E-03
200131  6.422552E-04 -9.725869E-04
200132 -7.563352E-04  9.298716E-04
200133  9.286444E-04 -7.461656E-04
200134 -1.135347E-03  4.397359E-04
200135  1.213217E-03  1.274592E-04
200136 -9.239508E-04 -8.135288E-04
200137  2.648071E-05  1.246624E-03
200138  1.058401E-03 -6.627588E-04
200139 -9.582443E-04 -8.186819E-04
200140 -7.764390E-04  1.000604E-03
200141  8.108680E-04  9.792070E-04
200142  1.257274E-03 -2.378478E-04
200143  7.436329E-04 -1.049408E-03
200144  1.974029E-04 -1.273959E-03
200145 -7.002903E-04  1.141282E-03
200146 -9.592458E-04  9.345291E-04
200147 -1.344145E-03  4.618887E-05
200148 -5.284969E-04 -1.250591E-03
200149  1.279801E-03 -4.205929E-04
200150 -2.993186E-04  1.281114E-03
200151 -4.935479E-04 -1.227680E-03
200152  7.549771E-04  1.053278E-03
200153 -6.201550E-04 -1.133351E-03
200154  8.288811E-05  1.264066E-03
200155  7.411523E-04 -1.008320E-03
200156 -1.242856E-03 -1.644996E-05
200157  4.885382E-04  1.111052E-03
200158  9.164109E-04 -7.693008E-04
200159 -8.946431E-04 -7.779976E-04
200160 -6.914852E-04  9.378356E-04
200161  9.542067E-04  6.418320E-04
200162  5.957032E-04 -9.583114E-04
200163 -9.837965E-04 -5.042816E-04
200164 -3.593002E-04  1.046120E-03
200165  1.083601E-03  1.224525E-04
200166 -2.693026E-04 -1.026385E-03
200167 -7.537369E-04  7.422013E-04
200168  1.039453E-03  1.015317E-04
200169 -7.411084E-04 -7.325427E-04
200170  3.526230E-04  9.401406E-04
200171 -1.549238E-04 -1.026330E-03
200172  2.180851E-04  9.532357E-04
200173 -5.281226E-04 -8.692892E-04
200174  9.280348E-04  3.361381E-04
200175 -8.177319E-04  5.252730E-04
200176 -2.585560E-04 -9.456331E-04
200177  9.384590E-04 -2.802733E-04
200178  6.006593E-04  7.832898E-04
200179 -1.971533E-04  9.688424E-04
200180 -6.430480E-04  7.435524E-04
200181 -7.578710E-04  6.210111E-04
200182 -6.431148E-04  7.437004E-04
200183 -1.972610E-04  9.691268E-04
200184  6.005559E-04  7.836878E-04
200185  9.384126E-04 -2.797941E-04
200186 -2.584984E-04 -9.451120E-04
200187 -8.175411E-04  5.257930E-04
200188  9.283622E-04  3.366151E-04
200189 -5.276823E-04 -8.688911E-04
200190  2.185923E-04  9.535290E-04
200191 -1.544090E-04 -1.026155E-03
200192  3.530849E-04  9.401987E-04
200193 -7.407501E-04 -7.325895E-04
200194  1.039675E-03  1.014009E-04
200195 -7.536603E-04  7.420120E-04
200196 -2.693601E-04 -1.026607E-03
200197  1.083439E-03  1.222207E-04
200198 -3.595255E-04  1.045895E-03
200199 -9.840414E-04 -5.044870E-04
200200  5.954790E-04 -9.584924E-04
200201  9.540338E-04  6.416759E-04
200202 -6.915892E-04  9.377018E-04
200203 -8.946735E-04 -7.781132E-04
200204  9.164475E-04 -7.694018E-04
200205  4.886279E-04  1.110964E-03
200206 -1.242730E-03 -1.652670E-05
200207  7.412995E-04 -1.008383E-03
200208  8.304459E-05  1.264019E-03
200209 -6.199967E-04 -1.133381E-03
200210  7.551329E-04  1.053266E-03
200211 -4.933975E-04 -1.227676E-03
200212 -2.991770E-04  1.281129E-03
200213  1.279928E-03 -4.205718E-04
200214 -5.283909E-04 -1.250569E-03
200215 -1.344068E-03  4.620624E-05
200216 -9.592055E-04  9.345387E-04
200217  1.959042E-04  1.409108E-03
200218 -2.871014E-04  1.390041E-03
200219 -1.330123E-03  4.792324E-04
200220 -3.342400E-04 -1.376799E-03
200221  1.238151E-03  6.591155E-04
200222 -1.326381E-03 -3.687102E-04
200223  1.140103E-03  7.592167E-04
200224 -1.780315E-04 -1.334285E-03
200225 -1.209366E-03  5.277898E-04
200226  3.566973E-04  1.252611E-03
200227  1.246217E-03  2.595352E-04
200228  1.026977E-03 -7.027337E-04
200229  4.750776E-04 -1.128583E-03
200230  1.115224E-05 -1.208516E-03
200231 -2.960358E-04 -1.153765E-03
200232 -4.950654E-04 -1.059880E-03
200233 -6.460990E-04 -9.443086E-04
200234 -7.918911E-04 -7.854637E-04
200235 -9.434354E-04 -5.392899E-04
200236 -1.053659E-03 -1.522256E-04
200237 -9.808607E-04  3.889803E-04
200238 -5.086635E-04  9.219477E-04
200239  3.913017E-04  9.600406E-04
200240  1.004586E-03  3.087261E-05
200241  1.624346E-04 -9.866656E-04
200242 -9.863886E-04 -3.258616E-05
200243  4.296920E-04  8.448514E-04
200244  2.779179E-04 -9.447582E-04
200245 -5.995099E-04  7.222790E-04
200246  6.097852E-04 -7.219953E-04
200247 -2.970562E-04  9.093742E-04
200248 -4.190377E-04 -7.968225E-04
200249  9.133448E-04 -2.832960E-05
200250  1.099349E-04  9.739978E-04
200251 -7.702930E-04  5.927841E-04
200252 -9.384509E-04  2.307086E-05
200253 -9.082620E-04 -1.759005E-04
200254 -9.386936E-04  2.323331E-05
200255 -7.707018E-04  5.931040E-04
200256  1.094934E-04  9.744625E-04
200257  9.130267E-04 -2.774480E-05
200258 -4.190934E-04 -7.961569E-04
200259 -2.967624E-04  9.100670E-04
200260  6.104432E-04 -7.213371E-04
200261 -5.985466E-04  7.228421E-04
200262  2.790712E-04 -9.443378E-04
200263  4.308935E-04  8.451029E-04
200264 -9.852743E-04 -3.250554E-05
200265  1.633596E-04 -9.867366E-04
200266  1.005268E-03  3.068196E-05
200267  3.917371E-04  9.597661E-04
200268 -5.084357E-04  9.216213E-04
200269 -9.807747E-04  3.886260E-04
200270 -1.053639E-03 -1.525923E-04
200271 -9.434090E-04 -5.396612E-04
200272 -7.918049E-04 -7.858375E-04
200273 -6.459249E-04 -9.446871E-04
200274 -4.948042E-04 -1.060268E-03
200275 -2.957146E-04 -1.154167E-03
200276  1.148913E-05 -1.208932E-03
200277  4.753813E-04 -1.129006E-03
200278  1.027208E-03 -7.031495E-04
200279  1.246355E-03  2.591478E-04
200280  3.567454E-04  1.252275E-03
200281 -1.209383E-03  5.275212E-04
200282 -1.780805E-04 -1.334478E-03
200283  1.140056E-03  7.590935E-04
200284 -1.326403E-03 -3.687775E-04
200285  1.238161E-03  6.590856E-04
200286 -3.342073E-04 -1.376808E-03
200287 -1.330085E-03  4.792315E-04
200288 -2.870767E-04  1.390042E-03
200289 -1.502325E-03  9.758554E-05
200290 -1.395030E-03 -5.448080E-04
200291  1.689952E-04 -1.465236E-03
200292  1.111720E-03  9.587807E-04
200293 -1.250710E-03 -7.368849E-04
200294  6.307226E-04  1.284532E-03
200295  1.044475E-03 -9.524546E-04
200296 -5.269998E-04 -1.270776E-03
200297 -1.174707E-03 -6.418494E-04
200298 -1.248877E-03 -3.905111E-04
200299 -1.114204E-03 -6.285994E-04
200300 -6.135555E-04 -1.086627E-03
200301  3.467527E-04 -1.166323E-03
200302  1.138460E-03 -3.424764E-04
200303  7.938277E-04  8.449758E-04
200304 -4.599733E-04  1.034466E-03
200305 -1.119174E-03 -1.910826E-05
200306 -4.864508E-04 -9.934415E-04
200307  5.510707E-04 -9.260866E-04
200308  1.033286E-03 -1.896734E-04
200309  9.211038E-04  4.756807E-04
200310  6.438501E-04  7.988283E-04
200311  5.158233E-04  8.656307E-04
200312  6.340955E-04  7.457887E-04
200313  8.931041E-04  3.239760E-04
200314  8.144844E-04 -4.890402E-04
200315 -1.921217E-04 -9.395847E-04
200316 -8.689586E-04  2.559812E-04
200317  6.890384E-04  5.947724E-04
200318 -2.294754E-04 -8.552084E-04
200319  1.159946E-04  9.279791E-04
200320 -4.463950E-04 -7.233861E-04
200321  8.327070E-04  2.481451E-04
200322 -4.079624E-04  8.317388E-04
200323 -8.956653E-04 -1.256974E-04
200324 -5.494025E-04 -7.135318E-04
200325 -3.511823E-04 -8.326317E-04
200326 -5.498669E-04 -7.135453E-04
200327 -8.964684E-04 -1.257004E-04
200328 -4.088844E-04  8.317858E-04
200329  8.319235E-04  2.482808E-04
200330 -4.468128E-04 -7.231427E-04
200331  1.160792E-04  9.283150E-04
200332 -2.288763E-04 -8.548300E-04
200333  6.900428E-04  5.951230E-04
200334 -8.677404E-04  2.562377E-04
200335 -1.909031E-04 -9.394626E-04
200336  8.155270E-04 -4.890578E-04
200337  8.938692E-04  3.238411E-04
200338  6.345652E-04  7.455695E-04
200339  5.160463E-04  8.653544E-04
200340  6.439118E-04  7.985082E-04
200341  9.210985E-04  4.753189E-04
200342  1.033297E-03 -1.900774E-04
200343  5.511616E-04 -9.265289E-04
200344 -4.862441E-04 -9.939132E-04
200345 -1.118847E-03 -1.960010E-05
200346 -4.595568E-04  1.033957E-03
200347  7.942694E-04  8.444450E-04
200348  1.138842E-03 -3.430342E-04
200349  3.469887E-04 -1.166902E-03
200350 -6.135232E-04 -1.087201E-03
200351 -1.114387E-03 -6.291235E-04
200352 -1.249235E-03 -3.909321E-04
200353 -1.175158E-03 -6.421276E-04
200354 -5.274509E-04 -1.270902E-03
200355  1.044105E-03 -9.524529E-04
200356  6.304783E-04  1.284612E-03
200357 -1.250826E-03 -7.367802E-04
200358  1.111701E-03  9.588710E-04
200359  1.690230E-04 -1.465177E-03
200360 -1.395002E-03 -5.447810E-04
200361  5.564494E-04  1.448644E-03
200362 -2.591027E-04  1.536349E-03
200363 -1.520690E-03 -2.765536E-04
200364  1.423589E-03 -4.642745E-04
200365 -1.486592E-03 -2.233959E-04
200366  4.695273E-05  1.462942E-03
200367  1.182498E-03  8.000218E-04
200368  1.294722E-03  5.309382E-04
200369  9.243399E-04  1.002574E-03
200370 -3.130736E-04  1.282229E-03
200371 -1.271116E-03 -1.363347E-04
200372  4.084398E-04 -1.176869E-03
200373  8.435169E-04  8.993108E-04
200374 -1.182754E-03  1.238807E-04
200375  7.246349E-04 -8.861829E-04
200376  7.703047E-05  1.113752E-03
200377 -8.305615E-04 -7.271030E-04
200378  1.048890E-03 -1.966452E-04
200379 -3.820394E-04  9.508595E-04
200380 -7.588245E-04 -6.774154E-04
200381  7.312376E-04 -6.647246E-04
200382  7.797881E-04  6.000632E-04
200383 -1.233753E-04  9.698393E-04
200384 -6.911083E-04  6.558851E-04
200385 -8.341799E-04  4.027388E-04
200386 -7.598034E-04  4.759643E-04
200387 -3.531197E-04  7.855306E-04
200388  5.391437E-04  6.823800E-04
200389  7.313342E-04 -5.073018E-04
200390 -7.657401E-04 -3.688017E-04
200391  4.300788E-04  7.778933E-04
200392 -4.761904E-04 -6.748093E-04
200393  7.118883E-04  4.061066E-04
200394 -6.949579E-04  4.640402E-04
200395 -5.704541E-04 -7.176063E-04
200396  1.291202E-04 -1.001365E-03
200397  3.753713E-04 -9.619919E-04
200398  1.286259E-04 -1.001593E-03
200399 -5.713210E-04 -7.180215E-04
200400 -6.959791E-04  4.635169E-04
200401  7.109760E-04  4.055841E-04
200402 -4.767570E-04 -6.752258E-04
200403  4.299950E-04  7.776420E-04
200404 -7.653484E-04 -3.688991E-04
200405  7.320542E-04 -5.073141E-04
200406  5.399626E-04  6.823702E-04
200407 -3.524266E-04  7.854712E-04
200408 -7.593789E-04  4.758528E-04
200409 -8.340496E-04  4.026059E-04
200410 -6.911984E-04  6.557603E-04
200411 -1.235649E-04  9.697240E-04
200412  7.796100E-04  5.999271E-04
200413  7.311392E-04 -6.649228E-04
200414 -7.588191E-04 -6.776999E-04
200415 -3.819305E-04  9.504997E-04
200416  1.049096E-03 -1.970395E-04
200417 -8.302664E-04 -7.274854E-04
200418  7.738818E-05  1.113405E-03
200419  7.249965E-04 -8.865071E-04
200420 -1.182480E-03  1.235428E-04
200421  8.436062E-04  8.989312E-04
200422  4.082772E-04 -1.177277E-03
200423 -1.271532E-03 -1.367061E-04
200424 -3.136707E-04  1.281988E-03
200425  9.236872E-04  1.002539E-03
200426  1.294149E-03  5.311253E-04
200427  1.182107E-03  8.003723E-04
200428  4.677794E-05  1.463349E-03
200429 -1.486582E-03 -2.230382E-04
200430  1.423708E-03 -4.640273E-04
200431 -1.520552E-03 -2.764207E-04
200432 -2.590149E-04  1.536400E-03
200433 -1.166068E-03  1.074214E-03
200434 -1.566317E-03  1.806297E-04
200435  3.042788E-04 -1.523740E-03
200436 -2.151749E-04  1.536129E-03
200437  1.405441E-03 -5.287247E-04
200438  2.534751E-04 -1.452036E-03
200439  1.216145E-04 -1.439889E-03
200440  1.030253E-03 -9.547152E-04
200441  1.032768E-03  8.731723E-04
200442 -1.216411E-03  4.871706E-04
200443  6.880163E-04 -1.097855E-03
200444 -3.675225E-04  1.184327E-03
200445  3.918140E-04 -1.126511E-03
200446 -5.864863E-04  1.021446E-03
200447  8.265637E-04 -7.578156E-04
200448 -9.871320E-04  4.781406E-04
200449  1.045597E-03 -2.133458E-04
200450 -1.032626E-03  7.169311E-05
200451  9.965692E-04 -1.518301E-04
200452 -8.921889E-04  4.096147E-04
200453  4.932557E-04 -8.276548E-04
200454  3.499710E-04  8.760480E-04
200455 -9.155368E-04  1.116813E-04
200456 -2.238033E-04 -8.603840E-04
200457  5.930132E-04 -6.463921E-04
200458  8.275318E-04 -2.806651E-04
200459  8.290916E-04 -2.845366E-04
200460  5.951718E-04 -6.501661E-04
200461 -2.461952E-04 -8.025858E-04
200462 -7.607636E-04  3.368644E-04
200463  6.823741E-04  4.527144E-04
200464 -5.953634E-04 -5.669112E-04
200465  6.455144E-04  4.096047E-04
200466 -7.479529E-04  1.966465E-04
200467 -1.998905E-04 -9.535322E-04
200468  6.007603E-04 -9.411270E-04
200469  8.112853E-04 -7.960261E-04
200470  6.004789E-04 -9.413387E-04
200471 -2.003999E-04 -9.539777E-04
200472 -7.485787E-04  1.959811E-04
200473  6.449319E-04  4.088182E-04
200474 -5.957386E-04 -5.676586E-04
200475  6.823079E-04  4.521425E-04
200476 -7.605364E-04  3.365051E-04
200477 -2.458123E-04 -8.027972E-04
200478  5.955078E-04 -6.503284E-04
200479  8.292079E-04 -2.847049E-04
200480  8.273661E-04 -2.808221E-04
200481  5.926351E-04 -6.464805E-04
200482 -2.242389E-04 -8.603667E-04
200483 -9.158739E-04  1.117813E-04
200484  3.498172E-04  8.761531E-04
200485  4.932750E-04 -8.276338E-04
200486 -8.920720E-04  4.095038E-04
200487  9.967028E-04 -1.520487E-04
200488 -1.032512E-03  7.145164E-05
200489  1.045708E-03 -2.135128E-04
200490 -9.869885E-04  4.780998E-04
200491  8.267413E-04 -7.577563E-04
200492 -5.863303E-04  1.021518E-03
200493  3.918552E-04 -1.126517E-03
200494 -3.676729E-04  1.184217E-03
200495  6.876641E-04 -1.097996E-03
200496 -1.216892E-03  4.871372E-04
200497  1.032292E-03  8.733725E-04
200498  1.029921E-03 -9.542478E-04
200499  1.215153E-04 -1.439242E-03
200500  2.536125E-04 -1.451376E-03
200501  1.405735E-03 -5.282060E-04
200502 -2.148437E-04  1.536435E-03
200503  3.045439E-04 -1.523617E-03
200504 -1.566175E-03  1.806564E-04
200505  1.260496E-03  1.000138E-03
200506  3.041999E-04  1.559651E-03
200507 -1.442548E-03 -5.695040E-04
200508  1.203687E-03  9.987595E-04
200509  1.011209E-03 -1.128323E-03
200510  4.802116E-04 -1.384578E-03
200511  1.178964E-03 -7.890561E-04
200512  7.853156E-04  1.142721E-03
200513 -1.351700E-03 -1.797489E-04
200514  1.302679E-03 -1.154594E-04
200515 -1.224770E-03 -2.998045E-04
200516  7.473792E-04  9.574761E-04
200517  3.459661E-04 -1.123745E-03
200518 -1.130080E-03  1.667985E-04
200519  5.359264E-04  9.698639E-04
200520  6.878920E-04 -8.145732E-04
200521 -9.986514E-04 -2.373713E-04
200522  3.653492E-04  9.423115E-04
200523  3.574423E-04 -9.074452E-04
200524 -7.218780E-04  6.194076E-04
200525  7.811318E-04 -5.107455E-04
200526 -6.371154E-04  6.316435E-04
200527  1.345801E-04 -8.798446E-04
200528  6.993485E-04  5.226171E-04
200529 -5.098829E-04  7.030360E-04
200530 -8.405423E-04 -8.318194E-05
200531 -6.726622E-04 -4.799978E-04
200532 -6.793267E-04 -4.354473E-04
200533 -7.731497E-04  8.902883E-05
200534 -1.221928E-04  7.909654E-04
200535  7.412732E-04 -1.152527E-04
200536 -7.856342E-04 -2.760032E-04
200537  6.795759E-04  2.288118E-04
200538 -6.921409E-04  2.275867E-04
200539 -1.002593E-04 -9.310527E-04
200540  7.389562E-04 -8.392032E-04
200541  9.401446E-04 -6.617344E-04
200542  7.389288E-04 -8.391077E-04
200543 -1.003394E-04 -9.310387E-04
200544 -6.922858E-04  2.273396E-04
200545  6.794017E-04  2.282952E-04
200546 -7.857631E-04 -2.766171E-04
200547  7.412546E-04 -1.157603E-04
200548 -1.221006E-04  7.906445E-04
200549 -7.730298E-04  8.882671E-05
200550 -6.793085E-04 -4.356456E-04
200551 -6.728429E-04 -4.802375E-04
200552 -8.409187E-04 -8.340725E-05
200553 -5.103436E-04  7.029227E-04
200554  6.989642E-04  5.226715E-04
200555  1.343973E-04 -8.796526E-04
200556 -6.370687E-04  6.318721E-04
200557  7.813296E-04 -5.105964E-04
200558 -7.216681E-04  6.194104E-04
200559  3.575423E-04 -9.075653E-04
200560  3.653038E-04  9.421740E-04
200561 -9.987753E-04 -2.373958E-04
200562  6.878043E-04 -8.144076E-04
200563  5.359507E-04  9.701921E-04
200564 -1.129961E-03  1.671678E-04
200565  3.460855E-04 -1.123477E-03
200566  7.474001E-04  9.575745E-04
200567 -1.224885E-03 -2.998161E-04
200568  1.302474E-03 -1.154185E-04
200569 -1.351887E-03 -1.794909E-04
200570  7.852728E-04  1.143252E-03
200571  1.179146E-03 -7.883505E-04
200572  4.806038E-04 -1.383892E-03
200573  1.011697E-03 -1.127832E-03
200574  1.204119E-03  9.989908E-04
200575 -1.442269E-03 -5.694686E-04
200576  3.043220E-04  1.559620E-03
200577 -1.142332E-03  1.055359E-03
200578 -1.547021E-03 -7.013983E-05
200579  1.124479E-03 -1.123653E-03
200580 -1.483023E-03  2.246045E-04
200581 -4.067831E-04  1.440845E-03
200582 -5.821630E-04  1.353290E-03
200583 -1.425181E-03 -8.917929E-05
200584  8.643912E-04 -1.039022E-03
200585 -7.116773E-04  1.126907E-03
200586  1.127973E-03 -6.119307E-04
200587 -1.046405E-03 -6.529328E-04
200588 -4.836607E-04  1.083403E-03
200589  9.636923E-04  6.044181E-04
200590  8.321619E-04 -7.238528E-04
200591 -3.516205E-04 -1.017066E-03
200592 -1.027826E-03 -2.184753E-05
200593 -2.580714E-04  9.727743E-04
200594  9.188445E-04  3.430173E-04
200595  1.684574E-04 -9.174976E-04
200596 -8.897044E-04  2.561557E-04
200597  7.960629E-04  4.011968E-04
200598 -5.843816E-04 -6.648435E-04
200599  6.376152E-04  5.657121E-04
200600 -8.269834E-04 -1.380010E-04
200601  4.826398E-04 -6.440359E-04
200602  6.699949E-04  4.493856E-04
200603  7.328121E-05  7.993003E-04
200604 -1.444999E-04  7.603205E-04
200605  1.249466E-04  7.520888E-04
200606  6.999973E-04  3.284408E-04
200607  2.487043E-04 -6.983692E-04
200608 -7.551547E-04  3.094697E-04
200609  6.468951E-04 -2.285697E-04
200610 -4.601198E-04  5.317311E-04
200611 -3.536152E-04 -7.012503E-04
200612  5.163570E-04 -8.484372E-04
200613  7.811290E-04 -7.171142E-04
200614  5.164144E-04 -8.479545E-04
200615 -3.535485E-04 -7.006462E-04
200616 -4.600930E-04  5.320525E-04
200617  6.468702E-04 -2.286587E-04
200618 -7.552082E-04  3.091505E-04
200619  2.486540E-04 -6.986613E-04
200620  6.999643E-04  3.282750E-04
200621  1.249083E-04  7.519597E-04
200622 -1.445950E-04  7.600992E-04
200623  7.309363E-05  7.989671E-04
200624  6.697405E-04  4.490432E-04
200625  4.824033E-04 -6.442589E-04
200626 -8.271099E-04 -1.380416E-04
200627  6.376471E-04  5.658283E-04
200628 -5.842081E-04 -6.646563E-04
200629  7.962994E-04  4.013522E-04
200630 -8.895242E-04  2.562052E-04
200631  1.684739E-04 -9.175580E-04
200632  9.186750E-04  3.429256E-04
200633 -2.583293E-04  9.727728E-04
200634 -1.028008E-03 -2.167032E-05
200635 -3.516124E-04 -1.016717E-03
200636  8.323493E-04 -7.234380E-04
200637  9.639440E-04  6.047543E-04
200638 -4.834693E-04  1.083571E-03
200639 -1.046332E-03 -6.529044E-04
200640  1.127947E-03 -6.119008E-04
200641 -7.117272E-04  1.127098E-03
200642  8.644263E-04 -1.038608E-03
200643 -1.424959E-03 -8.862419E-05
200644 -5.817400E-04  1.353813E-03
200645 -4.062831E-04  1.441185E-03
200646 -1.482635E-03  2.247155E-04
200647  1.124658E-03 -1.123699E-03
200648 -1.546988E-03 -7.021192E-05
200649  5.707282E-04  1.421115E-03
200650 -6.591997E-04  1.374333E-03
200651 -3.639340E-04 -1.499202E-03
200652 -8.376691E-04  1.204658E-03
200653  3.374245E-04  1.426243E-03
200654 -3.765268E-04  1.380479E-03
200655 -1.292982E-03 -4.784826E-04
200656  1.316569E-03 -1.361217E-04
200657 -1.253838E-03 -3.182025E-04
200658  3.308346E-04  1.204033E-03
200659  1.174956E-03 -2.767273E-04
200660  2.194088E-04 -1.126623E-03
200661 -7.035364E-04 -8.710493E-04
200662 -1.064309E-03 -2.277510E-04
200663 -9.479032E-04  4.133138E-04
200664 -4.612045E-04  8.751626E-04
200665  2.832179E-04  9.298705E-04
200666  8.946642E-04  3.083861E-04
200667  5.676475E-04 -6.981009E-04
200668 -6.772107E-04 -5.713036E-04
200669 -3.171037E-04  8.035817E-04
200670  7.906612E-04 -3.293142E-04
200671 -8.197827E-04  1.815516E-05
200672  7.933983E-04 -1.703759E-04
200673 -4.906764E-04  6.409604E-04
200674 -4.819874E-04 -6.065570E-04
200675  4.194690E-04 -6.207240E-04
200676  7.073300E-04 -2.764076E-04
200677  6.959052E-04 -3.275697E-04
200678  2.986956E-04 -6.952366E-04
200679 -6.433733E-04 -3.600371E-04
200680  1.674054E-05  7.279335E-04
200681  5.679188E-05 -7.107761E-04
200682  2.073435E-04  6.572429E-04
200683 -6.585218E-04 -4.304647E-05
200684 -1.595046E-04 -7.173840E-04
200685  1.391352E-04 -7.921547E-04
200686 -1.595473E-04 -7.166895E-04
200687 -6.586120E-04 -4.213919E-05
200688  2.072250E-04  6.578357E-04
200689  5.667953E-05 -7.106608E-04
200690  1.664329E-05  7.277823E-04
200691 -6.434713E-04 -3.601772E-04
200692  2.985947E-04 -6.952916E-04
200693  6.958162E-04 -3.276713E-04
200694  7.072558E-04 -2.766899E-04
200695  4.194056E-04 -6.211623E-04
200696 -4.820195E-04 -6.070012E-04
200697 -4.906425E-04  6.406413E-04
200698  7.935013E-04 -1.705355E-04
200699 -8.196441E-04  1.812635E-05
200700  7.908049E-04 -3.292528E-04
200701 -3.169702E-04  8.036852E-04
200702 -6.771245E-04 -5.712206E-04
200703  5.676191E-04 -6.980862E-04
200704  8.944949E-04  3.083443E-04
200705  2.829967E-04  9.298461E-04
200706 -4.613089E-04  8.752363E-04
200707 -9.477781E-04  4.135106E-04
200708 -1.063996E-03 -2.274806E-04
200709 -7.031900E-04 -8.707987E-04
200710  2.196541E-04 -1.126470E-03
200711  1.175059E-03 -2.766785E-04
200712  3.308196E-04  1.204057E-03
200713 -1.253929E-03 -3.180957E-04
200714  1.316486E-03 -1.358849E-04
200715 -1.292920E-03 -4.781656E-04
200716 -3.762390E-04  1.380770E-03
200717  3.378284E-04  1.426419E-03
200718 -8.373870E-04  1.204689E-03
200719 -3.638952E-04 -1.499270E-03
200720 -6.592784E-04  1.374260E-03
200721 -1.526248E-03  7.848525E-05
200722 -1.076080E-03 -1.075084E-03
200723  1.432350E-03  2.374547E-04
200724 -5.501083E-04 -1.364760E-03
200725 -1.199038E-03 -7.329446E-04
200726 -4.157498E-04 -1.304701E-03
200727  1.337925E-03  5.015791E-05
200728 -1.285973E-03  1.959849E-04
200729  1.067090E-03  6.454497E-04
200730  4.596670E-04 -1.112700E-03
200731 -8.123920E-04 -7.963149E-04
200732 -1.114181E-03 -2.017674E-06
200733 -9.800079E-04  4.787408E-04
200734 -7.726839E-04  7.022176E-04
200735 -5.613639E-04  8.181465E-04
200736 -3.109545E-04  9.021994E-04
200737  4.409558E-05  9.310949E-04
200738  5.212562E-04  7.475913E-04
200739  8.727069E-04  1.191145E-04
200740  4.357232E-04 -7.299821E-04
200741 -7.082789E-04 -4.379622E-04
200742 -1.134262E-04  8.063943E-04
200743  5.871115E-04 -5.553908E-04
200744 -6.432839E-04  4.373141E-04
200745  3.959213E-04 -6.552142E-04
200746  3.336616E-04  6.827699E-04
200747 -6.434233E-04  4.008070E-04
200748 -7.063529E-04 -1.982148E-04
200749 -6.457716E-04 -3.045205E-04
200750 -6.882644E-04  8.542044E-05
200751 -1.017717E-04  6.968026E-04
200752  6.553964E-04 -2.012465E-04
200753 -7.354159E-04 -4.675359E-05
200754  6.175610E-04 -2.362763E-04
200755 -2.915696E-05  6.770293E-04
200756 -5.901335E-04  2.138189E-04
200757 -6.043390E-04 -5.390203E-05
200758 -5.903232E-04  2.144700E-04
200759 -2.948115E-05  6.778391E-04
200760  6.172267E-04 -2.358014E-04
200761 -7.356420E-04 -4.670623E-05
200762  6.552825E-04 -2.013836E-04
200763 -1.018556E-04  6.967212E-04
200764 -6.883573E-04  8.540188E-05
200765 -6.458371E-04 -3.046515E-04
200766 -7.063604E-04 -1.985822E-04
200767 -6.433762E-04  4.002867E-04
200768  3.337722E-04  6.822944E-04
200769  3.961055E-04 -6.555353E-04
200770 -6.430768E-04  4.371156E-04
200771  5.872502E-04 -5.555220E-04
200772 -1.133829E-04  8.063411E-04
200773 -7.082676E-04 -4.379067E-04
200774  4.357540E-04 -7.298500E-04
200775  8.727179E-04  1.192343E-04
200776  5.211928E-04  7.476345E-04
200777  4.401474E-05  9.310742E-04
200778 -3.108978E-04  9.021738E-04
200779 -5.610797E-04  8.181639E-04
200780 -7.722657E-04  7.022901E-04
200781 -9.796552E-04  4.788464E-04
200782 -1.114016E-03 -1.921419E-06
200783 -8.123869E-04 -7.962575E-04
200784  4.595790E-04 -1.112667E-03
200785  1.066920E-03  6.454993E-04
200786 -1.286195E-03  1.960654E-04
200787  1.337798E-03  5.025082E-05
200788 -4.156303E-04 -1.304615E-03
200789 -1.198747E-03 -7.328826E-04
200790 -5.499259E-04 -1.364748E-03
200791  1.432267E-03  2.374076E-04
200792 -1.076257E-03 -1.075141E-03
200793  1.421739E-04  1.413919E-03
200794 -9.930579E-04  1.054836E-03
200795  1.660717E-04 -1.419194E-03
200796 -1.304546E-03  4.838984E-04
200797 -7.817629E-04  1.089916E-03
200798 -1.295190E-03  1.840625E-04
200799  4.193233E-04 -1.209789E-03
200800 -3.654096E-04  1.181364E-03
200801  1.095667E-03 -5.022004E-04
200802 -4.366265E-04 -1.063739E-03
200803 -1.075471E-03 -1.998322E-04
200804 -1.007822E-03  3.833733E-04
200805 -8.753826E-04  5.829715E-04
200806 -8.123106E-04  5.971475E-04
200807 -7.869789E-04  5.537961E-04
200808 -7.561333E-04  5.360564E-04
200809 -6.719711E-04  6.019395E-04
200810 -4.469607E-04  7.562992E-04
200811  3.756695E-05  8.532019E-04
200812  6.799318E-04  4.861156E-04
200813  6.341723E-04 -5.003526E-04
200814 -5.928224E-04 -5.158308E-04
200815 -4.715580E-05  7.715843E-04
200816  3.164324E-04 -6.964385E-04
200817 -1.630653E-04  7.180779E-04
200818 -4.061385E-04 -6.051993E-04
200819  6.319095E-04 -3.291522E-04
200820  6.083443E-04  3.567598E-04
200821  4.757910E-04  5.158977E-04
200822  6.485258E-04  2.762118E-04
200823  5.144873E-04 -4.641950E-04
200824 -6.031120E-04 -2.987956E-04
200825  3.977312E-04  5.302665E-04
200826 -5.958083E-04 -3.693863E-04
200827  5.437773E-04 -3.647278E-04
200828  5.342946E-04  3.949509E-04
200829  3.460176E-04  5.727411E-04
200830  5.340400E-04  3.954034E-04
200831  5.433459E-04 -3.642423E-04
200832 -5.962306E-04 -3.692143E-04
200833  3.974961E-04  5.301571E-04
200834 -6.031673E-04 -2.989501E-04
200835  5.144645E-04 -4.642535E-04
200836  6.484691E-04  2.761818E-04
200837  4.757657E-04  5.157065E-04
200838  6.083943E-04  3.563084E-04
200839  6.320028E-04 -3.297257E-04
200840 -4.060098E-04 -6.056495E-04
200841 -1.628758E-04  7.178379E-04
200842  3.166341E-04 -6.965815E-04
200843 -4.705608E-05  7.714332E-04
200844 -5.928515E-04 -5.159445E-04
200845  6.341277E-04 -5.003218E-04
200846  6.799760E-04  4.862995E-04
200847  3.766406E-05  8.534241E-04
200848 -4.469018E-04  7.564369E-04
200849 -6.719211E-04  6.019583E-04
200850 -7.559437E-04  5.359934E-04
200851 -7.865803E-04  5.537022E-04
200852 -8.118498E-04  5.970694E-04
200853 -8.751024E-04  5.829411E-04
200854 -1.007813E-03  3.833854E-04
200855 -1.075608E-03 -1.998073E-04
200856 -4.367690E-04 -1.063716E-03
200857  1.095497E-03 -5.021866E-04
200858 -3.656681E-04  1.181343E-03
200859  4.190933E-04 -1.209852E-03
200860 -1.295191E-03  1.840088E-04
200861 -7.815653E-04  1.089923E-03
200862 -1.304444E-03  4.839230E-04
200863  1.659025E-04 -1.419223E-03
200864 -9.933000E-04  1.054778E-03
200865 -7.516797E-04  1.169782E-03
200866 -1.379619E-03  2.253886E-04
200867  9.281997E-04 -9.414470E-04
200868 -1.299217E-03 -3.749787E-04
200869 -1.228770E-03  4.005970E-04
200870 -1.114427E-03 -5.674237E-04
200871  9.848536E-04 -7.258547E-04
200872 -9.387054E-04  7.235519E-04
200873  1.126824E-03  2.137952E-04
200874  3.022173E-04 -1.078589E-03
200875 -6.409863E-04 -8.361940E-04
200876 -9.341750E-04 -4.284857E-04
200877 -9.657608E-04 -2.784776E-04
200878 -9.139816E-04 -3.171556E-04
200879 -8.248037E-04 -4.237201E-04
200880 -7.421929E-04 -5.063250E-04
200881 -7.183988E-04 -5.086087E-04
200882 -7.743450E-04 -3.767742E-04
200883 -8.298354E-04 -2.482084E-05
200884 -5.917946E-04  5.403140E-04
200885  2.465294E-04  7.555911E-04
200886  7.224052E-04 -2.394593E-04
200887 -5.695830E-04 -4.889927E-04
200888  2.422185E-04  6.887853E-04
200889 -2.756317E-04 -6.717795E-04
200890  6.413230E-04  3.207732E-04
200891 -4.496698E-04  5.303939E-04
200892 -6.723427E-04 -1.716702E-04
200893 -5.433247E-04 -4.140689E-04
200894 -6.321466E-04 -2.122567E-04
200895 -4.779261E-04  4.631994E-04
200896  5.760465E-04  3.529916E-04
200897 -3.234580E-04 -5.730536E-04
200898  4.531825E-04  4.389640E-04
200899 -6.403401E-04  2.015652E-04
200900 -4.316648E-04 -5.171082E-04
200901 -1.929596E-04 -6.370699E-04
200902 -4.318727E-04 -5.168616E-04
200903 -6.407089E-04  2.017331E-04
200904  4.528251E-04  4.388813E-04
200905 -3.236133E-04 -5.732392E-04
200906  5.760759E-04  3.528764E-04
200907 -4.778983E-04  4.631589E-04
200908 -6.321906E-04 -2.123331E-04
200909 -5.433312E-04 -4.143330E-04
200910 -6.722551E-04 -1.721913E-04
200911 -4.495689E-04  5.297816E-04
200912  6.413960E-04  3.203551E-04
200913 -2.755272E-04 -6.719204E-04
200914  2.423552E-04  6.887415E-04
200915 -5.695182E-04 -4.891039E-04
200916  7.223616E-04 -2.395840E-04
200917  2.464958E-04  7.556142E-04
200918 -5.917047E-04  5.405305E-04
200919 -8.296691E-04 -2.453512E-05
200920 -7.742176E-04 -3.765724E-04
200921 -7.182903E-04 -5.085442E-04
200922 -7.419489E-04 -5.063708E-04
200923 -8.243654E-04 -4.238373E-04
200924 -9.135375E-04 -3.172999E-04
200925 -9.655872E-04 -2.786005E-04
200926 -9.343274E-04 -4.285705E-04
200927 -6.412370E-04 -8.362485E-04
200928  3.020822E-04 -1.078609E-03
200929  1.126747E-03  2.137945E-04
200930 -9.388881E-04  7.234993E-04
200931  9.846251E-04 -7.259907E-04
200932 -1.114483E-03 -5.675477E-04
200933 -1.228646E-03  4.005848E-04
200934 -1.299181E-03 -3.749410E-04
200935  9.279842E-04 -9.414860E-04
200936 -1.379882E-03  2.253017E-04
200937 -3.208898E-05 -1.258136E-03
200938  9.186426E-04 -8.410929E-04
200939 -2.842024E-04  1.236941E-03
200940  1.115036E-03 -5.294032E-04
200941  5.442098E-04 -1.101864E-03
200942  1.100833E-03 -4.696290E-04
200943  7.053257E-05  1.169848E-03
200944 -2.419767E-04 -1.127239E-03
200945 -5.887016E-04  9.021118E-04
200946  9.315877E-04  5.327224E-04
200947  9.349452E-04 -4.521820E-04
200948  5.481695E-04 -8.245736E-04
200949  3.634183E-04 -8.861333E-04
200950  3.805247E-04 -8.454976E-04
200951  4.790622E-04 -7.586328E-04
200952  5.547489E-04 -6.678768E-04
200953  5.550978E-04 -6.335150E-04
200954  4.481446E-04 -6.944979E-04
200955  1.587167E-04 -7.986410E-04
200956 -3.717930E-04 -6.896401E-04
200957 -7.569359E-04  2.411972E-05
200958 -1.673081E-05  7.570133E-04
200959  6.520200E-04 -2.975833E-04
200960 -7.075368E-04 -1.044900E-04
200961  7.050199E-04  9.265007E-05
200962 -5.940413E-04  3.122256E-04
200963 -1.159107E-04 -6.697910E-04
200964  5.575158E-04 -3.694307E-04
200965  6.479349E-04 -7.544424E-05
200966  5.996342E-04 -2.380657E-04
200967  1.003246E-04 -6.247102E-04
200968 -6.278107E-04  6.837773E-05
200969  5.825207E-04  2.739365E-04
200970 -6.327879E-04 -1.265632E-04
200971  3.711158E-04 -5.133670E-04
200972  5.706065E-04  1.894751E-04
200973  4.372009E-04  4.099826E-04
200974  5.705073E-04  1.895979E-04
200975  3.709042E-04 -5.133811E-04
200976 -6.330088E-04 -1.267503E-04
200977  5.824560E-04  2.737976E-04
200978 -6.277284E-04  6.835870E-05
200979  1.003673E-04 -6.247453E-04
200980  5.995761E-04 -2.382225E-04
200981  6.479289E-04 -7.578544E-05
200982  5.576384E-04 -3.699982E-04
200983 -1.157929E-04 -6.704321E-04
200984 -5.940252E-04  3.118166E-04
200985  7.050181E-04  9.257403E-05
200986 -7.074840E-04 -1.044471E-04
200987  6.520614E-04 -2.976356E-04
200988 -1.675160E-05  7.569063E-04
200989 -7.569317E-04  2.414228E-05
200990 -3.716708E-04 -6.894186E-04
200991  1.589007E-04 -7.983424E-04
200992  4.482738E-04 -6.942805E-04
200993  5.551972E-04 -6.334250E-04
200994  5.549808E-04 -6.678811E-04
200995  4.794810E-04 -7.587099E-04
200996  3.809178E-04 -8.456328E-04
200997  3.634925E-04 -8.862969E-04
200998  5.479024E-04 -8.247462E-04
200999  9.346418E-04 -4.523352E-04
201000  9.315084E-04  5.326518E-04
201001 -5.886536E-04  9.021281E-04
201002 -2.420438E-04 -1.127255E-03
201003  7.036237E-05  1.169715E-03
201004  1.100771E-03 -4.697723E-04
201005  5.442792E-04 -1.101880E-03
201006  1.115015E-03 -5.293678E-04
201007 -2.844278E-04  1.236869E-03
201008  9.184006E-04 -8.412227E-04
201009 -1.007327E-03  7.369071E-04
201010 -1.206058E-03 -2.145983E-04
201011  1.016307E-03 -5.866288E-04
201012 -1.143594E-03 -3.973261E-04
201013 -1.023822E-03  5.631175E-04
201014 -1.138127E-03  1.032649E-05
201015  1.775253E-04 -1.086538E-03
201016  1.802780E-04  1.044129E-03
201017  4.122188E-04 -9.887496E-04
201018 -9.869589E-04 -1.833842E-04
201019 -5.229015E-04  8.309702E-04
201020  1.114497E-04  9.445020E-04
201021  4.022747E-04  8.235817E-04
201022  4.789969E-04  7.593111E-04
201023  4.581507E-04  7.540689E-04
201024  4.148343E-04  7.500965E-04
201025  4.224132E-04  7.042063E-04
201026  5.355373E-04  5.752012E-04
201027  7.193703E-04  2.757790E-04
201028  7.145161E-04 -2.766933E-04
201029  7.195821E-05 -7.330042E-04
201030 -7.229964E-04 -7.106015E-05
201031  2.326581E-04  6.747936E-04
201032  1.542460E-04 -6.748204E-04
201033 -1.410262E-04  6.610721E-04
201034 -2.391979E-04 -6.228203E-04
201035  6.706720E-04 -6.378521E-05
201036  3.017936E-04  5.744309E-04
201037 -3.433901E-06  6.418011E-04
201038  1.589722E-04  6.225434E-04
201039  6.031793E-04  1.916489E-04
201040  4.226364E-05 -6.167162E-04
201041 -3.470981E-04  5.103496E-04
201042  2.071271E-04 -5.922859E-04
201043  3.957516E-04  4.443457E-04
201044 -3.201950E-04  5.164334E-04
201045 -5.088037E-04  3.475571E-04
201046 -3.201898E-04  5.165258E-04
201047  3.956979E-04  4.442922E-04
201048  2.070304E-04 -5.924483E-04
201049 -3.471171E-04  5.103309E-04
201050  4.234773E-05 -6.166247E-04
201051  6.032184E-04  1.915983E-04
201052  1.589074E-04  6.222853E-04
201053 -3.431058E-06  6.413905E-04
201054  3.019672E-04  5.738505E-04
201055  6.708457E-04 -6.443182E-05
201056 -2.391926E-04 -6.232380E-04
201057 -1.411087E-04  6.610119E-04
201058  1.542210E-04 -6.747329E-04
201059  2.326816E-04  6.747893E-04
201060 -7.229865E-04 -7.113956E-05
201061  7.199276E-05 -7.329805E-04
201062  7.146359E-04 -2.764898E-04
201063  7.195232E-04  2.760496E-04
201064  5.356259E-04  5.753930E-04
201065  4.224715E-04  7.042961E-04
201066  4.150222E-04  7.501349E-04
201067  4.585186E-04  7.540628E-04
201068  4.793267E-04  7.592331E-04
201069  4.022753E-04  8.234205E-04
201070  1.111280E-04  9.442669E-04
201071 -5.231996E-04  8.307327E-04
201072 -9.869698E-04 -1.834868E-04
201073  4.123566E-04 -9.886839E-04
201074  1.802889E-04  1.044193E-03
201075  1.774157E-04 -1.086623E-03
201076 -1.138166E-03  1.019435E-05
201077 -1.023784E-03  5.630964E-04
201078 -1.143656E-03 -3.973096E-04
201079  1.016099E-03 -5.867396E-04
201080 -1.206250E-03 -2.147644E-04
201081  6.840201E-05  1.188902E-03
201082 -7.651715E-04  8.980906E-04
201083 -1.252144E-04 -1.120166E-03
201084 -6.538139E-04  9.078367E-04
201085  4.457364E-04  1.005511E-03
201086  1.423008E-04  1.091426E-03
201087 -1.035978E-03  2.502813E-04
201088  6.788826E-04 -7.863766E-04
201089 -8.517912E-04  4.958928E-04
201090  8.518182E-04  4.860811E-04
201091  5.807571E-04 -7.470460E-04
201092 -2.661083E-04 -8.855860E-04
201093 -6.823441E-04 -5.837913E-04
201094 -8.007213E-04 -3.133980E-04
201095 -8.182342E-04 -1.385553E-04
201096 -8.133807E-04 -6.512625E-06
201097 -7.857931E-04  1.512521E-04
201098 -6.708611E-04  3.867979E-04
201099 -3.359142E-04  6.591457E-04
201100  2.938123E-04  6.662091E-04
201101  7.208769E-04 -3.887519E-05
201102 -9.285473E-05 -6.890806E-04
201103 -5.486670E-04  4.362958E-04
201104  6.652233E-04 -1.073904E-04
201105 -6.389837E-04  1.488130E-04
201106  4.226979E-04 -5.109195E-04
201107  3.972032E-04  5.163016E-04
201108 -3.018634E-04  5.513591E-04
201109 -5.088679E-04  3.617683E-04
201110 -3.877909E-04  4.942025E-04
201111  2.208643E-04  5.819395E-04
201112  4.973344E-04 -3.517283E-04
201113 -6.023983E-04  5.261090E-05
201114  5.639332E-04 -2.174313E-04
201115 -9.019185E-05  5.870804E-04
201116 -6.001570E-04  1.058924E-04
201117 -5.955698E-04 -1.419929E-04
201118 -6.000924E-04  1.060146E-04
201119 -9.014223E-05  5.870766E-04
201120  5.639101E-04 -2.175065E-04
201121 -6.024263E-04  5.271902E-05
201122  4.973812E-04 -3.515471E-04
201123  2.209074E-04  5.818651E-04
201124 -3.878232E-04  4.938541E-04
201125 -5.088255E-04  3.613149E-04
201126 -3.016174E-04  5.508094E-04
201127  3.974724E-04  5.156921E-04
201128  4.227490E-04 -5.113390E-04
201129 -6.391011E-04  1.487327E-04
201130  6.651407E-04 -1.073044E-04
201131 -5.486592E-04  4.363155E-04
201132 -9.282320E-05 -6.891343E-04
201133  7.209197E-04 -3.885208E-05
201134  2.938969E-04  6.663785E-04
201135 -3.358217E-04  6.593630E-04
201136 -6.708260E-04  3.869408E-04
201137 -7.857771E-04  1.513248E-04
201138 -8.132410E-04 -6.438863E-06
201139 -8.179279E-04 -1.384824E-04
201140 -8.004569E-04 -3.133973E-04
201141 -6.823917E-04 -5.839237E-04
201142 -2.664346E-04 -8.858544E-04
201143  5.805023E-04 -7.473341E-04
201144  8.518570E-04  4.859759E-04
201145 -8.516391E-04  4.960203E-04
201146  6.788941E-04 -7.862304E-04
201147 -1.036056E-03  2.502562E-04
201148  1.423026E-04  1.091320E-03
201149  4.457679E-04  1.005484E-03
201150 -6.538998E-04  9.078221E-04
201151 -1.253946E-04 -1.120311E-03
201152 -7.653050E-04  8.979054E-04
201153  2.531354E-04  1.097779E-03
201154 -5.354085E-04  9.858328E-04
201155 -4.478824E-04 -9.716628E-04
201156 -1.374423E-04  1.040854E-03
201157  9.409083E-04  4.481236E-04
201158  9.110573E-04  4.779151E-04
201159 -7.548858E-05  1.010157E-03
201160 -7.523246E-04 -6.486750E-04
201161  7.630342E-04  5.704574E-04
201162 -1.620067E-04 -9.150150E-04
201163 -8.351500E-04  3.500941E-04
201164  8.997011E-05  8.652718E-04
201165  7.236384E-04  4.478937E-04
201166  8.362417E-04 -5.626910E-05
201167  6.979164E-04 -4.080916E-04
201168  4.472617E-04 -6.341147E-04
201169  1.038990E-04 -7.526729E-04
201170 -3.243873E-04 -6.827070E-04
201171 -6.870709E-04 -2.598637E-04
201172 -5.337741E-04  4.589514E-04
201173  3.663817E-04  5.968591E-04
201174  4.846744E-04 -4.744513E-04
201175 -6.750135E-04 -6.205237E-05
201176  5.840547E-04  3.071881E-04
201177 -6.151815E-04 -1.895746E-04
201178  5.766597E-04 -2.912657E-04
201179  2.036139E-04  6.017311E-04
201180 -4.144446E-04  4.540260E-04
201181 -5.453222E-04  2.660797E-04
201182 -4.270660E-04  4.382658E-04
201183  1.805101E-04  5.777048E-04
201184  4.885094E-04 -3.397228E-04
201185 -5.939113E-04  6.190660E-05
201186  5.399696E-04 -2.333657E-04
201187 -5.029873E-05  5.842596E-04
201188 -5.726715E-04  1.531577E-04
201189 -5.848144E-04 -8.607661E-05
201190 -5.726026E-04  1.533281E-04
201191 -5.021245E-05  5.843359E-04
201192  5.399714E-04 -2.333466E-04
201193 -5.939832E-04  6.210629E-05
201194  4.884997E-04 -3.394852E-04
201195  1.805719E-04  5.776223E-04
201196 -4.270242E-04  4.378752E-04
201197 -5.452080E-04  2.656308E-04
201198 -4.141143E-04  4.535580E-04
201199  2.039972E-04  6.012152E-04
201200  5.767987E-04 -2.916556E-04
201201 -6.152862E-04 -1.896878E-04
201202  5.839438E-04  3.072380E-04
201203 -6.750166E-04 -6.203319E-05
201204  4.847147E-04 -4.744877E-04
201205  3.664111E-04  5.968758E-04
201206 -5.337452E-04  4.590742E-04
201207 -6.870489E-04 -2.597134E-04
201208 -3.244009E-04 -6.826214E-04
201209  1.038858E-04 -7.526229E-04
201210  4.473612E-04 -6.340116E-04
201211  6.981592E-04 -4.079426E-04
201212  8.364403E-04 -5.618646E-05
201213  7.235600E-04  4.478006E-04
201214  8.967172E-05  8.649941E-04
201215 -8.353466E-04  3.497913E-04
201216 -1.619538E-04 -9.151024E-04
201217  7.631231E-04  5.706266E-04
201218 -7.523843E-04 -6.484871E-04
201219 -7.556412E-05  1.010173E-03
201220  9.111085E-04  4.778433E-04
201221  9.409596E-04  4.480953E-04
201222 -1.375322E-04  1.040803E-03
201223 -4.480305E-04 -9.718390E-04
201224 -5.354893E-04  9.856424E-04
