Mesh2HRTF 1.0.0-dev
    1
    1  1225
200000  8.991772E-05  1.160175E-03
200001  1.031741E-03 -5.578166E-04
200002 -3.679259E-04 -1.107163E-03
200003 -1.178672E-03  7.919129E-05
200004 -3.395207E-04  1.147535E-03
200005  8.841140E-04  8.126805E-04
200006  1.156436E-03 -3.193336E-04
200007  4.688845E-04 -1.105040E-03
200008 -4.401870E-04 -1.120089E-03
200009 -1.026811E-03 -6.336930E-04
200010 -1.207220E-03 -5.664171E-05
200011 -1.148827E-03  3.780420E-04
200012 -1.038686E-03  6.201482E-04
200013 -9.901805E-04  6.949841E-04
200014 -1.038432E-03  6.201183E-04
200015 -1.148323E-03  3.779986E-04
200016 -1.206472E-03 -5.666710E-05
200017 -1.025828E-03 -6.336566E-04
200018 -4.389780E-04 -1.119938E-03
200019  4.703110E-04 -1.104717E-03
200020  1.158073E-03 -3.187820E-04
200021  8.859592E-04  8.135109E-04
200022 -3.374667E-04  1.148683E-03
200023 -1.176403E-03  8.068146E-05
200024 -3.654307E-04 -1.105327E-03
200025  1.034479E-03 -5.556524E-04
200026  6.992207E-04  9.628695E-04
200027 -8.795736E-04  7.706495E-04
200028 -7.600575E-04 -8.414069E-04
200029  8.712443E-04 -7.430833E-04
200030  7.604855E-04  8.925837E-04
200031 -8.667935E-04  7.515421E-04
200032 -6.995022E-04 -8.591612E-04
200033  8.866860E-04 -6.904782E-04
200034  7.556044E-04  8.651709E-04
200035 -7.648747E-04  8.265270E-04
200036 -8.874471E-04 -6.399450E-04
200037  4.777086E-04 -9.891286E-04
200038  1.098198E-03  1.955952E-04
200039  2.116076E-04  1.092147E-03
200040 -8.806205E-04  6.527681E-04
200041 -1.000826E-03 -4.228907E-04
200042 -2.577916E-04 -1.055958E-03
200043  5.922590E-04 -9.141091E-04
200044  1.038955E-03 -3.219976E-04
200045  1.042378E-03  2.944889E-04
200046  8.042976E-04  7.183605E-04
200047  5.287872E-04  9.360050E-04
200048  3.337946E-04  1.020119E-03
200049  2.651844E-04  1.039581E-03
200050  3.330120E-04  1.020337E-03
200051  5.272355E-04  9.364287E-04
200052  8.020039E-04  7.189637E-04
200053  1.039383E-03  2.952330E-04
200054  1.035312E-03 -3.211635E-04
200055  5.880341E-04 -9.132473E-04
200056 -2.625207E-04 -1.055140E-03
200057 -1.005972E-03 -4.221927E-04
200058 -8.860893E-04  6.532670E-04
200059  2.059147E-04  1.092372E-03
200060  1.092380E-03  1.954798E-04
200061  4.718620E-04 -9.896356E-04
200062 -8.932331E-04 -6.408756E-04
200063 -7.705206E-04  8.251634E-04
200064  7.501656E-04  8.633899E-04
200065  8.815072E-04 -6.926366E-04
200066 -7.043832E-04 -8.616346E-04
200067 -8.713536E-04  7.488346E-04
200068  7.562562E-04  8.897355E-04
200069  8.673440E-04 -7.459725E-04
200070 -7.636393E-04 -8.442379E-04
200071 -8.828537E-04  7.679683E-04
200072  6.962224E-04  9.604165E-04
200073  9.302225E-04 -7.535474E-04
200074 -1.135394E-03  4.300879E-04
200075  1.211455E-03  1.160090E-04
200076 -9.274509E-04 -8.263498E-04
200077  2.129224E-05  1.232793E-03
200078  1.051649E-03 -6.773306E-04
200079 -9.663672E-04 -8.338271E-04
200080 -7.856904E-04  9.849623E-04
200081  8.007587E-04  9.630738E-04
200082  1.246582E-03 -2.545104E-04
200083  7.326184E-04 -1.066656E-03
200084  1.862978E-04 -1.291841E-03
200085 -1.227631E-05 -1.308423E-03
200086  1.866831E-04 -1.293171E-03
200087  7.333439E-04 -1.069229E-03
200088  1.247564E-03 -2.581549E-04
200089  8.018817E-04  9.586087E-04
200090 -7.845565E-04  9.799962E-04
200091 -9.653551E-04 -8.389216E-04
200092  1.052419E-03 -6.821504E-04
200093  2.172459E-05  1.228653E-03
200094 -9.274160E-04 -8.294375E-04
200095  1.211075E-03  1.142818E-04
200096 -1.136159E-03  4.299309E-04
200097  9.291520E-04 -7.520489E-04
200098 -7.545240E-04  9.283045E-04
200099  6.453544E-04 -9.696501E-04
200100 -5.918397E-04  1.021392E-03
200101  5.952704E-04 -9.663933E-04
200102 -5.919107E-04  9.996473E-04
200103  6.113956E-04 -9.264566E-04
200104 -5.660665E-04  9.902676E-04
200105  5.076105E-04 -9.623003E-04
200106 -3.316038E-04  1.069706E-03
200107  8.498542E-05 -1.066632E-03
200108  3.143353E-04  1.048486E-03
200109 -7.505001E-04 -7.554084E-04
200110  1.053819E-03  1.539842E-04
200111 -8.362700E-04  6.362335E-04
200112 -8.112754E-05 -1.064911E-03
200113  9.857094E-04  3.028549E-04
200114 -5.123882E-04  8.785603E-04
200115 -9.249609E-04 -5.126419E-04
200116  2.295458E-04 -1.037029E-03
200117  9.857643E-04 -2.839404E-04
200118  8.264357E-04  5.521353E-04
200119  3.318125E-04  9.257684E-04
200120 -4.050045E-05  9.839515E-04
200121 -1.666582E-04  9.726433E-04
200122 -4.144942E-05  9.847555E-04
200123  3.298933E-04  9.274342E-04
200124  8.235119E-04  5.547553E-04
200125  9.818038E-04 -2.802790E-04
200126  2.245394E-04 -1.032292E-03
200127 -9.309772E-04 -5.068938E-04
200128 -5.193137E-04  8.851302E-04
200129  9.780513E-04  3.099243E-04
200130 -8.926670E-05 -1.057778E-03
200131 -8.445782E-04  6.429246E-04
200132  1.045687E-03  1.597151E-04
200133 -7.581105E-04 -7.511031E-04
200134  3.075532E-04  1.051013E-03
200135  7.926983E-05 -1.066080E-03
200136 -3.361052E-04  1.068271E-03
200137  5.043717E-04 -9.655524E-04
200138 -5.680904E-04  9.855335E-04
200139  6.104575E-04 -9.322119E-04
200140 -5.919528E-04  9.934087E-04
200141  5.958981E-04 -9.725548E-04
200142 -5.907815E-04  1.015837E-03
200143  6.466117E-04 -9.741459E-04
200144 -7.532747E-04  9.252064E-04
200145  4.908910E-04  1.102567E-03
200146 -1.241915E-03 -2.418453E-05
200147  7.402031E-04 -1.014134E-03
200148  7.972765E-05  1.261076E-03
200149 -6.255896E-04 -1.133022E-03
200150  7.474999E-04  1.056952E-03
200151 -5.025785E-04 -1.221057E-03
200152 -3.092552E-04  1.289989E-03
200153  1.269628E-03 -4.102921E-04
200154 -5.383517E-04 -1.239664E-03
200155 -1.353342E-03  5.707962E-05
200156 -9.677000E-04  9.448993E-04
200157 -7.081380E-04  1.150792E-03
200158 -9.667133E-04  9.429115E-04
200159 -1.351512E-03  5.314175E-05
200160 -5.359412E-04 -1.245454E-03
200161  1.272276E-03 -4.177400E-04
200162 -3.067422E-04  1.281208E-03
200163 -5.005549E-04 -1.230698E-03
200164  7.487346E-04  1.047062E-03
200165 -6.253683E-04 -1.142451E-03
200166  7.878966E-05  1.252850E-03
200167  7.380302E-04 -1.020463E-03
200168 -1.245340E-03 -2.804754E-05
200169  4.862476E-04  1.101537E-03
200170  9.139001E-04 -7.753802E-04
200171 -8.976128E-04 -7.796990E-04
200172 -6.948751E-04  9.408963E-04
200173  9.507344E-04  6.494408E-04
200174  5.927070E-04 -9.468977E-04
200175 -9.857027E-04 -4.901883E-04
200176 -3.596625E-04  1.061566E-03
200177  1.084874E-03  1.378895E-04
200178 -2.667913E-04 -1.012230E-03
200179 -7.508698E-04  7.539660E-04
200180  1.041455E-03  1.099988E-04
200181 -7.412585E-04 -7.280565E-04
200182  3.492918E-04  9.402102E-04
200183 -1.619132E-04 -1.030837E-03
200184  2.076782E-04  9.442849E-04
200185 -5.410058E-04 -8.822702E-04
200186  9.141131E-04  3.197592E-04
200187 -8.310883E-04  5.062378E-04
200188 -2.699348E-04 -9.666104E-04
200189  9.299965E-04 -3.026312E-04
200190  5.954364E-04  7.598886E-04
200191 -1.994211E-04  9.445216E-04
200192 -6.431401E-04  7.183192E-04
200193 -7.569039E-04  5.949150E-04
200194 -6.423818E-04  7.170063E-04
200195 -1.980782E-04  9.424455E-04
200196  5.970161E-04  7.580155E-04
200197  9.313124E-04 -3.031536E-04
200198 -2.694670E-04 -9.647348E-04
200199 -8.320135E-04  5.111943E-04
200200  9.114425E-04  3.279318E-04
200201 -5.454500E-04 -8.713556E-04
200202  2.018157E-04  9.569294E-04
200203 -1.684973E-04 -1.017830E-03
200204  3.428913E-04  9.521069E-04
200205 -7.465468E-04 -7.185951E-04
200206  1.038050E-03  1.160569E-04
200207 -7.519076E-04  7.561355E-04
200208 -2.653223E-04 -1.013921E-03
200209  1.088666E-03  1.328280E-04
200210 -3.539787E-04  1.053974E-03
200211 -9.787038E-04 -4.992587E-04
200212  6.004033E-04 -9.563224E-04
200213  9.585533E-04  6.407347E-04
200214 -6.874127E-04  9.338332E-04
200215 -8.908696E-04 -7.844133E-04
200216  9.196729E-04 -7.773028E-04
200217  4.819677E-04 -1.139919E-03
200218  1.033093E-03 -7.111126E-04
200219  1.250269E-03  2.561845E-04
200220  3.578533E-04  1.255664E-03
200221 -1.211242E-03  5.375657E-04
200222 -1.823361E-04 -1.318570E-03
200223  1.134577E-03  7.792341E-04
200224 -1.331606E-03 -3.464217E-04
200225  1.234699E-03  6.817651E-04
200226 -3.348761E-04 -1.355135E-03
200227 -1.327609E-03  4.993723E-04
200228 -2.819126E-04  1.408919E-03
200229  2.026158E-04  1.427524E-03
200230 -2.803409E-04  1.408905E-03
200231 -1.324741E-03  4.991098E-04
200232 -3.312008E-04 -1.356023E-03
200233  1.238594E-03  6.798780E-04
200234 -1.328047E-03 -3.495331E-04
200235  1.137397E-03  7.749125E-04
200236 -1.804408E-04 -1.323830E-03
200237 -1.210247E-03  5.318489E-04
200238  3.581118E-04  1.250088E-03
200239  1.249981E-03  2.513593E-04
200240  1.032360E-03 -7.146572E-04
200241  4.807297E-04 -1.141787E-03
200242  1.547305E-05 -1.220559E-03
200243 -2.944083E-04 -1.162804E-03
200244 -4.968023E-04 -1.065039E-03
200245 -6.509200E-04 -9.457340E-04
200246 -7.986001E-04 -7.840745E-04
200247 -9.502590E-04 -5.363526E-04
200248 -1.058796E-03 -1.489428E-04
200249 -9.830790E-04  3.917162E-04
200250 -5.077554E-04  9.235769E-04
200251  3.943696E-04  9.601820E-04
200252  1.007922E-03  2.912532E-05
200253  1.638526E-04 -9.908236E-04
200254 -9.885144E-04 -3.971076E-05
200255  4.237617E-04  8.344339E-04
200256  2.697100E-04 -9.582420E-04
200257 -6.068827E-04  7.067198E-04
200258  6.071051E-04 -7.379256E-04
200259 -2.916417E-04  8.951346E-04
200260 -4.036503E-04 -8.075226E-04
200261  9.386015E-04 -3.444169E-05
200262  1.433214E-04  9.723323E-04
200263 -7.312299E-04  5.941868E-04
200264 -8.959212E-04  2.524196E-05
200265 -8.637920E-04 -1.755991E-04
200266 -8.934131E-04  1.937620E-05
200267 -7.260892E-04  5.837642E-04
200268  1.509995E-04  9.596683E-04
200269  9.480855E-04 -4.656196E-05
200270 -3.938672E-04 -8.164910E-04
200271 -2.835182E-04  8.911488E-04
200272  6.118312E-04 -7.362769E-04
200273 -6.063854E-04  7.133762E-04
200274  2.664036E-04 -9.482585E-04
200275  4.181859E-04  8.454818E-04
200276 -9.942628E-04 -2.986919E-05
200277  1.599111E-04 -9.839609E-04
200278  1.007112E-03  3.204439E-05
200279  3.971225E-04  9.590628E-04
200280 -5.018426E-04  9.190419E-04
200281 -9.749832E-04  3.848269E-04
200282 -1.049737E-03 -1.569846E-04
200283 -9.413960E-04 -5.444422E-04
200284 -7.908134E-04 -7.913397E-04
200285 -6.447005E-04 -9.515705E-04
200286 -4.922497E-04 -1.069080E-03
200287 -2.913203E-04 -1.164867E-03
200288  1.745575E-05 -1.220608E-03
200289  3.522971E-04 -1.176527E-03
200290 -6.085923E-04 -1.094771E-03
200291 -1.111346E-03 -6.319850E-04
200292 -1.248757E-03 -3.877763E-04
200293 -1.177022E-03 -6.333844E-04
200294 -5.307304E-04 -1.258488E-03
200295  1.040820E-03 -9.391260E-04
200296  6.288956E-04  1.296001E-03
200297 -1.248966E-03 -7.295973E-04
200298  1.118330E-03  9.607127E-04
200299  1.807981E-04 -1.468337E-03
200300 -1.379004E-03 -5.511350E-04
200301 -1.484223E-03  9.086092E-05
200302 -1.377561E-03 -5.488767E-04
200303  1.832865E-04 -1.464300E-03
200304  1.121164E-03  9.657731E-04
200305 -1.246592E-03 -7.242667E-04
200306  6.301715E-04  1.301055E-03
200307  1.040774E-03 -9.346339E-04
200308 -5.317972E-04 -1.254648E-03
200309 -1.178361E-03 -6.301930E-04
200310 -1.249400E-03 -3.852280E-04
200311 -1.110395E-03 -6.301332E-04
200312 -6.054810E-04 -1.093756E-03
200313  3.576126E-04 -1.176545E-03
200314  1.149580E-03 -3.529311E-04
200315  8.024678E-04  8.364504E-04
200316 -4.557900E-04  1.028634E-03
200317 -1.119961E-03 -2.288405E-05
200318 -4.911101E-04 -9.965684E-04
200319  5.448097E-04 -9.298381E-04
200320  1.028039E-03 -1.944893E-04
200321  9.189162E-04  4.703736E-04
200322  6.454664E-04  7.942293E-04
200323  5.203519E-04  8.628284E-04
200324  6.392128E-04  7.450401E-04
200325  8.958784E-04  3.243774E-04
200326  8.127226E-04 -4.892587E-04
200327 -1.984074E-04 -9.421780E-04
200328 -8.766837E-04  2.503992E-04
200329  6.855429E-04  5.875553E-04
200330 -2.225969E-04 -8.607001E-04
200331  1.368025E-04  9.286831E-04
200332 -4.131628E-04 -7.124174E-04
200333  8.716015E-04  2.715801E-04
200334 -3.726588E-04  8.671787E-04
200335 -8.710328E-04 -8.124953E-05
200336 -5.362894E-04 -6.647758E-04
200337 -3.432942E-04 -7.848936E-04
200338 -5.369059E-04 -6.718214E-04
200339 -8.698025E-04 -9.390631E-05
200340 -3.665858E-04  8.514407E-04
200341  8.835667E-04  2.557825E-04
200342 -3.974743E-04 -7.254941E-04
200343  1.516423E-04  9.201794E-04
200344 -2.132402E-04 -8.641543E-04
200345  6.870712E-04  5.882004E-04
200346 -8.820585E-04  2.531609E-04
200347 -2.072583E-04 -9.395948E-04
200348  8.044967E-04 -4.886785E-04
200349  8.913015E-04  3.221491E-04
200350  6.393668E-04  7.403438E-04
200351  5.245159E-04  8.568635E-04
200352  6.518423E-04  7.885240E-04
200353  9.254230E-04  4.662455E-04
200354  1.032876E-03 -1.963033E-04
200355  5.467645E-04 -9.293052E-04
200356 -4.925244E-04 -9.942541E-04
200357 -1.124473E-03 -1.969395E-05
200358 -4.624720E-04  1.031762E-03
200359  7.949523E-04  8.388006E-04
200360  1.142619E-03 -3.517256E-04
200361  8.423187E-04  8.949567E-04
200362  4.059788E-04 -1.180661E-03
200363 -1.274975E-03 -1.371793E-04
200364 -3.169934E-04  1.284534E-03
200365  9.219970E-04  1.006265E-03
200366  1.294639E-03  5.334822E-04
200367  1.184196E-03  7.992086E-04
200368  4.973932E-05  1.457215E-03
200369 -1.482528E-03 -2.351159E-04
200370  1.430102E-03 -4.825737E-04
200371 -1.510603E-03 -3.010180E-04
200372 -2.455826E-04  1.507650E-03
200373  5.716514E-04  1.418980E-03
200374 -2.446891E-04  1.509370E-03
200375 -1.509195E-03 -2.980949E-04
200376  1.431241E-03 -4.790615E-04
200377 -1.482675E-03 -2.312809E-04
200378  4.751521E-05  1.461530E-03
200379  1.179824E-03  8.042741E-04
200380  1.288924E-03  5.393183E-04
200381  9.163317E-04  1.012533E-03
200382 -3.210991E-04  1.290681E-03
200383 -1.276238E-03 -1.317613E-04
200384  4.084423E-04 -1.176617E-03
200385  8.488439E-04  8.969063E-04
200386 -1.174159E-03  1.214680E-04
200387  7.332329E-04 -8.866785E-04
200388  8.278845E-05  1.115251E-03
200389 -8.288305E-04 -7.252345E-04
200390  1.047294E-03 -1.965424E-04
200391 -3.850555E-04  9.479478E-04
200392 -7.611758E-04 -6.829070E-04
200393  7.309915E-04 -6.707951E-04
200394  7.820392E-04  5.961129E-04
200395 -1.193956E-04  9.701943E-04
200396 -6.872733E-04  6.611179E-04
200397 -8.330673E-04  4.112871E-04
200398 -7.635852E-04  4.845644E-04
200399 -3.617457E-04  7.906889E-04
200400  5.295545E-04  6.824051E-04
200401  7.282274E-04 -5.107250E-04
200402 -7.547803E-04 -3.705772E-04
200403  4.568818E-04  7.843897E-04
200404 -4.428409E-04 -6.548562E-04
200405  7.312039E-04  4.409150E-04
200406 -7.142389E-04  5.110433E-04
200407 -6.442735E-04 -6.632590E-04
200408  4.626001E-06 -9.441610E-04
200409  2.261870E-04 -9.047002E-04
200410 -6.663342E-06 -9.459052E-04
200411 -6.586222E-04 -6.662339E-04
200412 -7.210145E-04  5.076353E-04
200413  7.376603E-04  4.378556E-04
200414 -4.261318E-04 -6.570300E-04
200415  4.745794E-04  7.832431E-04
200416 -7.453948E-04 -3.710615E-04
200417  7.255084E-04 -5.114228E-04
200418  5.177854E-04  6.803536E-04
200419 -3.756442E-04  7.863992E-04
200420 -7.733749E-04  4.779720E-04
200421 -8.361784E-04  4.033956E-04
200422 -6.849133E-04  6.537295E-04
200423 -1.146685E-04  9.652511E-04
200424  7.861753E-04  5.950111E-04
200425  7.326939E-04 -6.676032E-04
200426 -7.627557E-04 -6.759384E-04
200427 -3.902331E-04  9.574354E-04
200428  1.038586E-03 -1.862017E-04
200429 -8.404074E-04 -7.157576E-04
200430  6.975835E-05  1.122449E-03
200431  7.206905E-04 -8.825868E-04
200432 -1.184327E-03  1.223217E-04
200433  3.873993E-04 -1.126090E-03
200434 -3.756381E-04  1.186015E-03
200435  6.784099E-04 -1.093619E-03
200436 -1.222301E-03  4.918911E-04
200437  1.034891E-03  8.746501E-04
200438  1.039915E-03 -9.587749E-04
200439  1.334613E-04 -1.448761E-03
200440  2.612389E-04 -1.463258E-03
200441  1.406416E-03 -5.407293E-04
200442 -2.190237E-04  1.522745E-03
200443  2.995404E-04 -1.540042E-03
200444 -1.569581E-03  1.611288E-04
200445 -1.168305E-03  1.053272E-03
200446 -1.569045E-03  1.606463E-04
200447  3.006536E-04 -1.541715E-03
200448 -2.178724E-04  1.519454E-03
200449  1.406314E-03 -5.449203E-04
200450  2.587005E-04 -1.466742E-03
200451  1.284965E-04 -1.450226E-03
200452  1.033797E-03 -9.581207E-04
200453  1.029144E-03  8.765053E-04
200454 -1.226846E-03  4.939630E-04
200455  6.752670E-04 -1.091737E-03
200456 -3.770987E-04  1.187681E-03
200457  3.882790E-04 -1.124869E-03
200458 -5.850318E-04  1.024070E-03
200459  8.296021E-04 -7.524774E-04
200460 -9.855238E-04  4.854901E-04
200461  1.044943E-03 -2.064684E-04
200462 -1.034310E-03  7.571095E-05
200463  9.956931E-04 -1.514896E-04
200464 -8.912888E-04  4.072549E-04
200465  4.955862E-04 -8.306463E-04
200466  3.526963E-04  8.746812E-04
200467 -9.133159E-04  1.136223E-04
200468 -2.227242E-04 -8.547070E-04
200469  5.920230E-04 -6.383489E-04
200470  8.231075E-04 -2.733427E-04
200471  8.207935E-04 -2.814698E-04
200472  5.859826E-04 -6.529984E-04
200473 -2.487068E-04 -8.089429E-04
200474 -7.477865E-04  3.333540E-04
200475  7.122884E-04  4.592283E-04
200476 -5.640383E-04 -5.473509E-04
200477  6.433061E-04  4.379099E-04
200478 -8.269248E-04  2.238512E-04
200479 -3.845545E-04 -9.363919E-04
200480  3.176374E-04 -9.353839E-04
200481  4.788892E-04 -7.936358E-04
200482  2.925350E-04 -9.300872E-04
200483 -4.183679E-04 -9.261991E-04
200484 -8.485396E-04  2.376150E-04
200485  6.447433E-04  4.527785E-04
200486 -5.451391E-04 -5.343019E-04
200487  7.324246E-04  4.682464E-04
200488 -7.407859E-04  3.375598E-04
200489 -2.580782E-04 -8.090748E-04
200490  5.680886E-04 -6.563701E-04
200491  8.057119E-04 -2.867658E-04
200492  8.174813E-04 -2.790348E-04
200493  5.949005E-04 -6.427020E-04
200494 -2.169136E-04 -8.561662E-04
200495 -9.096773E-04  1.158165E-04
200496  3.525353E-04  8.801810E-04
200497  4.929822E-04 -8.230020E-04
200498 -8.944489E-04  4.157104E-04
200499  9.925073E-04 -1.432655E-04
200500 -1.038313E-03  8.298930E-05
200501  1.039405E-03 -2.007017E-04
200502 -9.920685E-04  4.892835E-04
200503  8.236926E-04 -7.508176E-04
200504 -5.887060E-04  1.023934E-03
200505  3.468548E-04 -1.123412E-03
200506  7.400565E-04  9.610326E-04
200507 -1.237021E-03 -2.922429E-04
200508  1.295426E-03 -1.080663E-04
200509 -1.345291E-03 -1.784375E-04
200510  8.041322E-04  1.136036E-03
200511  1.198603E-03 -7.992446E-04
200512  4.877397E-04 -1.390917E-03
200513  1.002134E-03 -1.126694E-03
200514  1.183546E-03  1.006458E-03
200515 -1.464900E-03 -5.608067E-04
200516  2.843708E-04  1.566200E-03
200517  1.242101E-03  1.005340E-03
200518  2.843835E-04  1.565446E-03
200519 -1.463654E-03 -5.639580E-04
200520  1.186250E-03  9.998085E-04
200521  1.004448E-03 -1.135516E-03
200522  4.876843E-04 -1.398826E-03
200523  1.196593E-03 -8.040620E-04
200524  8.026229E-04  1.133756E-03
200525 -1.344761E-03 -1.805102E-04
200526  1.296706E-03 -1.114813E-04
200527 -1.237727E-03 -2.964548E-04
200528  7.360981E-04  9.576444E-04
200529  3.409772E-04 -1.125015E-03
200530 -1.130269E-03  1.675501E-04
200531  5.360361E-04  9.741532E-04
200532  6.852099E-04 -8.083616E-04
200533 -1.003722E-03 -2.320536E-04
200534  3.607556E-04  9.452983E-04
200535  3.560368E-04 -9.061831E-04
200536 -7.195990E-04  6.202686E-04
200537  7.852535E-04 -5.096772E-04
200538 -6.336779E-04  6.326707E-04
200539  1.360250E-04 -8.791890E-04
200540  6.991984E-04  5.229273E-04
200541 -5.107936E-04  7.029103E-04
200542 -8.425406E-04 -8.469568E-05
200543 -6.770561E-04 -4.845152E-04
200544 -6.856334E-04 -4.434470E-04
200545 -7.758470E-04  8.065177E-05
200546 -1.116801E-04  7.893044E-04
200547  7.699244E-04 -1.031888E-04
200548 -7.522116E-04 -2.506375E-04
200549  6.785261E-04  2.548404E-04
200550 -7.824220E-04  2.334126E-04
200551 -3.208870E-04 -9.617500E-04
200552  3.925341E-04 -9.048548E-04
200553  5.293013E-04 -7.397299E-04
200554  3.593392E-04 -8.971434E-04
200555 -3.642076E-04 -9.462354E-04
200556 -8.074601E-04  2.549892E-04
200557  6.845030E-04  2.778079E-04
200558 -7.258093E-04 -2.321642E-04
200559  7.935672E-04 -9.301623E-05
200560 -1.076567E-04  7.913662E-04
200561 -7.906777E-04  7.788759E-05
200562 -7.049847E-04 -4.471466E-04
200563 -6.866090E-04 -4.865034E-04
200564 -8.386095E-04 -8.380745E-05
200565 -5.004014E-04  7.069400E-04
200566  7.063118E-04  5.296666E-04
200567  1.353753E-04 -8.711518E-04
200568 -6.392671E-04  6.397400E-04
200569  7.810481E-04 -5.056614E-04
200570 -7.180345E-04  6.205464E-04
200571  3.630667E-04 -9.086463E-04
200572  3.696048E-04  9.418924E-04
200573 -9.964601E-04 -2.349916E-04
200574  6.902602E-04 -8.103393E-04
200575  5.405878E-04  9.730905E-04
200576 -1.124719E-03  1.675535E-04
200577  9.745984E-04  6.013687E-04
200578 -4.855732E-04  1.084084E-03
200579 -1.059968E-03 -6.463621E-04
200580  1.116495E-03 -6.041678E-04
200581 -7.066532E-04  1.128067E-03
200582  8.854912E-04 -1.046944E-03
200583 -1.404912E-03 -9.943487E-05
200584 -5.807420E-04  1.351492E-03
200585 -4.273085E-04  1.453066E-03
200586 -1.513391E-03  2.469979E-04
200587  1.098281E-03 -1.099573E-03
200588 -1.564724E-03 -4.912364E-05
200589 -1.157097E-03  1.075447E-03
200590 -1.566416E-03 -4.704616E-05
200591  1.098416E-03 -1.098821E-03
200592 -1.509822E-03  2.435239E-04
200593 -4.234051E-04  1.446546E-03
200594 -5.800396E-04  1.346329E-03
200595 -1.405913E-03 -1.002734E-04
200596  8.880104E-04 -1.045223E-03
200597 -6.984309E-04  1.127832E-03
200598  1.126097E-03 -6.086816E-04
200599 -1.055759E-03 -6.532292E-04
200600 -4.895010E-04  1.078332E-03
200601  9.656010E-04  5.983085E-04
200602  8.377478E-04 -7.267785E-04
200603 -3.488256E-04 -1.016351E-03
200604 -1.030787E-03 -2.054414E-05
200605 -2.649335E-04  9.720516E-04
200606  9.123214E-04  3.409856E-04
200607  1.656424E-04 -9.180219E-04
200608 -8.882272E-04  2.586447E-04
200609  7.998636E-04  4.052962E-04
200610 -5.809194E-04 -6.620107E-04
200611  6.393508E-04  5.652577E-04
200612 -8.264854E-04 -1.419612E-04
200613  4.831889E-04 -6.505472E-04
200614  6.708783E-04  4.413459E-04
200615  7.286908E-05  7.902041E-04
200616 -1.481697E-04  7.507646E-04
200617  1.197636E-04  7.450663E-04
200618  7.014100E-04  3.310203E-04
200619  2.661494E-04 -6.783595E-04
200620 -7.250971E-04  3.462526E-04
200621  6.599927E-04 -1.920175E-04
200622 -5.155944E-04  5.386573E-04
200623 -5.232496E-04 -7.481041E-04
200624  2.296071E-04 -9.481384E-04
200625  4.330832E-04 -8.379209E-04
200626  1.994977E-04 -9.430176E-04
200627 -5.592871E-04 -7.360288E-04
200628 -5.291991E-04  5.570875E-04
200629  6.784117E-04 -1.728842E-04
200630 -6.903587E-04  3.584140E-04
200631  2.909436E-04 -6.770185E-04
200632  7.016380E-04  3.243082E-04
200633  1.024938E-04  7.370847E-04
200634 -1.635958E-04  7.472505E-04
200635  7.284562E-05  7.928300E-04
200636  6.842729E-04  4.484858E-04
200637  4.975422E-04 -6.413180E-04
200638 -8.218403E-04 -1.326531E-04
200639  6.333345E-04  5.724593E-04
200640 -5.899985E-04 -6.595826E-04
200641  7.969589E-04  4.011835E-04
200642 -8.806417E-04  2.488401E-04
200643  1.810682E-04 -9.301731E-04
200644  9.290009E-04  3.303013E-04
200645 -2.521739E-04  9.650487E-04
200646 -1.022284E-03 -2.384697E-05
200647 -3.412517E-04 -1.017166E-03
200648  8.469100E-04 -7.258937E-04
200649 -6.846140E-04 -8.775588E-04
200650  2.238245E-04 -1.131061E-03
200651  1.160643E-03 -2.740397E-04
200652  3.129222E-04  1.210448E-03
200653 -1.255021E-03 -3.170379E-04
200654  1.334235E-03 -1.444974E-04
200655 -1.276611E-03 -4.899977E-04
200656 -3.817837E-04  1.377811E-03
200657  3.118440E-04  1.438801E-03
200658 -8.640252E-04  1.227430E-03
200659 -3.744481E-04 -1.476841E-03
200660 -6.538008E-04  1.391198E-03
200661  5.799244E-04  1.437238E-03
200662 -6.586670E-04  1.397032E-03
200663 -3.771325E-04 -1.470419E-03
200664 -8.609254E-04  1.229296E-03
200665  3.153595E-04  1.436561E-03
200666 -3.841526E-04  1.377138E-03
200667 -1.281845E-03 -4.848086E-04
200668  1.335716E-03 -1.360927E-04
200669 -1.243166E-03 -3.123206E-04
200670  3.275499E-04  1.208320E-03
200671  1.167397E-03 -2.794036E-04
200672  2.197334E-04 -1.134587E-03
200673 -6.934835E-04 -8.783380E-04
200674 -1.052180E-03 -2.305221E-04
200675 -9.413621E-04  4.132433E-04
200676 -4.618877E-04  8.730455E-04
200677  2.785303E-04  9.239262E-04
200678  8.900277E-04  3.019864E-04
200679  5.653389E-04 -7.004149E-04
200680 -6.770491E-04 -5.687620E-04
200681 -3.155068E-04  8.078340E-04
200682  7.926013E-04 -3.267331E-04
200683 -8.181220E-04  1.784743E-05
200684  7.945896E-04 -1.734130E-04
200685 -4.897628E-04  6.354306E-04
200686 -4.809418E-04 -6.139817E-04
200687  4.202176E-04 -6.287630E-04
200688  7.054788E-04 -2.839404E-04
200689  6.893580E-04 -3.329583E-04
200690  2.908026E-04 -6.929480E-04
200691 -6.425072E-04 -3.407017E-04
200692  3.328281E-05  7.681999E-04
200693  7.661453E-05 -6.629458E-04
200694  1.943228E-04  6.828896E-04
200695 -7.441858E-04 -6.729551E-05
200696 -3.275003E-04 -7.943481E-04
200697 -7.256287E-05 -8.918150E-04
200698 -3.456326E-04 -7.920756E-04
200699 -7.617626E-04 -5.978954E-05
200700  1.979319E-04  6.953907E-04
200701  1.050468E-04 -6.520920E-04
200702  6.913114E-05  7.692958E-04
200703 -6.225629E-04 -3.512458E-04
200704  2.861845E-04 -7.086571E-04
200705  6.725710E-04 -3.442430E-04
200706  6.965629E-04 -2.854126E-04
200707  4.281738E-04 -6.221596E-04
200708 -4.636797E-04 -6.048714E-04
200709 -4.771096E-04  6.429319E-04
200710  7.952976E-04 -1.685494E-04
200711 -8.261804E-04  1.959334E-05
200712  7.845630E-04 -3.299558E-04
200713 -3.161088E-04  7.982386E-04
200714 -6.684180E-04 -5.829114E-04
200715  5.790465E-04 -7.144915E-04
200716  9.019013E-04  2.921875E-04
200717  2.839885E-04  9.197210E-04
200718 -4.615804E-04  8.728501E-04
200719 -9.404664E-04  4.141876E-04
200720 -1.046264E-03 -2.302019E-04
200721 -9.582954E-04  4.703073E-04
200722 -1.104566E-03 -1.064366E-05
200723 -8.260913E-04 -7.972837E-04
200724  4.363896E-04 -1.107285E-03
200725  1.059317E-03  6.479455E-04
200726 -1.272726E-03  1.888898E-04
200727  1.350646E-03  3.751552E-05
200728 -4.240735E-04 -1.311188E-03
200729 -1.221627E-03 -7.256250E-04
200730 -5.618337E-04 -1.348335E-03
200731  1.446654E-03  2.511549E-04
200732 -1.042435E-03 -1.069584E-03
200733 -1.490309E-03  8.261275E-05
200734 -1.051025E-03 -1.061793E-03
200735  1.440866E-03  2.607116E-04
200736 -5.587830E-04 -1.343760E-03
200737 -1.218201E-03 -7.267769E-04
200738 -4.306266E-04 -1.311483E-03
200739  1.338356E-03  4.451522E-05
200740 -1.276198E-03  2.007466E-04
200741  1.070181E-03  6.555947E-04
200742  4.509482E-04 -1.107901E-03
200743 -8.212649E-04 -8.005097E-04
200744 -1.111083E-03 -9.788701E-06
200745 -9.665688E-04  4.745643E-04
200746 -7.595098E-04  7.034800E-04
200747 -5.552456E-04  8.202682E-04
200748 -3.106048E-04  8.994819E-04
200749  4.312388E-05  9.234472E-04
200750  5.213418E-04  7.407850E-04
200751  8.733536E-04  1.177157E-04
200752  4.357087E-04 -7.277265E-04
200753 -7.089706E-04 -4.366943E-04
200754 -1.137008E-04  8.055053E-04
200755  5.877990E-04 -5.557691E-04
200756 -6.427233E-04  4.387704E-04
200757  3.948817E-04 -6.544098E-04
200758  3.315550E-04  6.804970E-04
200759 -6.443809E-04  3.966435E-04
200760 -7.062135E-04 -2.023128E-04
200761 -6.487192E-04 -3.090013E-04
200762 -6.972439E-04  8.240075E-05
200763 -1.112729E-04  7.048977E-04
200764  6.565769E-04 -1.716697E-04
200765 -7.212187E-04  1.749057E-07
200766  6.272423E-04 -1.941930E-04
200767 -5.173792E-05  6.896857E-04
200768 -6.567235E-04  1.909296E-04
200769 -6.938112E-04 -9.236769E-05
200770 -6.611091E-04  1.940247E-04
200771 -5.126309E-05  6.975036E-04
200772  6.420907E-04 -1.842931E-04
200773 -6.931776E-04  3.956234E-06
200774  6.836177E-04 -1.806252E-04
200775 -1.012239E-04  6.853973E-04
200776 -7.065386E-04  6.251974E-05
200777 -6.632154E-04 -3.189711E-04
200778 -7.095126E-04 -1.997645E-04
200779 -6.335470E-04  4.054225E-04
200780  3.460265E-04  6.868696E-04
200781  4.022091E-04 -6.536797E-04
200782 -6.441771E-04  4.365810E-04
200783  5.827610E-04 -5.584325E-04
200784 -1.171446E-04  8.006509E-04
200785 -7.088436E-04 -4.461873E-04
200786  4.385902E-04 -7.401432E-04
200787  8.761624E-04  1.074461E-04
200788  5.201616E-04  7.362341E-04
200789  3.553962E-05  9.241941E-04
200790 -3.222536E-04  9.023932E-04
200791 -5.639640E-04  8.215204E-04
200792 -7.590874E-04  7.008815E-04
200793 -8.551685E-04  5.741747E-04
200794 -9.946224E-04  3.731539E-04
200795 -1.086934E-03 -2.023261E-04
200796 -4.623617E-04 -1.057997E-03
200797  1.083719E-03 -4.969282E-04
200798 -3.547539E-04  1.177536E-03
200799  4.305744E-04 -1.221905E-03
200800 -1.303351E-03  1.745888E-04
200801 -7.980227E-04  1.092935E-03
200802 -1.301304E-03  4.959447E-04
200803  1.993849E-04 -1.411335E-03
200804 -9.430702E-04  1.051727E-03
200805  1.907094E-04  1.407639E-03
200806 -9.545669E-04  1.058690E-03
200807  1.919399E-04 -1.402306E-03
200808 -1.296179E-03  5.001063E-04
200809 -7.918993E-04  1.089655E-03
200810 -1.311298E-03  1.702189E-04
200811  4.130301E-04 -1.218322E-03
200812 -3.630300E-04  1.188173E-03
200813  1.091987E-03 -4.901428E-04
200814 -4.505992E-04 -1.060326E-03
200815 -1.086597E-03 -2.057802E-04
200816 -1.005070E-03  3.772558E-04
200817 -8.638949E-04  5.833564E-04
200818 -8.040449E-04  6.027103E-04
200819 -7.860173E-04  5.578991E-04
200820 -7.576474E-04  5.335109E-04
200821 -6.706939E-04  5.950871E-04
200822 -4.426481E-04  7.527483E-04
200823  4.152006E-05  8.558495E-04
200824  6.808744E-04  4.890497E-04
200825  6.327126E-04 -5.033739E-04
200826 -5.942079E-04 -5.222951E-04
200827 -4.745795E-05  7.698343E-04
200828  3.152601E-04 -6.905751E-04
200829 -1.676150E-04  7.254553E-04
200830 -4.129603E-04 -6.026976E-04
200831  6.278769E-04 -3.300588E-04
200832  6.103686E-04  3.564421E-04
200833  4.800155E-04  5.137427E-04
200834  6.473460E-04  2.686747E-04
200835  5.064513E-04 -4.695625E-04
200836 -6.092752E-04 -2.869549E-04
200837  4.027403E-04  5.642332E-04
200838 -5.834403E-04 -3.253376E-04
200839  5.475081E-04 -3.272097E-04
200840  5.195163E-04  4.199917E-04
200841  3.231109E-04  5.938312E-04
200842  5.244644E-04  4.274917E-04
200843  5.574693E-04 -3.146451E-04
200844 -5.682295E-04 -3.153071E-04
200845  4.207501E-04  5.622812E-04
200846 -5.963049E-04 -3.035588E-04
200847  5.061162E-04 -4.932401E-04
200848  6.351018E-04  2.502269E-04
200849  4.682597E-04  5.087581E-04
200850  6.100273E-04  3.633009E-04
200851  6.369616E-04 -3.214803E-04
200852 -4.047735E-04 -6.019040E-04
200853 -1.656556E-04  7.185261E-04
200854  3.144298E-04 -6.976287E-04
200855 -4.680122E-05  7.670966E-04
200856 -5.929706E-04 -5.242923E-04
200857  6.309649E-04 -5.094943E-04
200858  6.745834E-04  4.802028E-04
200859  3.158258E-05  8.500484E-04
200860 -4.555497E-04  7.529575E-04
200861 -6.869568E-04  5.991118E-04
200862 -7.757589E-04  5.372636E-04
200863 -8.000147E-04  5.576751E-04
200864 -8.068862E-04  5.964110E-04
200865 -9.489549E-04 -2.865440E-04
200866 -9.189771E-04 -4.378295E-04
200867 -6.494680E-04 -8.382244E-04
200868  2.763896E-04 -1.071882E-03
200869  1.113045E-03  2.221725E-04
200870 -9.288525E-04  7.241081E-04
200871  9.961471E-04 -7.358073E-04
200872 -1.121659E-03 -5.779565E-04
200873 -1.240632E-03  4.021768E-04
200874 -1.288021E-03 -3.634468E-04
200875  9.677302E-04 -9.353364E-04
200876 -1.329872E-03  2.174087E-04
200877 -7.076449E-04  1.155898E-03
200878 -1.342562E-03  2.215142E-04
200879  9.606252E-04 -9.289286E-04
200880 -1.279013E-03 -3.602903E-04
200881 -1.229114E-03  3.969158E-04
200882 -1.126907E-03 -5.873284E-04
200883  9.775499E-04 -7.378343E-04
200884 -9.392306E-04  7.312536E-04
200885  1.119737E-03  2.260966E-04
200886  2.857300E-04 -1.078165E-03
200887 -6.530291E-04 -8.444212E-04
200888 -9.327735E-04 -4.329488E-04
200889 -9.587951E-04 -2.746803E-04
200890 -9.129802E-04 -3.098645E-04
200891 -8.305177E-04 -4.201806E-04
200892 -7.471312E-04 -5.099895E-04
200893 -7.172827E-04 -5.145975E-04
200894 -7.686635E-04 -3.761122E-04
200895 -8.245918E-04 -1.686729E-05
200896 -5.899996E-04  5.450986E-04
200897  2.459652E-04  7.492833E-04
200898  7.219409E-04 -2.509912E-04
200899 -5.698902E-04 -4.928304E-04
200900  2.392459E-04  6.968286E-04
200901 -2.836166E-04 -6.609928E-04
200902  6.304858E-04  3.248939E-04
200903 -4.567161E-04  5.305928E-04
200904 -6.700676E-04 -1.683639E-04
200905 -5.334158E-04 -4.114198E-04
200906 -6.230973E-04 -2.193571E-04
200907 -4.767699E-04  4.503227E-04
200908  5.720486E-04  3.507691E-04
200909 -3.231216E-04 -5.549412E-04
200910  4.608212E-04  4.727145E-04
200911 -6.341071E-04  2.429729E-04
200912 -4.342519E-04 -4.703044E-04
200913 -1.977918E-04 -5.837331E-04
200914 -4.264910E-04 -4.575557E-04
200915 -6.242765E-04  2.605624E-04
200916  4.685215E-04  4.820070E-04
200917 -3.180800E-04 -5.630423E-04
200918  5.726389E-04  3.285596E-04
200919 -4.840903E-04  4.266190E-04
200920 -6.362571E-04 -2.327526E-04
200921 -5.430970E-04 -4.104918E-04
200922 -6.698770E-04 -1.587291E-04
200923 -4.512060E-04  5.369731E-04
200924  6.329148E-04  3.197700E-04
200925 -2.847677E-04 -6.733123E-04
200926  2.405338E-04  6.888806E-04
200927 -5.645354E-04 -4.921143E-04
200928  7.253163E-04 -2.485733E-04
200929  2.408456E-04  7.461943E-04
200930 -6.040954E-04  5.384417E-04
200931 -8.428472E-04 -1.989300E-05
200932 -7.864279E-04 -3.727552E-04
200933 -7.339204E-04 -5.086865E-04
200934 -7.635163E-04 -5.062684E-04
200935 -8.435459E-04 -4.216278E-04
200936 -9.158240E-04 -3.183280E-04
200937  3.766100E-04 -8.928294E-04
200938  5.639879E-04 -8.315856E-04
200939  9.291793E-04 -4.529592E-04
200940  9.066807E-04  5.397042E-04
200941 -6.032811E-04  9.126101E-04
200942 -2.323586E-04 -1.122219E-03
200943  8.225486E-05  1.162866E-03
200944  1.093866E-03 -4.803787E-04
200945  5.330096E-04 -1.100674E-03
200946  1.126555E-03 -5.172064E-04
200947 -2.484877E-04  1.242231E-03
200948  9.580757E-04 -8.530918E-04
200949 -1.403219E-06 -1.278949E-03
200950  9.460336E-04 -8.525135E-04
200951 -2.539133E-04  1.245932E-03
200952  1.139336E-03 -5.133657E-04
200953  5.502983E-04 -1.105002E-03
200954  1.093869E-03 -4.924540E-04
200955  6.615099E-05  1.156169E-03
200956 -2.423441E-04 -1.118131E-03
200957 -5.966746E-04  9.141557E-04
200958  9.154354E-04  5.295363E-04
200959  9.241141E-04 -4.627418E-04
200960  5.487227E-04 -8.277733E-04
200961  3.659822E-04 -8.808479E-04
200962  3.755106E-04 -8.393939E-04
200963  4.685519E-04 -7.580923E-04
200964  5.471808E-04 -6.742551E-04
200965  5.548181E-04 -6.400857E-04
200966  4.524658E-04 -6.912312E-04
200967  1.625692E-04 -7.865484E-04
200968 -3.702879E-04 -6.826972E-04
200969 -7.559092E-04  1.665242E-05
200970 -1.478427E-05  7.429312E-04
200971  6.528062E-04 -3.029695E-04
200972 -7.116024E-04 -9.653054E-05
200973  6.949341E-04  1.032675E-04
200974 -6.067770E-04  3.149061E-04
200975 -1.250548E-04 -6.705230E-04
200976  5.575452E-04 -3.636320E-04
200977  6.584652E-04 -6.739929E-05
200978  6.150542E-04 -2.408205E-04
200979  1.110040E-04 -6.375552E-04
200980 -6.253833E-04  6.075238E-05
200981  5.834695E-04  2.812908E-04
200982 -6.279581E-04 -1.063837E-04
200983  3.737451E-04 -4.824338E-04
200984  5.640196E-04  2.337738E-04
200985  4.276051E-04  4.667467E-04
200986  5.694280E-04  2.499606E-04
200987  3.775384E-04 -4.629909E-04
200988 -6.295195E-04 -1.007973E-04
200989  5.790781E-04  2.663538E-04
200990 -6.313858E-04  3.501513E-05
200991  1.009077E-04 -6.584601E-04
200992  6.020235E-04 -2.481633E-04
200993  6.496519E-04 -6.197269E-05
200994  5.569934E-04 -3.534133E-04
200995 -1.224687E-04 -6.671771E-04
200996 -6.074043E-04  3.054218E-04
200997  6.931502E-04  8.884718E-05
200998 -7.084885E-04 -1.023942E-04
200999  6.599057E-04 -2.980286E-04
201000 -1.197886E-05  7.483333E-04
201001 -7.640005E-04  1.447986E-05
201002 -3.882752E-04 -6.888936E-04
201003  1.417488E-04 -7.879552E-04
201004  4.357223E-04 -6.851384E-04
201005  5.431965E-04 -6.318133E-04
201006  5.372485E-04 -6.693275E-04
201007  4.600152E-04 -7.587996E-04
201008  3.743414E-04 -8.474471E-04
201009  4.123025E-04  8.184682E-04
201010  1.268868E-04  9.403408E-04
201011 -5.265830E-04  8.312400E-04
201012 -1.010738E-03 -1.777248E-04
201013  3.968012E-04 -9.779014E-04
201014  1.891012E-04  1.053087E-03
201015  1.894533E-04 -1.090367E-03
201016 -1.145216E-03 -1.083459E-06
201017 -1.036656E-03  5.627125E-04
201018 -1.135738E-03 -3.858153E-04
201019  1.044884E-03 -5.832303E-04
201020 -1.177990E-03 -2.310986E-04
201021 -9.891662E-04  7.091625E-04
201022 -1.187943E-03 -2.336341E-04
201023  1.041419E-03 -5.812374E-04
201024 -1.121267E-03 -3.791608E-04
201025 -1.015795E-03  5.625958E-04
201026 -1.139846E-03 -1.260648E-05
201027  1.774252E-04 -1.099558E-03
201028  1.804640E-04  1.055594E-03
201029  4.039015E-04 -9.770736E-04
201030 -1.000932E-03 -1.900754E-04
201031 -5.307493E-04  8.186464E-04
201032  1.119711E-04  9.424198E-04
201033  4.017196E-04  8.289106E-04
201034  4.707949E-04  7.625177E-04
201035  4.461932E-04  7.506933E-04
201036  4.069290E-04  7.404619E-04
201037  4.212852E-04  6.956983E-04
201038  5.374784E-04  5.785621E-04
201039  7.201337E-04  2.894760E-04
201040  7.144894E-04 -2.683146E-04
201041  7.424404E-05 -7.397687E-04
201042 -7.183981E-04 -8.481297E-05
201043  2.349996E-04  6.690971E-04
201044  1.499400E-04 -6.682298E-04
201045 -1.514913E-04  6.693344E-04
201046 -2.514583E-04 -6.230508E-04
201047  6.607471E-04 -6.671708E-05
201048  2.978547E-04  5.804611E-04
201049  3.005299E-06  6.529220E-04
201050  1.752707E-04  6.244608E-04
201051  6.193962E-04  1.831775E-04
201052  4.981421E-05 -6.226693E-04
201053 -3.438725E-04  5.140698E-04
201054  2.128470E-04 -5.819113E-04
201055  3.979861E-04  4.614526E-04
201056 -3.305985E-04  5.462970E-04
201057 -5.258928E-04  3.908169E-04
201058 -3.300587E-04  5.629499E-04
201059  3.943888E-04  4.786717E-04
201060  2.049884E-04 -5.824687E-04
201061 -3.513513E-04  4.929528E-04
201062  4.309784E-05 -6.495321E-04
201063  6.092402E-04  1.664144E-04
201064  1.622301E-04  6.220675E-04
201065 -6.042936E-06  6.603734E-04
201066  2.963082E-04  5.895284E-04
201067  6.619874E-04 -6.604930E-05
201068 -2.524474E-04 -6.346103E-04
201069 -1.524149E-04  6.554818E-04
201070  1.536465E-04 -6.709649E-04
201071  2.412084E-04  6.768663E-04
201072 -7.173873E-04 -7.899770E-05
201073  6.478875E-05 -7.429009E-04
201074  6.961584E-04 -2.748034E-04
201075  7.001744E-04  2.894597E-04
201076  5.235524E-04  5.876469E-04
201077  4.149426E-04  7.074176E-04
201078  4.032056E-04  7.483079E-04
201079  4.419588E-04  7.526223E-04
201080  4.710140E-04  7.567991E-04
201081 -6.749250E-04 -5.875116E-04
201082 -2.516493E-04 -8.868098E-04
201083  5.786999E-04 -7.461958E-04
201084  8.293512E-04  4.886683E-04
201085 -8.684284E-04  5.050338E-04
201086  6.856742E-04 -7.743717E-04
201087 -1.024308E-03  2.495691E-04
201088  1.357683E-04  1.078516E-03
201089  4.315308E-04  1.001514E-03
201090 -6.496531E-04  9.169851E-04
201091 -1.019878E-04 -1.119048E-03
201092 -7.439558E-04  8.775444E-04
201093  8.022835E-05  1.155221E-03
201094 -7.509581E-04  8.728601E-04
201095 -1.040038E-04 -1.117672E-03
201096 -6.365662E-04  9.275475E-04
201097  4.523222E-04  1.007425E-03
201098  1.448814E-04  1.069957E-03
201099 -1.032278E-03  2.397285E-04
201100  6.780771E-04 -7.723695E-04
201101 -8.612470E-04  5.066172E-04
201102  8.409745E-04  4.762730E-04
201103  5.769451E-04 -7.601304E-04
201104 -2.651689E-04 -8.863962E-04
201105 -6.847740E-04 -5.791360E-04
201106 -8.094483E-04 -3.134546E-04
201107 -8.286188E-04 -1.452756E-04
201108 -8.191750E-04 -1.860664E-05
201109 -7.861317E-04  1.405674E-04
201110 -6.706508E-04  3.883873E-04
201111 -3.384862E-04  6.719380E-04
201112  2.915788E-04  6.748099E-04
201113  7.236109E-04 -4.395094E-05
201114 -8.635901E-05 -7.004983E-04
201115 -5.450351E-04  4.313825E-04
201116  6.612491E-04 -1.024937E-04
201117 -6.484474E-04  1.542302E-04
201118  4.127291E-04 -5.138754E-04
201119  3.879573E-04  5.107219E-04
201120 -3.096418E-04  5.549296E-04
201121 -5.082345E-04  3.721354E-04
201122 -3.739665E-04  4.986925E-04
201123  2.384309E-04  5.786277E-04
201124  5.063203E-04 -3.530776E-04
201125 -5.985453E-04  5.739826E-05
201126  5.718902E-04 -2.110187E-04
201127 -8.428226E-05  5.945032E-04
201128 -6.089521E-04  1.207957E-04
201129 -6.147392E-04 -1.164432E-04
201130 -6.134914E-04  1.351375E-04
201131 -9.351995E-05  6.064505E-04
201132  5.625076E-04 -2.182339E-04
201133 -6.033313E-04  3.233964E-05
201134  5.026712E-04 -3.787564E-04
201135  2.291217E-04  5.658773E-04
201136 -3.876268E-04  4.989159E-04
201137 -5.180994E-04  3.791696E-04
201138 -3.119484E-04  5.619574E-04
201139  3.891284E-04  5.096940E-04
201140  4.129966E-04 -5.255131E-04
201141 -6.480639E-04  1.423537E-04
201142  6.643695E-04 -1.025517E-04
201143 -5.409373E-04  4.399629E-04
201144 -8.677508E-05 -6.962795E-04
201145  7.145655E-04 -4.895862E-05
201146  2.747537E-04  6.678176E-04
201147 -3.570229E-04  6.729488E-04
201148 -6.833033E-04  3.999827E-04
201149 -7.903799E-04  1.557689E-04
201150 -8.200359E-04 -7.278392E-06
201151 -8.309473E-04 -1.401781E-04
201152 -8.091089E-04 -3.164015E-04
201153  7.290227E-04  4.451037E-04
201154  1.030587E-04  8.670607E-04
201155 -8.358140E-04  3.513586E-04
201156 -1.825492E-04 -9.168582E-04
201157  7.451542E-04  5.757663E-04
201158 -7.489172E-04 -6.350158E-04
201159 -6.465273E-05  1.012415E-03
201160  9.066652E-04  4.631986E-04
201161  9.275968E-04  4.393178E-04
201162 -1.349210E-04  1.047278E-03
201163 -4.266197E-04 -9.712013E-04
201164 -5.151320E-04  9.635024E-04
201165  2.660352E-04  1.060640E-03
201166 -5.188491E-04  9.577681E-04
201167 -4.280269E-04 -9.697926E-04
201168 -1.262056E-04  1.061297E-03
201169  9.445678E-04  4.510170E-04
201170  9.172457E-04  4.585362E-04
201171 -6.929498E-05  1.002913E-03
201172 -7.561943E-04 -6.332880E-04
201173  7.515327E-04  5.788299E-04
201174 -1.691678E-04 -9.274534E-04
201175 -8.345420E-04  3.375069E-04
201176  9.129239E-05  8.660177E-04
201177  7.201272E-04  4.516220E-04
201178  8.288058E-04 -5.913540E-05
201179  6.910287E-04 -4.167399E-04
201180  4.452738E-04 -6.468824E-04
201181  1.059977E-04 -7.644738E-04
201182 -3.245126E-04 -6.834871E-04
201183 -6.922138E-04 -2.496773E-04
201184 -5.382372E-04  4.666604E-04
201185  3.687763E-04  5.937031E-04
201186  4.919544E-04 -4.827146E-04
201187 -6.707363E-04 -6.568445E-05
201188  5.805915E-04  3.106001E-04
201189 -6.229620E-04 -1.863149E-04
201190  5.699244E-04 -2.956874E-04
201191  1.965036E-04  5.937987E-04
201192 -4.240708E-04  4.531021E-04
201193 -5.490290E-04  2.725054E-04
201194 -4.162142E-04  4.432055E-04
201195  1.968414E-04  5.786910E-04
201196  4.956004E-04 -3.368689E-04
201197 -5.921510E-04  6.890791E-05
201198  5.489447E-04 -2.265615E-04
201199 -3.952137E-05  5.884000E-04
201200 -5.759670E-04  1.585020E-04
201201 -6.006984E-04 -7.476595E-05
201202 -5.843682E-04  1.686113E-04
201203 -5.133607E-05  5.937501E-04
201204  5.424015E-04 -2.390046E-04
201205 -5.905737E-04  4.308801E-05
201206  4.966239E-04 -3.596253E-04
201207  1.884511E-04  5.687001E-04
201208 -4.307013E-04  4.433546E-04
201209 -5.596647E-04  2.772587E-04
201210 -4.268480E-04  4.578516E-04
201211  1.981734E-04  5.920445E-04
201212  5.720188E-04 -3.061702E-04
201213 -6.213548E-04 -1.959260E-04
201214  5.825130E-04  3.121157E-04
201215 -6.687166E-04 -5.778441E-05
201216  4.913116E-04 -4.808494E-04
201217  3.615880E-04  5.866265E-04
201218 -5.529595E-04  4.586427E-04
201219 -7.101738E-04 -2.489958E-04
201220 -3.385059E-04 -6.713022E-04
201221  9.987548E-05 -7.474824E-04
201222  4.433041E-04 -6.332249E-04
201223  6.879008E-04 -4.095415E-04
201224  8.281436E-04 -6.022821E-05
