336
200000 200109 200033 200005 2 0 1
200001 200064 200097 200025 2 0 1
200002 200113 200049 200001 2 0 1
200003 200113 200047 200001 2 0 1
200004 200024 200086 200071 2 0 1
200005 200108 200032 200005 2 0 1
200006 200063 200096 200023 2 0 1
200007 200009 200169 200167 2 0 1
200008 200145 200097 200049 2 0 1
200009 200107 200030 200004 2 0 1
200010 200061 200094 200022 2 0 1
200011 200085 200070 200022 2 0 1
200012 200119 200037 200003 2 0 1
200013 200052 200083 200020 2 0 1
200014 200143 200096 200048 2 0 1
200015 200121 200169 200167 2 0 1
200016 200121 200039 200167 2 0 1
200017 200121 200039 200003 2 0 1
200018 200087 200039 200167 2 0 1
200019 200100 200039 200003 2 0 1
200020 200081 200064 200025 2 0 1
200021 200129 200064 200013 2 0 1
200022 200129 200109 200033 2 0 1
200023 200129 200081 200033 2 0 1
200024 200129 200081 200064 2 0 1
200025 200153 200097 200049 2 0 1
200026 200153 200064 200097 2 0 1
200027 200153 200064 200013 2 0 1
200028 200153 200113 200049 2 0 1
200029 200168 200086 200071 2 0 1
200030 200079 200024 200071 2 0 1
200031 200029 200108 200005 2 0 1
200032 200029 200116 200005 2 0 1
200033 200080 200063 200023 2 0 1
200034 200127 200063 200011 2 0 1
200035 200127 200108 200032 2 0 1
200036 200127 200080 200032 2 0 1
200037 200127 200080 200063 2 0 1
200038 200151 200096 200048 2 0 1
200039 200151 200063 200096 2 0 1
200040 200151 200063 200011 2 0 1
200041 200151 200149 200011 2 0 1
200042 200125 200127 200011 2 0 1
200043 200125 200029 200108 2 0 1
200044 200125 200127 200108 2 0 1
200045 200042 200102 200000 2 0 1
200046 200112 200048 200000 2 0 1
200047 200112 200151 200048 2 0 1
200048 200112 200151 200149 2 0 1
200049 200101 200037 200003 2 0 1
200050 200137 200081 200033 2 0 1
200051 200142 200094 200046 2 0 1
200052 200142 200145 200017 2 0 1
200053 200078 200061 200022 2 0 1
200054 200078 200070 200022 2 0 1
200055 200126 200061 200012 2 0 1
200056 200126 200107 200030 2 0 1
200057 200126 200078 200030 2 0 1
200058 200126 200078 200061 2 0 1
200059 200150 200094 200046 2 0 1
200060 200150 200061 200094 2 0 1
200061 200150 200061 200012 2 0 1
200062 200166 200119 200164 2 0 1
200063 200166 200119 200037 2 0 1
200064 200166 200085 200037 2 0 1
200065 200166 200085 200070 2 0 1
200066 200158 200085 200037 2 0 1
200067 200158 200161 200017 2 0 1
200068 200158 200101 200037 2 0 1
200069 200158 200161 200101 2 0 1
200070 200140 200052 200016 2 0 1
200071 200140 200143 200016 2 0 1
200072 200115 200030 200004 2 0 1
200073 200115 200028 200004 2 0 1
200074 200092 200059 200020 2 0 1
200075 200092 200052 200020 2 0 1
200076 200092 200140 200044 2 0 1
200077 200092 200140 200052 2 0 1
200078 200076 200028 200124 2 0 1
200079 200076 200059 200124 2 0 1
200080 200076 200059 200020 2 0 1
200081 200010 200059 200124 2 0 1
200082 200040 200088 200169 2 0 1
200083 200040 200121 200169 2 0 1
200084 200040 200161 200088 2 0 1
200085 200040 200161 200101 2 0 1
200086 200040 200121 200003 2 0 1
200087 200040 200101 200003 2 0 1
200088 200159 200087 200039 2 0 1
200089 200159 200100 200039 2 0 1
200090 200133 200029 200116 2 0 1
200091 200128 200129 200109 2 0 1
200092 200128 200129 200013 2 0 1
200093 200062 200095 200024 2 0 1
200094 200062 200079 200024 2 0 1
200095 200062 200128 200079 2 0 1
200096 200062 200128 200013 2 0 1
200097 200072 200009 200167 2 0 1
200098 200072 200087 200167 2 0 1
200099 200072 200087 200023 2 0 1
200100 200072 200080 200023 2 0 1
200101 200117 200137 200033 2 0 1
200102 200117 200033 200005 2 0 1
200103 200117 200032 200005 2 0 1
200104 200073 200088 200169 2 0 1
200105 200073 200137 200081 2 0 1
200106 200073 200088 200025 2 0 1
200107 200073 200081 200025 2 0 1
200108 200073 200009 200169 2 0 1
200109 200073 200137 200009 2 0 1
200110 200105 200145 200049 2 0 1
200111 200105 200142 200145 2 0 1
200112 200105 200142 200046 2 0 1
200113 200105 200049 200001 2 0 1
200114 200105 200046 200001 2 0 1
200115 200057 200145 200097 2 0 1
200116 200057 200161 200088 2 0 1
200117 200057 200097 200025 2 0 1
200118 200057 200088 200025 2 0 1
200119 200057 200145 200017 2 0 1
200120 200057 200161 200017 2 0 1
200121 200019 200075 200067 2 0 1
200122 200114 200026 200004 2 0 1
200123 200114 200026 200130 2 0 1
200124 200058 200019 200091 2 0 1
200125 200058 200019 200075 2 0 1
200126 200123 200126 200107 2 0 1
200127 200123 200058 200075 2 0 1
200128 200123 200126 200012 2 0 1
200129 200123 200058 200012 2 0 1
200130 200106 200028 200124 2 0 1
200131 200106 200028 200004 2 0 1
200132 200106 200026 200004 2 0 1
200133 200090 200018 200065 2 0 1
200134 200090 200018 200050 2 0 1
200135 200074 200018 200065 2 0 1
200136 200074 200026 200130 2 0 1
200137 200089 200018 200050 2 0 1
200138 200111 200046 200001 2 0 1
200139 200111 200043 200001 2 0 1
200140 200111 200150 200046 2 0 1
200141 200038 200168 200086 2 0 1
200142 200055 200024 200086 2 0 1
200143 200055 200095 200024 2 0 1
200144 200054 200142 200094 2 0 1
200145 200054 200158 200085 2 0 1
200146 200054 200094 200022 2 0 1
200147 200054 200085 200022 2 0 1
200148 200054 200142 200017 2 0 1
200149 200054 200158 200017 2 0 1
200150 200104 200143 200048 2 0 1
200151 200104 200140 200143 2 0 1
200152 200104 200140 200044 2 0 1
200153 200104 200048 200000 2 0 1
200154 200104 200044 200000 2 0 1
200155 200134 200115 200030 2 0 1
200156 200134 200078 200030 2 0 1
200157 200134 200078 200070 2 0 1
200158 200122 200010 200124 2 0 1
200159 200122 200106 200124 2 0 1
200160 200122 200106 200026 2 0 1
200161 200122 200010 200065 2 0 1
200162 200122 200074 200065 2 0 1
200163 200122 200074 200026 2 0 1
200164 200148 200010 200059 2 0 1
200165 200148 200092 200044 2 0 1
200166 200148 200092 200059 2 0 1
200167 200146 200010 200065 2 0 1
200168 200146 200090 200065 2 0 1
200169 200146 200090 200042 2 0 1
200170 200146 200148 200010 2 0 1
200171 200035 200083 200164 2 0 1
200172 200035 200119 200164 2 0 1
200173 200035 200119 200003 2 0 1
200174 200035 200100 200003 2 0 1
200175 200056 200143 200096 2 0 1
200176 200056 200159 200087 2 0 1
200177 200056 200096 200023 2 0 1
200178 200056 200087 200023 2 0 1
200179 200056 200143 200016 2 0 1
200180 200056 200159 200016 2 0 1
200181 200008 200168 200071 2 0 1
200182 200008 200165 200168 2 0 1
200183 200008 200133 200069 2 0 1
200184 200008 200165 200069 2 0 1
200185 200136 200133 200116 2 0 1
200186 200136 200079 200071 2 0 1
200187 200136 200008 200071 2 0 1
200188 200136 200008 200133 2 0 1
200189 200138 200014 200050 2 0 1
200190 200138 200090 200050 2 0 1
200191 200138 200090 200042 2 0 1
200192 200138 200014 200141 2 0 1
200193 200138 200102 200141 2 0 1
200194 200138 200042 200102 2 0 1
200195 200152 200062 200013 2 0 1
200196 200152 200153 200013 2 0 1
200197 200152 200095 200047 2 0 1
200198 200152 200062 200095 2 0 1
200199 200152 200113 200047 2 0 1
200200 200152 200153 200113 2 0 1
200201 200135 200072 200009 2 0 1
200202 200135 200137 200009 2 0 1
200203 200135 200080 200032 2 0 1
200204 200135 200072 200080 2 0 1
200205 200135 200117 200032 2 0 1
200206 200135 200117 200137 2 0 1
200207 200045 200112 200149 2 0 1
200208 200045 200093 200149 2 0 1
200209 200045 200102 200000 2 0 1
200210 200045 200112 200000 2 0 1
200211 200045 200102 200141 2 0 1
200212 200045 200093 200141 2 0 1
200213 200053 200093 200141 2 0 1
200214 200053 200014 200141 2 0 1
200215 200053 200014 200157 2 0 1
200216 200053 200093 200021 2 0 1
200217 200060 200093 200149 2 0 1
200218 200060 200149 200011 2 0 1
200219 200060 200125 200011 2 0 1
200220 200060 200093 200021 2 0 1
200221 200051 200019 200091 2 0 1
200222 200131 200114 200130 2 0 1
200223 200131 200075 200067 2 0 1
200224 200131 200006 200067 2 0 1
200225 200131 200006 200130 2 0 1
200226 200147 200043 200091 2 0 1
200227 200147 200058 200091 2 0 1
200228 200147 200058 200012 2 0 1
200229 200147 200150 200012 2 0 1
200230 200147 200111 200150 2 0 1
200231 200147 200111 200043 2 0 1
200232 200027 200123 200107 2 0 1
200233 200027 200123 200075 2 0 1
200234 200027 200107 200004 2 0 1
200235 200027 200114 200004 2 0 1
200236 200027 200131 200075 2 0 1
200237 200027 200131 200114 2 0 1
200238 200154 200089 200050 2 0 1
200239 200154 200014 200050 2 0 1
200240 200154 200014 200157 2 0 1
200241 200066 200074 200130 2 0 1
200242 200066 200089 200162 2 0 1
200243 200066 200006 200130 2 0 1
200244 200066 200006 200162 2 0 1
200245 200066 200074 200018 2 0 1
200246 200066 200089 200018 2 0 1
200247 200163 200006 200162 2 0 1
200248 200163 200006 200067 2 0 1
200249 200118 200034 200002 2 0 1
200250 200118 200163 200162 2 0 1
200251 200118 200163 200034 2 0 1
200252 200099 200034 200155 2 0 1
200253 200099 200034 200002 2 0 1
200254 200099 200038 200002 2 0 1
200255 200160 200038 200086 2 0 1
200256 200160 200055 200086 2 0 1
200257 200160 200099 200155 2 0 1
200258 200160 200099 200038 2 0 1
200259 200132 200115 200028 2 0 1
200260 200132 200134 200115 2 0 1
200261 200132 200076 200028 2 0 1
200262 200110 200148 200044 2 0 1
200263 200110 200146 200148 2 0 1
200264 200110 200146 200042 2 0 1
200265 200110 200044 200000 2 0 1
200266 200110 200042 200000 2 0 1
200267 200156 200159 200100 2 0 1
200268 200156 200035 200100 2 0 1
200269 200156 200159 200016 2 0 1
200270 200156 200052 200016 2 0 1
200271 200156 200052 200083 2 0 1
200272 200156 200035 200083 2 0 1
200273 200031 200136 200116 2 0 1
200274 200031 200136 200079 2 0 1
200275 200031 200109 200005 2 0 1
200276 200031 200116 200005 2 0 1
200277 200031 200128 200109 2 0 1
200278 200031 200128 200079 2 0 1
200279 200120 200038 200002 2 0 1
200280 200120 200036 200002 2 0 1
200281 200120 200038 200168 2 0 1
200282 200120 200165 200168 2 0 1
200283 200120 200036 200165 2 0 1
200284 200084 200053 200021 2 0 1
200285 200084 200021 200069 2 0 1
200286 200084 200036 200157 2 0 1
200287 200084 200053 200157 2 0 1
200288 200084 200165 200069 2 0 1
200289 200084 200036 200165 2 0 1
200290 200077 200060 200021 2 0 1
200291 200077 200021 200069 2 0 1
200292 200077 200125 200029 2 0 1
200293 200077 200060 200125 2 0 1
200294 200077 200133 200069 2 0 1
200295 200077 200133 200029 2 0 1
200296 200082 200051 200155 2 0 1
200297 200082 200034 200155 2 0 1
200298 200082 200051 200019 2 0 1
200299 200082 200019 200067 2 0 1
200300 200082 200163 200067 2 0 1
200301 200082 200163 200034 2 0 1
200302 200139 200043 200091 2 0 1
200303 200139 200051 200091 2 0 1
200304 200041 200154 200089 2 0 1
200305 200041 200089 200162 2 0 1
200306 200041 200118 200162 2 0 1
200307 200041 200118 200002 2 0 1
200308 200068 200083 200164 2 0 1
200309 200068 200132 200076 2 0 1
200310 200068 200083 200020 2 0 1
200311 200068 200076 200020 2 0 1
200312 200007 200166 200164 2 0 1
200313 200007 200132 200134 2 0 1
200314 200007 200068 200164 2 0 1
200315 200007 200068 200132 2 0 1
200316 200007 200166 200070 2 0 1
200317 200007 200134 200070 2 0 1
200318 200103 200139 200043 2 0 1
200319 200103 200047 200001 2 0 1
200320 200103 200043 200001 2 0 1
200321 200144 200095 200047 2 0 1
200322 200144 200055 200095 2 0 1
200323 200144 200103 200047 2 0 1
200324 200144 200103 200139 2 0 1
200325 200098 200036 200002 2 0 1
200326 200098 200041 200002 2 0 1
200327 200098 200154 200157 2 0 1
200328 200098 200036 200157 2 0 1
200329 200098 200041 200154 2 0 1
200330 200015 200160 200155 2 0 1
200331 200015 200144 200139 2 0 1
200332 200015 200051 200155 2 0 1
200333 200015 200139 200051 2 0 1
200334 200015 200160 200055 2 0 1
200335 200015 200144 200055 2 0 1
