Mesh2HRTF 1.0.0-dev
    1
    1  1225
200000  1.804158E-06 -1.830341E-05
200001  2.891479E-06 -1.176205E-05
200002  2.886410E-06 -1.179990E-05
200003  2.873983E-06 -1.191270E-05
200004  2.854293E-06 -1.209851E-05
200005  2.827476E-06 -1.235410E-05
200006  2.793706E-06 -1.267486E-05
200007  2.753177E-06 -1.305475E-05
200008  2.706090E-06 -1.348627E-05
200009  2.652636E-06 -1.396046E-05
200010  2.592973E-06 -1.446688E-05
200011  2.527203E-06 -1.499374E-05
200012  2.455357E-06 -1.552803E-05
200013  2.377374E-06 -1.605579E-05
200014  2.293102E-06 -1.656243E-05
200015  2.202297E-06 -1.703313E-05
200016  2.104641E-06 -1.745339E-05
200017  1.999785E-06 -1.780953E-05
200018  1.887387E-06 -1.808933E-05
200019  1.767185E-06 -1.828256E-05
200020  1.639064E-06 -1.838160E-05
200021  1.503134E-06 -1.838187E-05
200022  1.359803E-06 -1.828221E-05
200023  1.209835E-06 -1.808512E-05
200024  1.054396E-06 -1.779677E-05
200025  8.950693E-07 -1.742688E-05
200026  7.338429E-07 -1.698844E-05
200027  5.730728E-07 -1.649716E-05
200028  4.154134E-07 -1.597092E-05
200029  2.637290E-07 -1.542902E-05
200030  1.209846E-07 -1.489137E-05
200031 -9.865859E-09 -1.437775E-05
200032 -1.259959E-07 -1.390698E-05
200033 -2.248156E-07 -1.349627E-05
200034 -3.040681E-07 -1.316053E-05
200035 -3.619117E-07 -1.291190E-05
200036 -3.969818E-07 -1.275934E-05
200037 -4.084391E-07 -1.270831E-05
200038 -3.959944E-07 -1.276066E-05
200039 -3.599198E-07 -1.291451E-05
200040 -3.010371E-07 -1.316435E-05
200041 -2.206977E-07 -1.350118E-05
200042 -1.207324E-07 -1.391284E-05
200043 -3.391328E-09 -1.438438E-05
200044  1.287373E-07 -1.489859E-05
200045  2.728239E-07 -1.543663E-05
200046  4.259064E-07 -1.597874E-05
200047  5.850059E-07 -1.650498E-05
200048  7.472412E-07 -1.699609E-05
200049  9.099363E-07 -1.743421E-05
200050  1.070711E-06 -1.780363E-05
200051  1.227550E-06 -1.809141E-05
200052  1.378841E-06 -1.828785E-05
200053  1.523392E-06 -1.838680E-05
200054  1.660410E-06 -1.838580E-05
200055  1.789460E-06 -1.828604E-05
200056  1.910407E-06 -1.809212E-05
200057  2.023343E-06 -1.781167E-05
200058  2.128509E-06 -1.745494E-05
200059  2.226238E-06 -1.703416E-05
200060  2.316857E-06 -1.656302E-05
200061  2.400682E-06 -1.605602E-05
200062  2.477947E-06 -1.552797E-05
200063  2.548806E-06 -1.499347E-05
200064  2.613323E-06 -1.446647E-05
200065  2.671476E-06 -1.395996E-05
200066  2.723176E-06 -1.348573E-05
200067  2.768283E-06 -1.305422E-05
200068  2.806629E-06 -1.267437E-05
200069  2.838039E-06 -1.235368E-05
200070  2.862348E-06 -1.209818E-05
200071  2.879417E-06 -1.191247E-05
200072  2.889146E-06 -1.179979E-05
200073  3.384504E-06  6.654803E-07
200074  3.375095E-06  5.887423E-07
200075  3.353029E-06  3.577507E-07
200076  3.318394E-06 -2.957797E-08
200077  3.271362E-06 -5.760265E-07
200078  3.212265E-06 -1.284106E-06
200079  3.141686E-06 -2.154795E-06
200080  3.060520E-06 -3.186079E-06
200081  2.969997E-06 -4.371406E-06
200082  2.871621E-06 -5.698182E-06
200083  2.767023E-06 -7.146452E-06
200084  2.657711E-06 -8.687913E-06
200085  2.544741E-06 -1.028542E-05
200086  2.428353E-06 -1.189310E-05
200087  2.307609E-06 -1.345725E-05
200088  2.180137E-06 -1.491804E-05
200089  2.042030E-06 -1.621210E-05
200090  1.887970E-06 -1.727582E-05
200091  1.711618E-06 -1.804942E-05
200092  1.506245E-06 -1.848119E-05
200093  1.265558E-06 -1.853189E-05
200094  9.846332E-07 -1.817857E-05
200095  6.607983E-07 -1.741747E-05
200096  2.943586E-07 -1.626569E-05
200097 -1.109817E-07 -1.476109E-05
200098 -5.480727E-07 -1.296053E-05
200099 -1.006681E-06 -1.093648E-05
200100 -1.474210E-06 -8.772300E-06
200101 -1.936684E-06 -6.556829E-06
200102 -2.379833E-06 -4.378806E-06
200103 -2.790132E-06 -2.321851E-06
200104 -3.155630E-06 -4.604937E-07
200105 -3.466476E-06  1.142425E-06
200106 -3.715116E-06  2.436912E-06
200107 -3.896186E-06  3.385769E-06
200108 -4.006220E-06  3.963724E-06
200109 -4.043301E-06  4.156283E-06
200110 -4.006780E-06  3.958802E-06
200111 -3.897178E-06  3.376125E-06
200112 -3.716297E-06  2.422935E-06
200113 -3.467497E-06  1.124670E-06
200114 -3.156060E-06 -4.813341E-07
200115 -2.789483E-06 -2.344987E-06
200116 -2.377588E-06 -4.403390E-06
200117 -1.932329E-06 -6.582000E-06
200118 -1.467260E-06 -8.797226E-06
200119 -9.967071E-07 -1.096039E-05
200120 -5.347262E-07 -1.298277E-05
200121 -9.400791E-08 -1.478110E-05
200122  3.151086E-07 -1.628309E-05
200123  6.853649E-07 -1.743200E-05
200124  1.012948E-06 -1.819014E-05
200125  1.297454E-06 -1.854055E-05
200126  1.541461E-06 -1.848712E-05
200127  1.749819E-06 -1.805290E-05
200128  1.928752E-06 -1.727721E-05
200129  2.084937E-06 -1.621180E-05
200130  2.224672E-06 -1.491649E-05
200131  2.353237E-06 -1.345484E-05
200132  2.474512E-06 -1.189022E-05
200133  2.590844E-06 -1.028239E-05
200134  2.703145E-06 -8.685000E-06
200135  2.811159E-06 -7.143838E-06
200136  2.913816E-06 -5.695983E-06
200137  3.009605E-06 -4.369672E-06
200138  3.096901E-06 -3.184806E-06
200139  3.174224E-06 -2.153935E-06
200140  3.240383E-06 -1.283585E-06
200141  3.294539E-06 -5.757557E-07
200142  3.336190E-06 -2.946857E-08
200143  3.365094E-06  3.577760E-07
200144  3.381190E-06  5.887399E-07
200145  3.282374E-06  1.043303E-05
200146  3.275552E-06  1.039325E-05
200147  3.263508E-06  1.026584E-05
200148  3.244133E-06  1.003270E-05
200149  3.214209E-06  9.665634E-06
200150  3.169973E-06  9.128997E-06
200151  3.107875E-06  8.383323E-06
200152  3.025442E-06  7.389555E-06
200153  2.922120E-06  6.113756E-06
200154  2.799903E-06  4.532070E-06
200155  2.663550E-06  2.635687E-06
200156  2.520192E-06  4.355622E-07
200157  2.378242E-06 -2.033456E-06
200158  2.245630E-06 -4.709495E-06
200159  2.127604E-06 -7.502084E-06
200160  2.024457E-06 -1.029277E-05
200161  1.929704E-06 -1.293859E-05
200162  1.829205E-06 -1.527891E-05
200163  1.701663E-06 -1.714590E-05
200164  1.520665E-06 -1.837820E-05
200165  1.258148E-06 -1.883697E-05
200166  8.888349E-07 -1.842233E-05
200167  3.949322E-07 -1.708813E-05
200168 -2.298105E-07 -1.485224E-05
200169 -9.775113E-07 -1.180031E-05
200170 -1.825696E-06 -8.081251E-06
200171 -2.739242E-06 -3.894390E-06
200172 -3.674532E-06  5.303659E-07
200173 -4.585157E-06  4.956586E-06
200174 -5.428104E-06  9.165658E-06
200175 -6.169238E-06  1.297725E-05
200176 -6.786925E-06  1.626230E-05
200177 -7.273052E-06  1.894649E-05
200178 -7.631271E-06  2.100386E-05
200179 -7.872903E-06  2.244288E-05
200180 -8.011592E-06  2.328825E-05
200181 -8.058024E-06  2.356346E-05
200182 -8.016114E-06  2.327801E-05
200183 -7.881614E-06  2.242288E-05
200184 -7.643519E-06  2.097510E-05
200185 -7.287915E-06  1.891032E-05
200186 -6.803260E-06  1.622040E-05
200187 -6.185760E-06  1.293147E-05
200188 -5.443460E-06  9.117957E-06
200189 -4.598008E-06  4.908876E-06
200190 -3.683638E-06  4.844323E-07
200191 -2.743523E-06 -3.936980E-06
200192 -1.824295E-06 -8.119216E-06
200193 -9.698291E-07 -1.183271E-05
200194 -2.155222E-07 -1.487849E-05
200195  4.158800E-07 -1.710803E-05
200196  9.162473E-07 -1.843605E-05
200197  1.291622E-06 -1.884499E-05
200198  1.559642E-06 -1.838132E-05
200199  1.745483E-06 -1.714508E-05
200200  1.877162E-06 -1.527528E-05
200201  1.981091E-06 -1.293329E-05
200202  2.078589E-06 -1.028690E-05
200203  2.183828E-06 -7.496617E-06
200204  2.303312E-06 -4.705206E-06
200205  2.436740E-06 -2.030890E-06
200206  2.578823E-06  4.361116E-07
200207  2.721555E-06  2.634172E-06
200208  2.856428E-06  4.528661E-06
200209  2.976211E-06  6.108802E-06
200210  3.076061E-06  7.383530E-06
200211  3.153935E-06  8.376773E-06
200212  3.210390E-06  9.122485E-06
200213  3.247960E-06  9.659695E-06
200214  3.270315E-06  1.002781E-05
200215  3.281391E-06  1.026236E-05
200216  3.284625E-06  1.039144E-05
200217  2.197951E-06  1.207358E-05
200218  2.210296E-06  1.215219E-05
200219  2.256035E-06  1.236866E-05
200220  2.328000E-06  1.268332E-05
200221  2.414514E-06  1.303336E-05
200222  2.500260E-06  1.333733E-05
200223  2.567854E-06  1.350092E-05
200224  2.600253E-06  1.342360E-05
200225  2.583852E-06  1.300581E-05
200226  2.511822E-06  1.215649E-05
200227  2.386894E-06  1.080092E-05
200228  2.222644E-06  8.889061E-06
200229  2.042397E-06  6.404500E-06
200230  1.875298E-06  3.374029E-06
200231  1.749766E-06 -1.228723E-07
200232  1.685390E-06 -3.946072E-06
200233  1.684970E-06 -7.890731E-06
200234  1.728814E-06 -1.169018E-05
200235  1.773159E-06 -1.502870E-05
200236  1.753933E-06 -1.756617E-05
200237  1.595923E-06 -1.897432E-05
200238  1.226161E-06 -1.898139E-05
200239  5.891974E-07 -1.741869E-05
200240 -3.388124E-07 -1.426024E-05
200241 -1.540401E-06 -9.645876E-06
200242 -2.954135E-06 -3.879760E-06
200243 -4.480489E-06  2.599492E-06
200244 -5.996020E-06  9.275053E-06
200245 -7.373730E-06  1.562602E-05
200246 -8.505805E-06  2.120570E-05
200247 -9.323858E-06  2.570796E-05
200248 -9.811818E-06  2.900663E-05
200249 -1.000788E-05  3.115857E-05
200250 -9.994322E-06  3.236862E-05
200251 -9.876886E-06  3.292382E-05
200252 -9.758458E-06  3.311199E-05
200253 -9.713251E-06  3.314363E-05
200254 -9.768085E-06  3.309602E-05
200255 -9.895564E-06  3.289285E-05
200256 -1.002093E-05  3.232449E-05
200257 -1.004082E-05  3.110382E-05
200258 -9.849088E-06  2.894425E-05
200259 -9.363201E-06  2.564114E-05
200260 -8.544838E-06  2.113764E-05
200261 -7.410100E-06  1.555966E-05
200262 -6.027560E-06  9.213022E-06
200263 -4.505351E-06  2.543937E-06
200264 -2.970897E-06 -3.927216E-06
200265 -1.548141E-06 -9.684180E-06
200266 -3.371401E-07 -1.428893E-05
200267  6.001531E-07 -1.743790E-05
200268  1.245805E-06 -1.899183E-05
200269  1.623292E-06 -1.897722E-05
200270  1.787830E-06 -1.756319E-05
200271  1.812307E-06 -1.502182E-05
200272  1.772014E-06 -1.168155E-05
200273  1.731233E-06 -7.882455E-06
200274  1.734015E-06 -3.940071E-06
200275  1.800350E-06 -1.207059E-07
200276  1.927668E-06  3.371283E-06
200277  2.096483E-06  6.396320E-06
200278  2.278319E-06  8.875494E-06
200279  2.443820E-06  1.078254E-05
200280  2.569335E-06  1.213428E-05
200281  2.640914E-06  1.298108E-05
200282  2.655482E-06  1.339782E-05
200283  2.619618E-06  1.347560E-05
200284  2.546812E-06  1.331388E-05
200285  2.454147E-06  1.301303E-05
200286  2.359188E-06  1.266715E-05
200287  2.277547E-06  1.235745E-05
200288  2.221272E-06  1.214646E-05
200289  3.235798E-08  5.725995E-06
200290  7.762836E-08  5.945968E-06
200291  2.215792E-07  6.575434E-06
200292  4.535504E-07  7.558453E-06
200293  7.544173E-07  8.806497E-06
200294  1.095784E-06  1.020468E-05
200295  1.440546E-06  1.161927E-05
200296  1.745896E-06  1.290545E-05
200297  1.969335E-06  1.391461E-05
200298  2.077252E-06  1.450048E-05
200299  2.054404E-06  1.452469E-05
200300  1.911579E-06  1.386266E-05
200301  1.688294E-06  1.241206E-05
200302  1.448058E-06  1.010609E-05
200303  1.265450E-06  6.933021E-06
200304  1.206806E-06  2.961314E-06
200305  1.308696E-06 -1.633631E-06
200306  1.559900E-06 -6.548952E-06
200307  1.892543E-06 -1.135021E-05
200308  2.186303E-06 -1.549391E-05
200309  2.286690E-06 -1.838291E-05
200310  2.034965E-06 -1.945342E-05
200311  1.304307E-06 -1.828211E-05
200312  3.477547E-08 -1.469264E-05
200313 -1.740777E-06 -8.834717E-06
200314 -3.887163E-06 -1.209900E-06
200315 -6.178171E-06  7.373089E-06
200316 -8.329751E-06  1.591534E-05
200317 -1.005109E-05  2.340001E-05
200318 -1.110460E-05  2.898591E-05
200319 -1.136182E-05  3.217831E-05
200320 -1.084091E-05  3.293422E-05
200321 -9.713663E-06  3.167148E-05
200322 -8.276606E-06  2.917368E-05
200323 -6.889635E-06  2.640853E-05
200324 -5.895388E-06  2.430036E-05
200325 -5.538981E-06  2.351051E-05
200326 -5.909104E-06  2.427917E-05
200327 -6.916394E-06  2.636786E-05
200328 -8.315059E-06  2.911670E-05
200329 -9.761819E-06  3.160238E-05
200330 -1.089620E-05  3.285766E-05
200331 -1.142125E-05  3.209891E-05
200332 -1.116490E-05  2.890786E-05
200333 -1.010901E-05  2.332681E-05
200334 -8.382241E-06  1.584969E-05
200335 -6.222644E-06  7.316935E-06
200336 -3.921641E-06 -1.255343E-06
200337 -1.764016E-06 -8.868890E-06
200338  2.321949E-08 -1.471561E-05
200339  1.304051E-06 -1.829457E-05
200340  2.044870E-06 -1.945668E-05
200341  2.304949E-06 -1.837892E-05
200342  2.210695E-06 -1.548515E-05
200343  1.920733E-06 -1.133958E-05
200344  1.589811E-06 -6.539549E-06
200345  1.338847E-06 -1.628499E-06
200346  1.236552E-06  2.959494E-06
200347  1.295034E-06  6.922212E-06
200348  1.478456E-06  1.008512E-05
200349  1.720876E-06  1.238075E-05
200350  1.947659E-06  1.382182E-05
200351  2.094810E-06  1.447603E-05
200352  2.122002E-06  1.444634E-05
200353  2.017512E-06  1.385774E-05
200354  1.795732E-06  1.284872E-05
200355  1.489676E-06  1.156542E-05
200356  1.141589E-06  1.015617E-05
200357  7.943619E-07  8.765354E-06
200358  4.854535E-07  7.526273E-06
200359  2.437677E-07  6.553369E-06
200360  8.899515E-08  5.934756E-06
200361 -2.629234E-06 -4.123290E-06
200362 -2.554377E-06 -3.812901E-06
200363 -2.321199E-06 -2.919823E-06
200364 -1.935973E-06 -1.504382E-06
200365 -1.414250E-06  3.392641E-07
200366 -7.865248E-07  2.491394E-06
200367 -1.025860E-07  4.816139E-06
200368  5.684821E-07  7.170151E-06
200369  1.145215E-06  9.408494E-06
200370  1.548483E-06  1.138617E-05
200371  1.722011E-06  1.295489E-05
200372  1.653412E-06  1.395693E-05
200373  1.388173E-06  1.422066E-05
200374  1.029172E-06  1.356494E-05
200375  7.176298E-07  1.182023E-05
200376  5.972956E-07  8.871237E-06
200377  7.699878E-07  4.719213E-06
200378  1.255003E-06 -4.484023E-07
200379  1.965304E-06 -6.202981E-06
200380  2.709625E-06 -1.186169E-05
200381  3.223025E-06 -1.654035E-05
200382  3.221237E-06 -1.928228E-05
200383  2.468417E-06 -1.925110E-05
200384  8.446190E-07 -1.595067E-05
200385 -1.601610E-06 -9.416506E-06
200386 -4.628960E-06 -3.176800E-07
200387 -7.817811E-06  1.007888E-05
200388 -1.062826E-05  2.009870E-05
200389 -1.249803E-05  2.798018E-05
200390 -1.296554E-05  3.225984E-05
200391 -1.179259E-05  3.212968E-05
200392 -9.053975E-06  2.767052E-05
200393 -5.163453E-06  1.988937E-05
200394 -8.175985E-07  1.053535E-05
200395  3.139079E-06  1.726458E-06
200396  5.899840E-06 -4.528269E-06
200397  6.885408E-06 -6.795267E-06
200398  5.885376E-06 -4.554537E-06
200399  3.110527E-06  1.676882E-06
200400 -8.593637E-07  1.046779E-05
200401 -5.216883E-06  1.981054E-05
200402 -9.116733E-06  2.758734E-05
200403 -1.186159E-05  3.204830E-05
200404 -1.303716E-05  3.218500E-05
200405 -1.256842E-05  2.791497E-05
200406 -1.069376E-05  2.004471E-05
200407 -7.875217E-06  1.003657E-05
200408 -4.675762E-06 -3.486152E-07
200409 -1.636131E-06 -9.436786E-06
200410  8.231109E-07 -1.596129E-05
200411  2.459591E-06 -1.925334E-05
200412  3.223612E-06 -1.927781E-05
200413  3.233991E-06 -1.653134E-05
200414  2.725671E-06 -1.185093E-05
200415  1.982539E-06 -6.193808E-06
200416  1.269787E-06 -4.444986E-07
200417  7.798284E-07  4.714138E-06
200418  6.013758E-07  8.853896E-06
200419  7.170611E-07  1.178822E-05
200420  1.026737E-06  1.351713E-05
200421  1.387619E-06  1.415741E-05
200422  1.658476E-06  1.388012E-05
200423  1.735460E-06  1.286766E-05
200424  1.571424E-06  1.129255E-05
200425  1.176862E-06  9.312921E-06
200426  6.064023E-07  7.077023E-06
200427 -6.187160E-08  4.729451E-06
200428 -7.467868E-07  2.414528E-06
200429 -1.378886E-06  2.749020E-07
200430 -1.907596E-06 -1.554239E-06
200431 -2.301522E-06 -2.953781E-06
200432 -2.544343E-06 -3.830089E-06
200433 -4.793580E-06 -1.202108E-05
200434 -4.709568E-06 -1.171399E-05
200435 -4.447355E-06 -1.083437E-05
200436 -4.000101E-06 -9.435566E-06
200437 -3.365361E-06 -7.598043E-06
200438 -2.557132E-06 -5.418636E-06
200439 -1.618542E-06 -2.998520E-06
200440 -6.300616E-07 -4.327213E-07
200441  2.928603E-07  2.195567E-06
200442  1.017409E-06  4.812311E-06
200443  1.426296E-06  7.338874E-06
200444  1.458768E-06  9.667219E-06
200445  1.145759E-06  1.162954E-05
200446  6.226657E-07  1.297484E-05
200447  1.079736E-07  1.337076E-05
200448 -1.526185E-07  1.244852E-05
200449  3.696619E-08  9.899376E-06
200450  7.489657E-07  5.611527E-06
200451  1.885141E-06 -1.871310E-07
200452  3.174791E-06 -6.833020E-06
200453  4.221115E-06 -1.323340E-05
200454  4.586433E-06 -1.801241E-05
200455  3.898263E-06 -1.979483E-05
200456  1.955340E-06 -1.757703E-05
200457 -1.186645E-06 -1.109087E-05
200458 -5.168310E-06 -1.046249E-06
200459 -9.335922E-06  1.084837E-05
200460 -1.281997E-05  2.213757E-05
200461 -1.468584E-05  3.011791E-05
200462 -1.414087E-05  3.248048E-05
200463 -1.075845E-05  2.793600E-05
200464 -4.659059E-06  1.664735E-05
200465  3.416391E-06  3.312194E-07
200466  1.218754E-05 -1.802729E-05
200467  2.007461E-05 -3.479919E-05
200468  2.554947E-05 -4.653048E-05
200469  2.750570E-05 -5.075078E-05
200470  2.553935E-05 -4.656297E-05
200471  2.005375E-05 -3.485923E-05
200472  1.215513E-05 -1.810616E-05
200473  3.372156E-06  2.440198E-07
200474 -4.714245E-06  1.656193E-05
200475 -1.082234E-05  2.786031E-05
200476 -1.421005E-05  3.241934E-05
200477 -1.475625E-05  3.007295E-05
200478 -1.288755E-05  2.210786E-05
200479 -9.397041E-06  1.083147E-05
200480 -5.219999E-06 -1.053322E-06
200481 -1.226645E-06 -1.109087E-05
200482  1.928488E-06 -1.757214E-05
200483  3.884942E-06 -1.978675E-05
200484  4.585534E-06 -1.800260E-05
200485  4.229682E-06 -1.322355E-05
200486  3.188048E-06 -6.825382E-06
200487  1.897115E-06 -1.847296E-07
200488  7.537064E-07  5.604967E-06
200489  3.005701E-08  9.879787E-06
200490 -1.727431E-07  1.241210E-05
200491  7.655239E-08  1.331470E-05
200492  5.850164E-07  1.289800E-05
200493  1.108844E-06  1.153282E-05
200494  1.429634E-06  9.553609E-06
200495  1.410279E-06  7.213054E-06
200496  1.016891E-06  4.680011E-06
200497  3.069179E-07  2.062822E-06
200498 -6.050808E-07 -5.602152E-07
200499 -1.587791E-06 -3.115827E-06
200500 -2.525840E-06 -5.521755E-06
200501 -3.337691E-06 -7.683888E-06
200502 -3.978595E-06 -9.501841E-06
200503 -4.433035E-06 -1.087944E-05
200504 -4.702503E-06 -1.173679E-05
200505 -5.704768E-06 -1.453178E-05
200506 -5.633977E-06 -1.431609E-05
200507 -5.411474E-06 -1.371187E-05
200508 -5.016780E-06 -1.276022E-05
200509 -4.424564E-06 -1.151830E-05
200510 -3.619787E-06 -1.004548E-05
200511 -2.618137E-06 -8.388391E-06
200512 -1.486243E-06 -6.567906E-06
200513 -3.515937E-07 -4.571822E-06
200514  6.094726E-07 -2.357822E-06
200515  1.212361E-06  1.272574E-07
200516  1.327785E-06  2.906903E-06
200517  9.475336E-07  5.914447E-06
200518  2.222381E-07  8.926601E-06
200519 -5.547164E-07  1.152014E-05
200520 -1.023672E-06  1.308962E-05
200521 -8.757017E-07  1.295613E-05
200522  2.976917E-08  1.056889E-05
200523  1.589657E-06  5.758346E-06
200524  3.451828E-06 -1.040465E-06
200525  5.082243E-06 -8.693970E-06
200526  5.885297E-06 -1.548669E-05
200527  5.347843E-06 -1.947317E-05
200528  3.179258E-06 -1.900953E-05
200529 -5.733448E-07 -1.333035E-05
200530 -5.452486E-06 -2.990417E-06
200531 -1.058148E-05  1.000114E-05
200532 -1.474521E-05  2.245650E-05
200533 -1.658077E-05  3.068117E-05
200534 -1.487325E-05  3.140060E-05
200535 -8.908963E-06  2.270135E-05
200536  1.207558E-06  4.714088E-06
200537  1.438950E-05 -2.018347E-05
200538  2.865352E-05 -4.774279E-05
200539  4.148332E-05 -7.273766E-05
200540  5.040201E-05 -9.016105E-05
200541  5.359684E-05 -9.641840E-05
200542  5.040202E-05 -9.020198E-05
200543  4.148071E-05 -7.281179E-05
200544  2.864419E-05 -4.783669E-05
200545  1.436955E-05 -2.028147E-05
200546  1.174954E-06  4.626257E-06
200547 -8.953677E-06  2.263377E-05
200548 -1.492720E-05  3.135783E-05
200549 -1.663973E-05  3.066249E-05
200550 -1.480476E-05  2.245740E-05
200551 -1.063772E-05  1.001517E-05
200552 -5.502164E-06 -2.969748E-06
200553 -6.136082E-07 -1.330831E-05
200554  3.150993E-06 -1.898960E-05
200555  5.333485E-06 -1.945714E-05
200556  5.885120E-06 -1.547523E-05
200557  5.093797E-06 -8.687453E-06
200558  3.469418E-06 -1.039781E-06
200559  1.604960E-06  5.751210E-06
200560  3.368068E-08  1.055065E-05
200561 -8.904783E-07  1.292254E-05
200562 -1.060210E-06  1.303628E-05
200563 -6.105668E-07  1.144363E-05
200564  1.546702E-07  8.825522E-06
200565  8.789937E-07  5.790129E-06
200566  1.269216E-06  2.763385E-06
200567  1.171980E-06 -2.932922E-08
200568  5.908184E-07 -2.520279E-06
200569 -3.500855E-07 -4.732948E-06
200570 -1.470127E-06 -6.721288E-06
200571 -2.594824E-06 -8.528768E-06
200572 -3.596204E-06 -1.016871E-05
200573 -4.405413E-06 -1.162111E-05
200574 -5.003897E-06 -1.283995E-05
200575 -5.404349E-06 -1.376637E-05
200576 -5.631033E-06 -1.434376E-05
200577 -5.283656E-06 -1.130650E-05
200578 -5.233351E-06 -1.122860E-05
200579 -5.077704E-06 -1.103986E-05
200580 -4.795054E-06 -1.077251E-05
200581 -4.350247E-06 -1.046395E-05
200582 -3.704347E-06 -1.013816E-05
200583 -2.836299E-06 -9.787491E-06
200584 -1.774508E-06 -9.358328E-06
200585 -6.260520E-07 -8.742667E-06
200586  4.174129E-07 -7.778555E-06
200587  1.116449E-06 -6.266235E-06
200588  1.265835E-06 -4.011617E-06
200589  7.967769E-07 -9.065151E-07
200590 -1.482488E-07  2.960688E-06
200591 -1.215632E-06  7.198100E-06
200592 -1.934594E-06  1.106707E-05
200593 -1.878979E-06  1.356548E-05
200594 -8.350925E-07  1.366687E-05
200595  1.091811E-06  1.068011E-05
200596  3.472711E-06  4.623604E-06
200597  5.649254E-06 -3.535017E-06
200598  6.891022E-06 -1.191214E-05
200599  6.569664E-06 -1.808180E-05
200600  4.317087E-06 -1.974272E-05
200601  1.545424E-07 -1.551100E-05
200602 -5.413014E-06 -5.589848E-06
200603 -1.135560E-05  7.937260E-06
200604 -1.617111E-05  2.135720E-05
200605 -1.808312E-05  3.013101E-05
200606 -1.540806E-05  3.007815E-05
200607 -7.048621E-06  1.862376E-05
200608  7.013813E-06 -4.262646E-06
200609  2.541322E-05 -3.574583E-05
200610  4.545154E-05 -7.056430E-05
200611  6.358282E-05 -1.021557E-04
200612  7.624384E-05 -1.241896E-04
200613  8.079461E-05 -1.321054E-04
200614  7.625931E-05 -1.242409E-04
200615  6.360796E-05 -1.022472E-04
200616  4.547702E-05 -7.067708E-05
200617  2.542963E-05 -3.585819E-05
200618  7.014810E-06 -4.355622E-06
200619 -7.064721E-06  1.856249E-05
200620 -1.543874E-05  3.005270E-05
200621 -1.812353E-05  3.013797E-05
200622 -1.621614E-05  2.138801E-05
200623 -1.140112E-05  7.981151E-06
200624 -5.455814E-06 -5.543136E-06
200625  1.176177E-07 -1.546933E-05
200626  4.289837E-06 -1.971076E-05
200627  6.556134E-06 -1.806115E-05
200628  6.893842E-06 -1.190217E-05
200629  5.667458E-06 -3.534211E-06
200630  3.500284E-06  4.616341E-06
200631  1.118096E-06  1.066430E-05
200632 -8.228426E-07  1.363990E-05
200633 -1.891654E-06  1.352284E-05
200634 -1.977387E-06  1.100351E-05
200635 -1.285870E-06  7.109241E-06
200636 -2.358075E-07  2.844709E-06
200637  7.065724E-07 -1.047941E-06
200638  1.187893E-06 -4.173401E-06
200639  1.061705E-06 -6.440925E-06
200640  3.901416E-07 -7.957887E-06
200641 -6.286294E-07 -8.918976E-06
200642 -1.760393E-06 -9.525368E-06
200643 -2.815497E-06 -9.940512E-06
200644 -3.685495E-06 -1.027343E-05
200645 -4.338271E-06 -1.057816E-05
200646 -4.790551E-06 -1.086234E-05
200647 -5.078034E-06 -1.110207E-05
200648 -5.234795E-06 -1.126049E-05
200649 -4.069558E-06 -4.322074E-06
200650 -4.026256E-06 -4.376421E-06
200651 -3.904159E-06 -4.590567E-06
200652 -3.701988E-06 -4.999707E-06
200653 -3.402725E-06 -5.637111E-06
200654 -2.967154E-06 -6.507278E-06
200655 -2.345741E-06 -7.562875E-06
200656 -1.515398E-06 -8.691173E-06
200657 -5.309060E-07 -9.709561E-06
200658  4.390273E-07 -1.036635E-05
200659  1.128778E-06 -1.034844E-05
200660  1.265178E-06 -9.311022E-06
200661  7.059446E-07 -6.954490E-06
200662 -4.389898E-07 -3.162099E-06
200663 -1.779929E-06  1.828180E-06
200664 -2.752187E-06  7.294707E-06
200665 -2.822740E-06  1.204832E-05
200666 -1.710628E-06  1.466517E-05
200667  4.765885E-07  1.392236E-05
200668  3.244718E-06  9.316536E-06
200669  5.840986E-06  1.470010E-06
200670  7.447138E-06 -7.776368E-06
200671  7.370327E-06 -1.570422E-05
200672  5.195904E-06 -1.946798E-05
200673  9.062862E-07 -1.706631E-05
200674 -5.014513E-06 -8.226317E-06
200675 -1.149595E-05  5.130226E-06
200676 -1.687173E-05  1.907189E-05
200677 -1.903930E-05  2.853158E-05
200678 -1.586131E-05  2.867507E-05
200679 -5.789402E-06  1.638234E-05
200680  1.144461E-05 -8.612166E-06
200681  3.433375E-05 -4.329858E-05
200682  5.956770E-05 -8.186457E-05
200683  8.261216E-05 -1.169718E-04
200684  9.880573E-05 -1.415056E-04
200685  1.046492E-04 -1.503289E-04
200686  9.884056E-05 -1.415673E-04
200687  8.267170E-05 -1.170808E-04
200688  5.963556E-05 -8.199653E-05
200689  3.439323E-05 -4.342615E-05
200690  1.148404E-05 -8.712120E-06
200691 -5.773987E-06  1.632426E-05
200692 -1.586706E-05  2.866246E-05
200693 -1.905976E-05  2.855862E-05
200694 -1.690043E-05  1.912649E-05
200695 -1.152843E-05  5.197822E-06
200696 -5.048017E-06 -8.159310E-06
200697  8.746330E-07 -1.701007E-05
200698  5.170766E-06 -1.942812E-05
200699  7.358013E-06 -1.568193E-05
200700  7.453224E-06 -7.769531E-06
200701  5.866765E-06  1.465108E-06
200702  3.284518E-06  9.303199E-06
200703  5.177733E-07  1.390171E-05
200704 -1.684394E-06  1.463515E-05
200705 -2.826056E-06  1.200387E-05
200706 -2.792513E-06  7.229328E-06
200707 -1.854513E-06  1.736325E-06
200708 -5.353940E-07 -3.282713E-06
200709  6.059373E-07 -7.101667E-06
200710  1.179849E-06 -9.478465E-06
200711  1.071074E-06 -1.052748E-05
200712  4.133038E-07 -1.054816E-05
200713 -5.290750E-07 -9.886882E-06
200714 -1.496585E-06 -8.858973E-06
200715 -2.322374E-06 -7.717822E-06
200716 -2.949232E-06 -6.646593E-06
200717 -3.395040E-06 -5.757445E-06
200718 -3.703664E-06 -5.096661E-06
200719 -3.910384E-06 -4.659116E-06
200720 -4.031260E-06 -4.412043E-06
200721 -2.813670E-06  3.660986E-06
200722 -2.751483E-06  3.519787E-06
200723 -2.590527E-06  3.033031E-06
200724 -2.370731E-06  2.145439E-06
200725 -2.123716E-06  8.042130E-07
200726 -1.841976E-06 -1.000096E-06
200727 -1.469648E-06 -3.201546E-06
200728 -9.342160E-07 -5.647016E-06
200729 -2.171067E-07 -8.103298E-06
200730  5.725100E-07 -1.026856E-05
200731  1.179379E-06 -1.177496E-05
200732  1.283489E-06 -1.219235E-05
200733  6.676804E-07 -1.107401E-05
200734 -6.109361E-07 -8.089653E-06
200735 -2.156017E-06 -3.243979E-06
200736 -3.338493E-06  2.901508E-06
200737 -3.542698E-06  9.145212E-06
200738 -2.435690E-06  1.382512E-05
200739 -1.286455E-07  1.528369E-05
200740  2.838102E-06  1.249812E-05
200741  5.660200E-06  5.643428E-06
200742  7.493358E-06 -3.669638E-06
200743  7.644968E-06 -1.265873E-05
200744  5.696648E-06 -1.814244E-05
200745  1.587001E-06 -1.762612E-05
200746 -4.289316E-06 -1.034880E-05
200747 -1.094816E-05  2.101692E-06
200748 -1.671553E-05  1.589301E-05
200749 -1.930242E-05  2.583284E-05
200750 -1.619347E-05  2.682390E-05
200751 -5.371800E-06  1.546231E-05
200752  1.379015E-05 -8.726595E-06
200753  3.981688E-05 -4.282742E-05
200754  6.897572E-05 -8.102479E-05
200755  9.591005E-05 -1.159278E-04
200756  1.149786E-04 -1.403655E-04
200757  1.218894E-04 -1.491636E-04
200758  1.150347E-04 -1.404347E-04
200759  9.600680E-05 -1.160495E-04
200760  6.908830E-05 -8.117047E-05
200761  3.992008E-05 -4.296592E-05
200762  1.386649E-05 -8.831942E-06
200763 -5.328203E-06  1.540547E-05
200764 -1.617839E-05  2.681875E-05
200765 -1.930661E-05  2.587210E-05
200766 -1.673029E-05  1.596242E-05
200767 -1.096847E-05  2.184213E-06
200768 -4.313269E-06 -1.026912E-05
200769  1.561271E-06 -1.756121E-05
200770  5.673960E-06 -1.809868E-05
200771  7.633484E-06 -1.263685E-05
200772  7.501582E-06 -3.665992E-06
200773  5.692004E-06  5.634682E-06
200774  2.888680E-06  1.248235E-05
200775 -7.328057E-08  1.526337E-05
200776 -2.394799E-06  1.379831E-05
200777 -3.533956E-06  9.105882E-06
200778 -3.371165E-06  2.841612E-06
200779 -2.227168E-06 -3.331189E-06
200780 -7.062366E-07 -8.206631E-06
200781  5.690445E-07 -1.121761E-05
200782  1.201918E-06 -1.235477E-05
200783  1.128638E-06 -1.194643E-05
200784  5.562834E-07 -1.044028E-05
200785 -2.050095E-07 -8.269354E-06
200786 -9.064689E-07 -5.804557E-06
200787 -1.440317E-06 -3.349416E-06
200788 -1.821684E-06 -1.136811E-06
200789 -2.116750E-06  6.821098E-07
200790 -2.374915E-06  2.043848E-06
200791 -2.599504E-06  2.959343E-06
200792 -2.758210E-06  3.480870E-06
200793 -2.068436E-06  1.038939E-05
200794 -1.963825E-06  1.022404E-05
200795 -1.693885E-06  9.647220E-06
200796 -1.350504E-06  8.565932E-06
200797 -1.033545E-06  6.882380E-06
200798 -7.935738E-07  4.555039E-06
200799 -5.942442E-07  1.646392E-06
200800 -3.283719E-07 -1.664747E-06
200801  1.006896E-07 -5.108654E-06
200802  6.676702E-07 -8.361696E-06
200803  1.161943E-06 -1.105704E-05
200804  1.245649E-06 -1.276048E-05
200805  6.377767E-07 -1.296178E-05
200806 -6.687565E-07 -1.116624E-05
200807 -2.300555E-06 -7.127897E-06
200808 -3.602639E-06 -1.152724E-06
200809 -3.913138E-06  5.703571E-06
200810 -2.870907E-06  1.172525E-05
200811 -5.928776E-07  1.498263E-05
200812  2.359074E-06  1.402695E-05
200813  5.178930E-06  8.577597E-06
200814  7.062430E-06 -1.032401E-07
200815  7.383339E-06 -9.375096E-06
200816  5.765201E-06 -1.596241E-05
200817  2.106948E-06 -1.708364E-05
200818 -3.338936E-06 -1.158697E-05
200819 -9.786724E-06 -6.583350E-07
200820 -1.570910E-05  1.221814E-05
200821 -1.879184E-05  2.211627E-05
200822 -1.626368E-05  2.411391E-05
200823 -5.680380E-06  1.487474E-05
200824  1.400811E-05 -6.156353E-06
200825  4.152132E-05 -3.634431E-05
200826  7.293783E-05 -7.037745E-05
200827  1.023348E-04 -1.015409E-04
200828  1.233183E-04 -1.233701E-04
200829  1.309581E-04 -1.312318E-04
200830  1.233952E-04 -1.234414E-04
200831  1.024674E-04 -1.016655E-04
200832  7.309223E-05 -7.052590E-05
200833  4.166338E-05 -3.648437E-05
200834  1.411471E-05 -6.261739E-06
200835 -5.616338E-06  1.481930E-05
200836 -1.623555E-05  2.411154E-05
200837 -1.878654E-05  2.215968E-05
200838 -1.571499E-05  1.229289E-05
200839 -9.797954E-06 -5.700017E-07
200840 -3.354683E-06 -1.150219E-05
200841  2.086915E-06 -1.701555E-05
200842  5.745027E-06 -1.591796E-05
200843  7.372220E-06 -9.354636E-06
200844  7.071182E-06 -1.017791E-07
200845  5.213763E-06  8.567738E-06
200846  2.416300E-06  1.401280E-05
200847 -5.278212E-07  1.496743E-05
200848 -2.819025E-06  1.170666E-05
200849 -3.893888E-06  5.674134E-06
200850 -3.626095E-06 -1.202682E-06
200851 -2.363310E-06 -7.206024E-06
200852 -7.552121E-07 -1.127459E-05
200853  5.496181E-07 -1.309568E-05
200854  1.176558E-06 -1.291040E-05
200855  1.125039E-06 -1.121234E-05
200856  6.652796E-07 -8.514283E-06
200857  1.251340E-07 -5.254775E-06
200858 -2.908402E-07 -1.804423E-06
200859 -5.580291E-07  1.511770E-06
200860 -7.688943E-07  4.425618E-06
200861 -1.023861E-06  6.761898E-06
200862 -1.352859E-06  8.462033E-06
200863 -1.701552E-06  9.569852E-06
200864 -1.969809E-06  1.018253E-05
200865 -2.005076E-06  1.469145E-05
200866 -1.848435E-06  1.456061E-05
200867 -1.435937E-06  1.406660E-05
200868 -9.082933E-07  1.306532E-05
200869 -4.350306E-07  1.139299E-05
200870 -1.352518E-07  8.951927E-06
200871 -1.110916E-08  5.781424E-06
200872  5.878994E-08  2.076566E-06
200873  2.379363E-07 -1.858289E-06
200874  5.912196E-07 -5.686367E-06
200875  9.762250E-07 -9.076309E-06
200876  1.068044E-06 -1.165911E-05
200877  5.442615E-07 -1.295272E-05
200878 -6.654422E-07 -1.238076E-05
200879 -2.235143E-06 -9.483887E-06
200880 -3.526824E-06 -4.279872E-06
200881 -3.878260E-06  2.427272E-06
200882 -2.931457E-06  9.027599E-06
200883 -8.131620E-07  1.349513E-05
200884  1.919702E-06  1.410032E-05
200885  4.509792E-06  1.017667E-05
200886  6.254102E-06  2.603257E-06
200887  6.650626E-06 -6.261885E-06
200888  5.406253E-06 -1.326500E-05
200889  2.392880E-06 -1.556925E-05
200890 -2.307302E-06 -1.180236E-05
200891 -8.184324E-06 -2.784812E-06
200892 -1.398243E-05  8.487562E-06
200893 -1.751650E-05  1.766077E-05
200894 -1.590749E-05  2.038697E-05
200895 -6.379281E-06  1.376652E-05
200896  1.254171E-05 -2.636278E-06
200897  3.989215E-05 -2.654369E-05
200898  7.179696E-05 -5.352967E-05
200899  1.020709E-04 -7.816552E-05
200900  1.238684E-04 -9.536213E-05
200901  1.318422E-04 -1.015451E-04
200902  1.239634E-04 -9.542814E-05
200903  1.022341E-04 -7.828078E-05
200904  7.198571E-05 -5.366666E-05
200905  4.006400E-05 -2.667298E-05
200906  1.266870E-05 -2.734090E-06
200907 -6.304575E-06  1.371421E-05
200908 -1.587527E-05  2.038379E-05
200909 -1.750934E-05  1.770126E-05
200910 -1.398543E-05  8.559232E-06
200911 -8.190633E-06 -2.698613E-06
200912 -2.317194E-06 -1.171884E-05
200913  2.377692E-06 -1.550226E-05
200914  5.388564E-06 -1.322203E-05
200915  6.639680E-06 -6.243052E-06
200916  6.261981E-06  2.603998E-06
200917  4.544321E-06  1.016840E-05
200918  1.978272E-06  1.409112E-05
200919 -7.448865E-07  1.348836E-05
200920 -2.874737E-06  9.019940E-06
200921 -3.852634E-06  2.409615E-06
200922 -3.541900E-06 -4.318615E-06
200923 -2.286720E-06 -9.551658E-06
200924 -7.374696E-07 -1.247847E-05
200925  4.732696E-07 -1.307372E-05
200926  1.017288E-06 -1.179212E-05
200927  9.567118E-07 -9.210323E-06
200928  6.034595E-07 -5.814681E-06
200929  2.733882E-07 -1.979907E-06
200930  1.040125E-07  1.958519E-06
200931  3.068576E-08  5.663161E-06
200932 -1.056038E-07  8.832585E-06
200933 -4.199244E-07  1.127683E-05
200934 -9.047179E-07  1.296168E-05
200935 -1.438209E-06  1.398766E-05
200936 -1.851140E-06  1.451773E-05
200937 -2.471582E-06  1.641444E-05
200938 -2.270741E-06  1.635921E-05
200939 -1.730962E-06  1.607154E-05
200940 -1.027050E-06  1.535014E-05
200941 -3.823001E-07  1.395335E-05
200942  2.379499E-08  1.171104E-05
200943  1.448591E-07  8.624644E-06
200944  9.779702E-08  4.899811E-06
200945  9.064023E-08  8.808834E-07
200946  2.665406E-07 -3.075182E-06
200947  5.599735E-07 -6.682055E-06
200948  6.863704E-07 -9.677758E-06
200949  3.128231E-07 -1.168277E-05
200950 -6.801648E-07 -1.212659E-05
200951 -2.029853E-06 -1.040642E-05
200952 -3.157540E-06 -6.274341E-06
200953 -3.451756E-06 -2.404812E-07
200954 -2.594699E-06  6.296933E-06
200955 -7.302137E-07  1.136465E-05
200956  1.613881E-06  1.310741E-05
200957  3.773748E-06  1.058914E-05
200958  5.198038E-06  4.343646E-06
200959  5.553615E-06 -3.615432E-06
200960  4.664493E-06 -1.041077E-05
200961  2.395284E-06 -1.335857E-05
200962 -1.343690E-06 -1.106314E-05
200963 -6.354019E-06 -4.091227E-06
200964 -1.173392E-05  5.080953E-06
200965 -1.555703E-05  1.286118E-05
200966 -1.499250E-05  1.578133E-05
200967 -7.069629E-06  1.170418E-05
200968  1.004819E-05  5.376247E-07
200969  3.578081E-05 -1.577971E-05
200970  6.650794E-05 -3.393750E-05
200971  9.609772E-05 -5.022376E-05
200972  1.175941E-04 -6.142420E-05
200973  1.254958E-04 -6.542083E-05
200974  1.177026E-04 -6.147746E-05
200975  9.628311E-05 -5.031683E-05
200976  6.672012E-05 -3.404858E-05
200977  3.597071E-05 -1.588586E-05
200978  1.018442E-05  4.550331E-07
200979 -6.993963E-06  1.165704E-05
200980 -1.496425E-05  1.577459E-05
200981 -1.555465E-05  1.289299E-05
200982 -1.173945E-05  5.142798E-06
200983 -6.359635E-06 -4.013345E-06
200984 -1.350557E-06 -1.098561E-05
200985  2.383612E-06 -1.329565E-05
200986  4.649108E-06 -1.037052E-05
200987  5.542896E-06 -3.597911E-06
200988  5.204106E-06  4.345166E-06
200989  3.805033E-06  1.058460E-05
200990  1.668595E-06  1.310527E-05
200991 -6.654146E-07  1.136774E-05
200992 -2.539758E-06  6.300525E-06
200993 -3.424511E-06 -2.470817E-07
200994 -3.165883E-06 -6.303084E-06
200995 -2.068608E-06 -1.046473E-05
200996 -7.338118E-07 -1.221355E-05
200997  2.635149E-07 -1.178950E-05
200998  6.572177E-07 -9.791643E-06
200999  5.586918E-07 -6.792440E-06
201000  2.916664E-07 -3.177459E-06
201001  1.336131E-07  7.846901E-07
201002  1.469167E-07  4.803762E-06
201003  1.895818E-07  8.523218E-06
201004  5.783737E-08  1.160303E-05
201005 -3.601581E-07  1.384380E-05
201006 -1.014475E-06  1.524976E-05
201007 -1.724607E-06  1.599389E-05
201008 -2.268125E-06  1.631670E-05
201009 -3.168014E-06  1.604525E-05
201010 -2.944577E-06  1.608441E-05
201011 -2.333375E-06  1.606282E-05
201012 -1.522610E-06  1.572361E-05
201013 -7.624440E-07  1.474616E-05
201014 -2.698674E-07  1.288275E-05
201015 -1.273049E-07  1.008992E-05
201016 -2.343224E-07  6.580891E-06
201017 -3.651034E-07  2.745878E-06
201018 -3.235356E-07 -1.025384E-06
201019 -1.038946E-07 -4.483870E-06
201020  7.033006E-08 -7.487677E-06
201021 -1.093371E-07 -9.803718E-06
201022 -7.870318E-07 -1.093821E-05
201023 -1.769138E-06 -1.022354E-05
201024 -2.574049E-06 -7.204967E-06
201025 -2.692447E-06 -2.111970E-06
201026 -1.886340E-06  3.915743E-06
201027 -3.274323E-07  9.060576E-06
201028  1.504203E-06  1.147748E-05
201029  3.073668E-06  1.009216E-05
201030  4.018370E-06  5.178193E-06
201031  4.204956E-06 -1.589413E-06
201032  3.600687E-06 -7.694971E-06
201033  2.088279E-06 -1.076621E-05
201034 -5.723489E-07 -9.569101E-06
201035 -4.492458E-06 -4.563944E-06
201036 -9.165132E-06  2.243514E-06
201037 -1.302300E-05  8.103400E-06
201038 -1.343593E-05  1.062244E-05
201039 -7.403505E-06  8.672262E-06
201040  7.163436E-06  2.709761E-06
201041  3.008055E-05 -5.588541E-06
201042  5.815418E-05 -1.412382E-05
201043  8.561304E-05 -2.114703E-05
201044  1.057466E-04 -2.562884E-05
201045  1.131838E-04 -2.716303E-05
201046  1.058624E-04 -2.566286E-05
201047  8.580978E-05 -2.120702E-05
201048  5.837667E-05 -1.419700E-05
201049  3.027556E-05 -5.661640E-06
201050  7.297991E-06  2.648186E-06
201051 -7.335070E-06  8.631550E-06
201052 -1.341751E-05  1.060973E-05
201053 -1.302987E-05  8.122033E-06
201054 -9.177107E-06  2.290486E-06
201055 -4.500937E-06 -4.498867E-06
201056 -5.790335E-07 -9.500879E-06
201057  2.078455E-06 -1.070928E-05
201058  3.587136E-06 -7.657964E-06
201059  4.194504E-06 -1.572597E-06
201060  4.022004E-06  5.181808E-06
201061  3.099363E-06  1.009276E-05
201062  1.550675E-06  1.148321E-05
201063 -2.718411E-07  9.073157E-06
201064 -1.838785E-06  3.928935E-06
201065 -2.667485E-06 -2.110046E-06
201066 -2.576888E-06 -7.226298E-06
201067 -1.793717E-06 -1.027413E-05
201068 -8.194368E-07 -1.101486E-05
201069 -1.341748E-07 -9.895492E-06
201070  6.407663E-08 -7.581356E-06
201071 -8.786624E-08 -4.570095E-06
201072 -2.885023E-07 -1.102237E-06
201073 -3.187598E-07  2.673418E-06
201074 -1.854200E-07  6.504789E-06
201075 -8.265700E-08  1.000396E-05
201076 -2.327258E-07  1.278627E-05
201077 -7.328813E-07  1.464523E-05
201078 -1.499545E-06  1.562975E-05
201079 -2.316668E-06  1.598981E-05
201080 -2.935520E-06  1.604438E-05
201081 -3.811477E-06  1.430466E-05
201082 -3.593850E-06  1.443622E-05
201083 -2.988988E-06  1.468027E-05
201084 -2.177348E-06  1.473223E-05
201085 -1.405600E-06  1.420187E-05
201086 -8.977775E-07  1.277103E-05
201087 -7.542346E-07  1.035429E-05
201088 -8.950874E-07  7.172497E-06
201089 -1.102050E-06  3.663579E-06
201090 -1.157372E-06  2.582616E-07
201091 -9.994714E-07 -2.818442E-06
201092 -7.774841E-07 -5.536654E-06
201093 -7.416037E-07 -7.822461E-06
201094 -1.031046E-06 -9.302705E-06
201095 -1.519561E-06 -9.315398E-06
201096 -1.853475E-06 -7.274688E-06
201097 -1.672596E-06 -3.180697E-06
201098 -8.570166E-07  2.083259E-06
201099  3.805245E-07  6.911766E-06
201100  1.619564E-06  9.574657E-06
201101  2.478804E-06  8.983944E-06
201102  2.808761E-06  5.258891E-06
201103  2.695505E-06 -2.138506E-07
201104  2.270166E-06 -5.308085E-06
201105  1.463465E-06 -8.066939E-06
201106 -7.672221E-08 -7.568427E-06
201107 -2.741832E-06 -4.313743E-06
201108 -6.429492E-06  7.072228E-08
201109 -1.000767E-05  3.678624E-06
201110 -1.119331E-05  5.287570E-06
201111 -7.137099E-06  4.934036E-06
201112  4.358656E-06  3.779765E-06
201113  2.347886E-05  3.334372E-06
201114  4.759741E-05  4.484490E-06
201115  7.159687E-05  6.925427E-06
201116  8.937023E-05  9.364894E-06
201117  9.597023E-05  1.037802E-05
201118  8.948638E-05  9.354622E-06
201119  7.179275E-05  6.905920E-06
201120  4.781604E-05  4.457001E-06
201121  2.366600E-05  3.300264E-06
201122  4.481834E-06  3.742122E-06
201123 -7.081876E-06  4.899653E-06
201124 -1.118792E-05  5.266606E-06
201125 -1.002574E-05  3.680645E-06
201126 -6.449887E-06  9.916469E-08
201127 -2.755575E-06 -4.264677E-06
201128 -8.565561E-08 -7.511840E-06
201129  1.453707E-06 -8.017216E-06
201130  2.257620E-06 -5.274453E-06
201131  2.685035E-06 -1.970357E-07
201132  2.809295E-06  5.265609E-06
201133  2.496984E-06  8.990299E-06
201134  1.654380E-06  9.587812E-06
201135  4.226482E-07  6.932019E-06
201136 -8.207203E-07  2.103041E-06
201137 -1.652217E-06 -3.173706E-06
201138 -1.851016E-06 -7.291500E-06
201139 -1.528468E-06 -9.359822E-06
201140 -1.040105E-06 -9.369055E-06
201141 -7.405086E-07 -7.898362E-06
201142 -7.608921E-07 -5.609331E-06
201143 -9.679157E-07 -2.880820E-06
201144 -1.115530E-06  2.049714E-07
201145 -1.055980E-06  3.611777E-06
201146 -8.497978E-07  7.113023E-06
201147 -7.122617E-07  1.028145E-05
201148 -8.591669E-07  1.268559E-05
201149 -1.369427E-06  1.411118E-05
201150 -2.144092E-06  1.464801E-05
201151 -2.962001E-06  1.461521E-05
201152 -3.578359E-06  1.440079E-05
201153 -4.228516E-06  1.186380E-05
201154 -4.045078E-06  1.206939E-05
201155 -3.526818E-06  1.253032E-05
201156 -2.828352E-06  1.290688E-05
201157 -2.164984E-06  1.275745E-05
201158 -1.737132E-06  1.171264E-05
201159 -1.641313E-06  9.658907E-06
201160 -1.816393E-06  6.828644E-06
201161 -2.071635E-06  3.703565E-06
201162 -2.197205E-06  7.531835E-07
201163 -2.094085E-06 -1.812429E-06
201164 -1.830012E-06 -4.056818E-06
201165 -1.568844E-06 -6.053897E-06
201166 -1.417111E-06 -7.568450E-06
201167 -1.310596E-06 -7.998708E-06
201168 -1.046838E-06 -6.705832E-06
201169 -4.534904E-07 -3.532152E-06
201170  4.382027E-07  8.613965E-07
201171  1.360876E-06  5.102903E-06
201172  1.959199E-06  7.651882E-06
201173  2.020025E-06  7.514102E-06
201174  1.620961E-06  4.761060E-06
201175  1.079677E-06  5.611315E-07
201176  7.093799E-07 -3.340525E-06
201177  5.224679E-07 -5.460724E-06
201178  1.034631E-07 -5.297151E-06
201179 -1.174257E-06 -3.514537E-06
201180 -3.605754E-06 -1.458281E-06
201181 -6.558296E-06 -2.353854E-07
201182 -8.239382E-06  1.217550E-07
201183 -6.139853E-06  8.828015E-07
201184  1.885607E-06  4.003150E-06
201185  1.634500E-05  1.090596E-05
201186  3.530476E-05  2.132105E-05
201187  5.458594E-05  3.291867E-05
201188  6.904183E-05  4.209481E-05
201189  7.444458E-05  4.559466E-05
201190  6.915079E-05  4.211030E-05
201191  5.476833E-05  3.294269E-05
201192  3.550541E-05  2.134200E-05
201193  1.651217E-05  1.091227E-05
201194  1.989409E-06  3.989262E-06
201195 -6.101526E-06  8.532825E-07
201196 -8.247693E-06  9.030148E-08
201197 -6.587144E-06 -2.525441E-07
201198 -3.634544E-06 -1.450979E-06
201199 -1.194221E-06 -3.483854E-06
201200  9.066208E-08 -5.253992E-06
201201  5.111771E-07 -5.419142E-06
201202  6.966971E-07 -3.310284E-06
201203  1.068373E-06  5.785336E-07
201204  1.617340E-06  4.771437E-06
201205  2.028881E-06  7.525977E-06
201206  1.979781E-06  7.670879E-06
201207  1.386786E-06  5.127824E-06
201208  4.612339E-07  8.839079E-07
201209 -4.382816E-07 -3.523782E-06
201210 -1.038222E-06 -6.720582E-06
201211 -1.302187E-06 -8.037606E-06
201212 -1.401390E-06 -7.623551E-06
201213 -1.541416E-06 -6.112296E-06
201214 -1.791511E-06 -4.107394E-06
201215 -2.049023E-06 -1.851322E-06
201216 -2.151097E-06  7.213763E-07
201217 -2.028346E-06  3.669118E-06
201218 -1.776874E-06  6.782292E-06
201219 -1.603828E-06  9.596605E-06
201220 -1.698752E-06  1.163741E-05
201221 -2.124030E-06  1.267808E-05
201222 -2.786875E-06  1.283470E-05
201223 -3.491339E-06  1.247586E-05
201224 -4.024244E-06  1.204025E-05
