Mesh2HRTF 1.0.0-dev
    1
    1  1225
200000 -6.457939E-06 -1.915034E-05
200001 -4.877069E-06 -1.941554E-05
200002 -4.704186E-06 -1.921421E-05
200003 -4.533591E-06 -1.897992E-05
200004 -4.369435E-06 -1.872560E-05
200005 -4.215709E-06 -1.846362E-05
200006 -4.076137E-06 -1.820548E-05
200007 -3.954110E-06 -1.796155E-05
200008 -3.852615E-06 -1.774093E-05
200009 -3.774197E-06 -1.755132E-05
200010 -3.720920E-06 -1.739900E-05
200011 -3.694349E-06 -1.728877E-05
200012 -3.695535E-06 -1.722398E-05
200013 -3.725009E-06 -1.720656E-05
200014 -3.782782E-06 -1.723696E-05
200015 -3.868340E-06 -1.731423E-05
200016 -3.980656E-06 -1.743600E-05
200017 -4.118191E-06 -1.759842E-05
200018 -4.278910E-06 -1.779624E-05
200019 -4.460300E-06 -1.802273E-05
200020 -4.659391E-06 -1.826979E-05
200021 -4.872796E-06 -1.852793E-05
200022 -5.096754E-06 -1.878648E-05
200023 -5.327190E-06 -1.903367E-05
200024 -5.559788E-06 -1.925699E-05
200025 -5.790075E-06 -1.944341E-05
200026 -6.013528E-06 -1.957990E-05
200027 -6.225677E-06 -1.965380E-05
200028 -6.422233E-06 -1.965343E-05
200029 -6.599211E-06 -1.956860E-05
200030 -6.753054E-06 -1.939119E-05
200031 -6.880759E-06 -1.911567E-05
200032 -6.979984E-06 -1.873955E-05
200033 -7.049141E-06 -1.826376E-05
200034 -7.087475E-06 -1.769282E-05
200035 -7.095103E-06 -1.703490E-05
200036 -7.073034E-06 -1.630171E-05
200037 -7.023148E-06 -1.550819E-05
200038 -6.948143E-06 -1.467202E-05
200039 -6.851447E-06 -1.381304E-05
200040 -6.737100E-06 -1.295249E-05
200041 -6.609609E-06 -1.211230E-05
200042 -6.473776E-06 -1.131426E-05
200043 -6.334525E-06 -1.057925E-05
200044 -6.196708E-06 -9.926586E-06
200045 -6.064929E-06 -9.373404E-06
200046 -5.943371E-06 -8.934151E-06
200047 -5.835644E-06 -8.620225E-06
200048 -5.744659E-06 -8.439692E-06
200049 -5.672527E-06 -8.397121E-06
200050 -5.620497E-06 -8.493499E-06
200051 -5.588918E-06 -8.726229E-06
200052 -5.577244E-06 -9.089196E-06
200053 -5.584061E-06 -9.572924E-06
200054 -5.607157E-06 -1.016479E-05
200055 -5.643613E-06 -1.084937E-05
200056 -5.689924E-06 -1.160880E-05
200057 -5.742140E-06 -1.242336E-05
200058 -5.796026E-06 -1.327203E-05
200059 -5.847253E-06 -1.413318E-05
200060 -5.891543E-06 -1.498533E-05
200061 -5.924881E-06 -1.580788E-05
200062 -5.943668E-06 -1.658187E-05
200063 -5.944870E-06 -1.729061E-05
200064 -5.926150E-06 -1.792025E-05
200065 -5.885957E-06 -1.846025E-05
200066 -5.823584E-06 -1.890354E-05
200067 -5.739191E-06 -1.924672E-05
200068 -5.633783E-06 -1.948987E-05
200069 -5.509162E-06 -1.963638E-05
200070 -5.367840E-06 -1.969255E-05
200071 -5.212932E-06 -1.966713E-05
200072 -5.048030E-06 -1.957078E-05
200073 -2.578736E-06 -1.529456E-05
200074 -2.065252E-06 -1.412852E-05
200075 -1.562053E-06 -1.295446E-05
200076 -1.081651E-06 -1.181406E-05
200077 -6.348191E-07 -1.074135E-05
200078 -2.305018E-07 -9.762756E-06
200079  1.241281E-07 -8.897585E-06
200080  4.235166E-07 -8.158957E-06
200081  6.635127E-07 -7.554960E-06
200082  8.411314E-07 -7.089910E-06
200083  9.543275E-07 -6.765591E-06
200084  1.001808E-06 -6.582348E-06
200085  9.828945E-07 -6.539935E-06
200086  8.974523E-07 -6.638043E-06
200087  7.458715E-07 -6.876454E-06
200088  5.291191E-07 -7.254818E-06
200089  2.488370E-07 -7.772059E-06
200090 -9.251325E-08 -8.425486E-06
200091 -4.914742E-07 -9.209666E-06
200092 -9.434039E-07 -1.011519E-05
200093 -1.442296E-06 -1.112742E-05
200094 -1.980635E-06 -1.222540E-05
200095 -2.549315E-06 -1.338101E-05
200096 -3.137642E-06 -1.455854E-05
200097 -3.733449E-06 -1.571477E-05
200098 -4.323313E-06 -1.679972E-05
200099 -4.892904E-06 -1.775815E-05
200100 -5.427412E-06 -1.853174E-05
200101 -5.912073E-06 -1.906209E-05
200102 -6.332746E-06 -1.929432E-05
200103 -6.676517E-06 -1.918100E-05
200104 -6.932306E-06 -1.868630E-05
200105 -7.091459E-06 -1.778971E-05
200106 -7.148274E-06 -1.648911E-05
200107 -7.100460E-06 -1.480258E-05
200108 -6.949469E-06 -1.276879E-05
200109 -6.700677E-06 -1.044560E-05
200110 -6.363374E-06 -7.907011E-06
200111 -5.950525E-06 -5.238605E-06
200112 -5.478301E-06 -2.532084E-06
200113 -4.965385E-06  1.206179E-07
200114 -4.432078E-06  2.632851E-06
200115 -3.899304E-06  4.927784E-06
200116 -3.387565E-06  6.941470E-06
200117 -2.915954E-06  8.624207E-06
200118 -2.501320E-06  9.940273E-06
200119 -2.157619E-06  1.086639E-05
200120 -1.895497E-06  1.138948E-05
200121 -1.722083E-06  1.150437E-05
200122 -1.640953E-06  1.121205E-05
200123 -1.652214E-06  1.051891E-05
200124 -1.752642E-06  9.437099E-06
200125 -1.935849E-06  7.985945E-06
200126 -2.192456E-06  6.193888E-06
200127 -2.510297E-06  4.100471E-06
200128 -2.874688E-06  1.757690E-06
200129 -3.268819E-06 -7.698320E-07
200130 -3.674279E-06 -3.406182E-06
200131 -4.071766E-06 -6.067092E-06
200132 -4.441932E-06 -8.664243E-06
200133 -4.766328E-06 -1.111049E-05
200134 -5.028374E-06 -1.332540E-05
200135 -5.214259E-06 -1.524039E-05
200136 -5.313687E-06 -1.680296E-05
200137 -5.320405E-06 -1.797949E-05
200138 -5.232454E-06 -1.875636E-05
200139 -5.052138E-06 -1.913954E-05
200140 -4.785719E-06 -1.915260E-05
200141 -4.442883E-06 -1.883366E-05
200142 -4.036029E-06 -1.823164E-05
200143 -3.579453E-06 -1.740222E-05
200144 -3.088498E-06 -1.640391E-05
200145 -1.273891E-07 -7.485616E-06
200146  7.000142E-07 -5.252974E-06
200147  1.477660E-06 -3.185708E-06
200148  2.188834E-06 -1.337335E-06
200149  2.822943E-06  2.614240E-07
200150  3.374793E-06  1.599676E-06
200151  3.843432E-06  2.682615E-06
200152  4.230779E-06  3.527317E-06
200153  4.540251E-06  4.158290E-06
200154  4.775571E-06  4.603031E-06
200155  4.939884E-06  4.887831E-06
200156  5.035190E-06  5.034106E-06
200157  5.062093E-06  5.055558E-06
200158  5.019759E-06  4.956408E-06
200159  4.906042E-06  4.730881E-06
200160  4.717729E-06  4.364002E-06
200161  4.450893E-06  3.833615E-06
200162  4.101399E-06  3.113449E-06
200163  3.665574E-06  2.176932E-06
200164  3.141050E-06  1.001454E-06
200165  2.527732E-06 -4.272076E-07
200166  1.828776E-06 -2.110581E-06
200167  1.051440E-06 -4.033492E-06
200168  2.076594E-07 -6.160595E-06
200169 -6.857740E-07 -8.433697E-06
200170 -1.607484E-06 -1.077024E-05
200171 -2.532211E-06 -1.306344E-05
200172 -3.431844E-06 -1.518467E-05
200173 -4.276653E-06 -1.698863E-05
200174 -5.036580E-06 -1.832178E-05
200175 -5.682495E-06 -1.903387E-05
200176 -6.187402E-06 -1.899217E-05
200177 -6.527616E-06 -1.809700E-05
200178 -6.684011E-06 -1.629660E-05
200179 -6.643371E-06 -1.359904E-05
200180 -6.399849E-06 -1.007871E-05
200181 -5.956385E-06 -5.875282E-06
200182 -5.325823E-06 -1.184338E-06
200183 -4.531413E-06  3.760076E-06
200184 -3.606369E-06  8.708885E-06
200185 -2.592299E-06  1.342408E-05
200186 -1.536517E-06  1.770323E-05
200187 -4.885111E-07  2.139823E-05
200188  5.039428E-07  2.442472E-05
200189  1.398391E-06  2.676082E-05
200190  2.160450E-06  2.843527E-05
200191  2.765269E-06  2.950788E-05
200192  3.197580E-06  3.004648E-05
200193  3.450561E-06  3.010542E-05
200194  3.523985E-06  2.971029E-05
200195  3.422299E-06  2.885220E-05
200196  3.153210E-06  2.749277E-05
200197  2.727163E-06  2.557855E-05
200198  2.157769E-06  2.306163E-05
200199  1.462911E-06  1.992185E-05
200200  6.660403E-07  1.618551E-05
200201 -2.029443E-07  1.193678E-05
200202 -1.107727E-06  7.319039E-06
200203 -2.006785E-06  2.525892E-06
200204 -2.855748E-06 -2.216571E-06
200205 -3.610600E-06 -6.673044E-06
200206 -4.231213E-06 -1.062376E-05
200207 -4.684667E-06 -1.388673E-05
200208 -4.947869E-06 -1.633429E-05
200209 -5.009150E-06 -1.790192E-05
200210 -4.868718E-06 -1.858906E-05
200211 -4.538029E-06 -1.845275E-05
200212 -4.038261E-06 -1.759587E-05
200213 -3.398137E-06 -1.615261E-05
200214 -2.651364E-06 -1.427317E-05
200215 -1.833948E-06 -1.210983E-05
200216 -9.815916E-07 -9.805513E-06
200217  1.918648E-06  1.669127E-06
200218  2.831498E-06  4.352866E-06
200219  3.614651E-06  6.586947E-06
200220  4.259155E-06  8.351185E-06
200221  4.769823E-06  9.659449E-06
200222  5.162273E-06  1.055235E-05
200223  5.458808E-06  1.109052E-05
200224  5.683922E-06  1.134815E-05
200225  5.860298E-06  1.140620E-05
200226  6.005951E-06  1.134514E-05
200227  6.132819E-06  1.123745E-05
200228  6.246660E-06  1.114028E-05
200229  6.347780E-06  1.108944E-05
200230  6.432021E-06  1.109535E-05
200231  6.491532E-06  1.114184E-05
200232  6.515131E-06  1.118785E-05
200233  6.488416E-06  1.117203E-05
200234  6.394004E-06  1.101932E-05
200235  6.212335E-06  1.064869E-05
200236  5.923323E-06  9.980897E-06
200237  5.508850E-06  8.945819E-06
200238  4.955767E-06  7.488885E-06
200239  4.258810E-06  5.577033E-06
200240  3.422800E-06  3.204712E-06
200241  2.463552E-06  4.004751E-07
200242  1.407290E-06 -2.765721E-06
200243  2.886776E-07 -6.175293E-06
200244 -8.520037E-07 -9.655653E-06
200245 -1.971823E-06 -1.297938E-05
200246 -3.027586E-06 -1.587105E-05
200247 -3.977192E-06 -1.802429E-05
200248 -4.779958E-06 -1.913027E-05
200249 -5.396411E-06 -1.891627E-05
200250 -5.788431E-06 -1.718979E-05
200251 -5.920642E-06 -1.388123E-05
200252 -5.763685E-06 -9.075796E-06
200253 -5.299291E-06 -3.025777E-06
200254 -4.526280E-06  3.863589E-06
200255 -3.465931E-06  1.107654E-05
200256 -2.164877E-06  1.805346E-05
200257 -6.939599E-07  2.427143E-05
200258  8.576182E-07  2.932383E-05
200259  2.392289E-06  3.298238E-05
200260  3.816427E-06  3.522749E-05
200261  5.052300E-06  3.623889E-05
200262  6.046837E-06  3.634673E-05
200263  6.775105E-06  3.595254E-05
200264  7.237757E-06  3.543682E-05
200265  7.453393E-06  3.507313E-05
200266  7.448186E-06  3.496776E-05
200267  7.245915E-06  3.503828E-05
200268  6.861337E-06  3.503533E-05
200269  6.298739E-06  3.460246E-05
200270  5.555888E-06  3.336021E-05
200271  4.631910E-06  3.099570E-05
200272  3.536446E-06  2.733849E-05
200273  2.297109E-06  2.240708E-05
200274  9.628409E-07  1.641772E-05
200275 -3.979467E-07  9.755381E-06
200276 -1.704045E-06  2.914930E-06
200277 -2.871263E-06 -3.574241E-06
200278 -3.823036E-06 -9.224699E-06
200279 -4.499548E-06 -1.365455E-05
200280 -4.863780E-06 -1.662828E-05
200281 -4.903862E-06 -1.807083E-05
200282 -4.632053E-06 -1.805640E-05
200283 -4.081253E-06 -1.677808E-05
200284 -3.300126E-06 -1.450683E-05
200285 -2.347733E-06 -1.154842E-05
200286 -1.288222E-06 -8.205506E-06
200287 -1.857725E-07 -4.749255E-06
200288  9.000802E-07 -1.402139E-06
200289  3.214754E-06  9.162909E-06
200290  3.905506E-06  1.130437E-05
200291  4.361084E-06  1.276879E-05
200292  4.591306E-06  1.361006E-05
200293  4.631595E-06  1.390416E-05
200294  4.536314E-06  1.374309E-05
200295  4.368732E-06  1.323271E-05
200296  4.190018E-06  1.249129E-05
200297  4.049994E-06  1.164575E-05
200298  3.981775E-06  1.082430E-05
200299  4.001066E-06  1.014545E-05
200300  4.109337E-06  9.705217E-06
200301  4.298878E-06  9.565039E-06
200302  4.557397E-06  9.743095E-06
200303  4.870379E-06  1.021123E-05
200304  5.220685E-06  1.089837E-05
200305  5.586173E-06  1.169985E-05
200306  5.937112E-06  1.249050E-05
200307  6.235235E-06  1.313870E-05
200308  6.435734E-06  1.351827E-05
200309  6.492356E-06  1.351612E-05
200310  6.364623E-06  1.303543E-05
200311  6.025380E-06  1.199578E-05
200312  5.466566E-06  1.033353E-05
200313  4.701574E-06  8.006325E-06
200314  3.763272E-06  5.004764E-06
200315  2.698205E-06  1.372225E-06
200316  1.558510E-06 -2.769725E-06
200317  3.940395E-07 -7.196512E-06
200318 -7.527277E-07 -1.156559E-05
200319 -1.847168E-06 -1.542164E-05
200320 -2.858097E-06 -1.823053E-05
200321 -3.750117E-06 -1.944503E-05
200322 -4.476004E-06 -1.859765E-05
200323 -4.973115E-06 -1.540605E-05
200324 -5.167033E-06 -9.868901E-06
200325 -4.983594E-06 -2.325930E-06
200326 -4.367450E-06  6.541042E-06
200327 -3.302486E-06  1.577917E-05
200328 -1.827751E-06  2.430471E-05
200329 -4.276279E-08  3.109056E-05
200330  1.901479E-06  3.536408E-05
200331  3.825468E-06  3.677013E-05
200332  5.553404E-06  3.545760E-05
200333  6.946512E-06  3.206290E-05
200334  7.928253E-06  2.758710E-05
200335  8.494049E-06  2.318937E-05
200336  8.702445E-06  1.994122E-05
200337  8.650199E-06  1.859668E-05
200338  8.438767E-06  1.943130E-05
200339  8.142386E-06  2.218668E-05
200340  7.787447E-06  2.613263E-05
200341  7.349227E-06  3.023080E-05
200342  6.766452E-06  3.336124E-05
200343  5.968521E-06  3.455958E-05
200344  4.906376E-06  3.321272E-05
200345  3.577188E-06  2.917304E-05
200346  2.035458E-06  2.277196E-05
200347  3.877727E-07  1.473718E-05
200348 -1.226345E-06  6.039249E-06
200349 -2.661081E-06 -2.294464E-06
200350 -3.790580E-06 -9.356912E-06
200351 -4.528129E-06 -1.449533E-05
200352 -4.834736E-06 -1.738140E-05
200353 -4.717346E-06 -1.801370E-05
200354 -4.219822E-06 -1.666339E-05
200355 -3.411047E-06 -1.378422E-05
200356 -2.373882E-06 -9.911206E-06
200357 -1.196953E-06 -5.569821E-06
200358  3.081299E-08 -1.210042E-06
200359  1.224308E-06  2.828908E-06
200360  2.306654E-06  6.325581E-06
200361  3.690646E-06  1.267572E-05
200362  3.958399E-06  1.343488E-05
200363  3.887767E-06  1.353860E-05
200364  3.504974E-06  1.311120E-05
200365  2.881343E-06  1.225357E-05
200366  2.121972E-06  1.105309E-05
200367  1.345386E-06  9.600612E-06
200368  6.601548E-07  8.005319E-06
200369  1.455927E-07  6.400673E-06
200370 -1.577828E-07  4.938755E-06
200371 -2.459781E-07  3.773996E-06
200372 -1.397413E-07  3.040458E-06
200373  1.310684E-07  2.828547E-06
200374  5.403371E-07  3.167350E-06
200375  1.070933E-06  4.017516E-06
200376  1.711157E-06  5.277083E-06
200377  2.445127E-06  6.799226E-06
200378  3.242249E-06  8.417524E-06
200379  4.051078E-06  9.971867E-06
200380  4.800868E-06  1.132760E-05
200381  5.411136E-06  1.238232E-05
200382  5.806649E-06  1.305862E-05
200383  5.933506E-06  1.328616E-05
200384  5.771499E-06  1.298076E-05
200385  5.338854E-06  1.203136E-05
200386  4.687335E-06  1.030483E-05
200387  3.888355E-06  7.675530E-06
200388  3.013549E-06  4.079070E-06
200389  2.115654E-06 -4.185338E-07
200390  1.216360E-06 -5.554202E-06
200391  3.065469E-07 -1.082744E-05
200392 -6.393171E-07 -1.551072E-05
200393 -1.637874E-06 -1.872785E-05
200394 -2.668766E-06 -1.960242E-05
200395 -3.654522E-06 -1.745713E-05
200396 -4.458355E-06 -1.202371E-05
200397 -4.905024E-06 -3.607642E-06
200398 -4.822453E-06  6.849204E-06
200399 -4.093890E-06  1.784900E-05
200400 -2.704893E-06  2.756993E-05
200401 -7.686804E-07  3.421654E-05
200402  1.481757E-06  3.641630E-05
200403  3.736837E-06  3.356634E-05
200404  5.679519E-06  2.603602E-05
200405  7.061601E-06  1.515967E-05
200406  7.764367E-06  3.004281E-06
200407  7.824208E-06 -8.044910E-06
200408  7.414025E-06 -1.578864E-05
200409  6.785120E-06 -1.868899E-05
200410  6.187304E-06 -1.620211E-05
200411  5.792341E-06 -8.889263E-06
200412  5.645002E-06  1.717879E-06
200413  5.656872E-06  1.346182E-05
200414  5.643812E-06  2.402817E-05
200415  5.393604E-06  3.142732E-05
200416  4.740572E-06  3.437996E-05
200417  3.623048E-06  3.252605E-05
200418  2.105662E-06  2.642476E-05
200419  3.621568E-07  1.736262E-05
200420 -1.372940E-06  7.031214E-06
200421 -2.865593E-06 -2.841235E-06
200422 -3.936166E-06 -1.081858E-05
200423 -4.490759E-06 -1.597986E-05
200424 -4.524577E-06 -1.800444E-05
200425 -4.102271E-06 -1.712317E-05
200426 -3.327042E-06 -1.397005E-05
200427 -2.311524E-06 -9.385376E-06
200428 -1.159608E-06 -4.222952E-06
200429  3.837521E-08  7.981380E-07
200430  1.201001E-06  5.175797E-06
200431  2.248967E-06  8.640609E-06
200432  3.103106E-06  1.112017E-05
200433  3.494490E-06  1.150983E-05
200434  3.376447E-06  1.060891E-05
200435  2.839445E-06  9.411331E-06
200436  1.904269E-06  8.047908E-06
200437  6.694652E-07  6.556620E-06
200438 -7.051355E-07  4.928220E-06
200439 -2.034915E-06  3.157178E-06
200440 -3.154719E-06  1.281188E-06
200441 -3.955659E-06 -6.007284E-07
200442 -4.402021E-06 -2.334070E-06
200443 -4.523430E-06 -3.734911E-06
200444 -4.387092E-06 -4.628080E-06
200445 -4.062697E-06 -4.887212E-06
200446 -3.594833E-06 -4.466189E-06
200447 -2.993631E-06 -3.413254E-06
200448 -2.245619E-06 -1.862879E-06
200449 -1.337878E-06 -6.094560E-09
200450 -2.834680E-07  1.953599E-06
200451  8.633149E-07  3.846264E-06
200452  2.008092E-06  5.568910E-06
200453  3.033500E-06  7.094137E-06
200454  3.826352E-06  8.448826E-06
200455  4.306372E-06  9.667260E-06
200456  4.448059E-06  1.073234E-05
200457  4.289000E-06  1.152490E-05
200458  3.920865E-06  1.180238E-05
200459  3.463398E-06  1.122380E-05
200460  3.026724E-06  9.427762E-06
200461  2.672359E-06  6.155789E-06
200462  2.386374E-06  1.396184E-06
200463  2.077013E-06 -4.491395E-06
200464  1.602719E-06 -1.071873E-05
200465  8.262971E-07 -1.612242E-05
200466 -3.199465E-07 -1.934996E-05
200467 -1.780325E-06 -1.916439E-05
200468 -3.355401E-06 -1.481036E-05
200469 -4.729057E-06 -6.347586E-06
200470 -5.542232E-06  5.157522E-06
200471 -5.495889E-06  1.767348E-05
200472 -4.452844E-06  2.851753E-05
200473 -2.504139E-06  3.490439E-05
200474  2.684046E-08  3.461426E-05
200475  2.651375E-06  2.661130E-05
200476  4.839248E-06  1.143602E-05
200477  6.164454E-06 -8.758573E-06
200478  6.427293E-06 -3.056709E-05
200479  5.711969E-06 -5.002092E-05
200480  4.358042E-06 -6.344555E-05
200481  2.852285E-06 -6.827539E-05
200482  1.674739E-06 -6.362331E-05
200483  1.149239E-06 -5.046502E-05
200484  1.347783E-06 -3.139834E-05
200485  2.079878E-06 -1.004490E-05
200486  2.968567E-06  9.751751E-06
200487  3.585032E-06  2.473431E-05
200488  3.594156E-06  3.285796E-05
200489  2.861335E-06  3.360255E-05
200490  1.486602E-06  2.792377E-05
200491 -2.404172E-07  1.788792E-05
200492 -1.942856E-06  6.106552E-06
200493 -3.275841E-06 -4.875729E-06
200494 -4.020151E-06 -1.309310E-05
200495 -4.121878E-06 -1.746553E-05
200496 -3.673018E-06 -1.786091E-05
200497 -2.850339E-06 -1.493820E-05
200498 -1.842577E-06 -9.847457E-06
200499 -7.952037E-07 -3.884509E-06
200500  2.102783E-07  1.809032E-06
200501  1.142514E-06  6.439400E-06
200502  1.986252E-06  9.626540E-06
200503  2.708498E-06  1.135788E-05
200504  3.242143E-06  1.187042E-05
200505  2.890735E-06  6.647737E-06
200506  2.657148E-06  4.456740E-06
200507  1.947311E-06  2.593540E-06
200508  7.419898E-07  1.091895E-06
200509 -8.509646E-07 -1.736739E-07
200510 -2.618699E-06 -1.391295E-06
200511 -4.302031E-06 -2.720654E-06
200512 -5.669679E-06 -4.229984E-06
200513 -6.581313E-06 -5.871245E-06
200514 -7.016479E-06 -7.492386E-06
200515 -7.059434E-06 -8.878035E-06
200516 -6.847694E-06 -9.806088E-06
200517 -6.507405E-06 -1.010650E-05
200518 -6.103768E-06 -9.708697E-06
200519 -5.626744E-06 -8.665458E-06
200520 -5.014952E-06 -7.144634E-06
200521 -4.203146E-06 -5.387218E-06
200522 -3.169649E-06 -3.640237E-06
200523 -1.963171E-06 -2.082903E-06
200524 -6.998603E-07 -7.700675E-07
200525  4.656530E-07  3.852669E-07
200526  1.383362E-06  1.579005E-06
200527  1.951338E-06  3.036640E-06
200528  2.147987E-06  4.906959E-06
200529  2.044677E-06  7.158866E-06
200530  1.793241E-06  9.514877E-06
200531  1.586923E-06  1.145073E-05
200532  1.600172E-06  1.227918E-05
200533  1.921879E-06  1.131772E-05
200534  2.504244E-06  8.115353E-06
200535  3.150372E-06  2.686424E-06
200536  3.554717E-06 -4.321801E-06
200537  3.393154E-06 -1.160647E-05
200538  2.439612E-06 -1.738850E-05
200539  6.718181E-07 -1.980093E-05
200540 -1.673832E-06 -1.742352E-05
200541 -4.126450E-06 -9.831147E-06
200542 -6.088409E-06  2.017719E-06
200543 -7.002599E-06  1.571617E-05
200544 -6.530981E-06  2.776077E-05
200545 -4.685776E-06  3.429449E-05
200546 -1.863316E-06  3.208299E-05
200547  1.241744E-06  1.946796E-05
200548  3.825298E-06 -2.985326E-06
200549  5.211592E-06 -3.236464E-05
200550  5.063762E-06 -6.389094E-05
200551  3.494473E-06 -9.190963E-05
200552  1.034038E-06 -1.111503E-04
200553 -1.538340E-06 -1.179319E-04
200554 -3.446120E-06 -1.110034E-04
200555 -4.164617E-06 -9.180728E-05
200556 -3.582164E-06 -6.411107E-05
200557 -2.018335E-06 -3.311390E-05
200558 -9.554101E-08 -4.265890E-06
200559  1.487221E-06  1.790078E-05
200560  2.195511E-06  3.065005E-05
200561  1.829533E-06  3.344051E-05
200562  5.663353E-07  2.778831E-05
200563 -1.132879E-06  1.667697E-05
200564 -2.706579E-06  3.702408E-06
200565 -3.692763E-06 -7.809624E-06
200566 -3.869720E-06 -1.549566E-05
200567 -3.292477E-06 -1.831281E-05
200568 -2.224990E-06 -1.652504E-05
200569 -1.008812E-06 -1.138170E-05
200570  7.162396E-08 -4.622620E-06
200571  8.742245E-07  2.033214E-06
200572  1.409806E-06  7.283021E-06
200573  1.786639E-06  1.044383E-05
200574  2.122927E-06  1.145500E-05
200575  2.469080E-06  1.072563E-05
200576  2.771768E-06  8.903896E-06
200577  2.159886E-06  5.704523E-08
200578  2.182074E-06 -2.625883E-06
200579  1.679786E-06 -4.278126E-06
200580  5.629734E-07 -5.062786E-06
200581 -1.068665E-06 -5.335997E-06
200582 -2.954048E-06 -5.496600E-06
200583 -4.754989E-06 -5.862051E-06
200584 -6.166198E-06 -6.594326E-06
200585 -7.011476E-06 -7.680794E-06
200586 -7.289876E-06 -8.961161E-06
200587 -7.153528E-06 -1.018491E-05
200588 -6.826898E-06 -1.108319E-05
200589 -6.503818E-06 -1.144132E-05
200590 -6.269257E-06 -1.115926E-05
200591 -6.079909E-06 -1.028677E-05
200592 -5.807476E-06 -9.019873E-06
200593 -5.317985E-06 -7.651739E-06
200594 -4.546488E-06 -6.483954E-06
200595 -3.534691E-06 -5.721296E-06
200596 -2.421272E-06 -5.384530E-06
200597 -1.396136E-06 -5.275400E-06
200598 -6.399783E-07 -5.013808E-06
200599 -2.683254E-07 -4.144614E-06
200600 -2.918552E-07 -2.289399E-06
200601 -5.998077E-07  6.958517E-07
200602 -9.727649E-07  4.600540E-06
200603 -1.130303E-06  8.816335E-06
200604 -8.119448E-07  1.240102E-05
200605  1.246756E-07  1.426209E-05
200606  1.619852E-06  1.344535E-05
200607  3.379318E-06  9.475565E-06
200608  4.919795E-06  2.656875E-06
200609  5.693575E-06 -5.782477E-06
200610  5.262238E-06 -1.380459E-05
200611  3.465868E-06 -1.898136E-05
200612  5.274374E-07 -1.916878E-05
200613 -2.953988E-06 -1.327728E-05
200614 -6.135590E-06 -1.900000E-06
200615 -8.161941E-06  1.245048E-05
200616 -8.430545E-06  2.566492E-05
200617 -6.806678E-06  3.292651E-05
200618 -3.708680E-06  2.997850E-05
200619 -2.009779E-08  1.442540E-05
200620  3.159116E-06 -1.333184E-05
200621  4.851515E-06 -4.984765E-05
200622  4.520924E-06 -8.919927E-05
200623  2.258371E-06 -1.242553E-04
200624 -1.237476E-06 -1.483188E-04
200625 -4.887048E-06 -1.567072E-04
200626 -7.589231E-06 -1.478493E-04
200627 -8.587429E-06 -1.236205E-04
200628 -7.711553E-06 -8.884588E-05
200629 -5.409995E-06 -5.012202E-05
200630 -2.563462E-06 -1.428011E-05
200631 -1.534343E-07  1.311361E-05
200632  1.089000E-06  2.885311E-05
200633  9.234530E-07  3.254306E-05
200634 -3.550962E-07  2.634535E-05
200635 -2.073688E-06  1.414731E-05
200636 -3.467696E-06  4.174340E-07
200637 -3.975534E-06 -1.092791E-05
200638 -3.425659E-06 -1.735853E-05
200639 -2.052556E-06 -1.808966E-05
200640 -3.538818E-07 -1.394209E-05
200641  1.135507E-06 -6.819387E-06
200642  2.051871E-06  9.937631E-07
200643  2.312397E-06  7.492378E-06
200644  2.096430E-06  1.140258E-05
200645  1.723966E-06  1.234532E-05
200646  1.494617E-06  1.072966E-05
200647  1.556595E-06  7.464272E-06
200648  1.853492E-06  3.606327E-06
200649  1.520450E-06 -6.245047E-06
200650  2.097091E-06 -8.544043E-06
200651  2.096934E-06 -9.235420E-06
200652  1.348175E-06 -8.735531E-06
200653 -6.684172E-08 -7.637747E-06
200654 -1.846719E-06 -6.520164E-06
200655 -3.578778E-06 -5.807016E-06
200656 -4.883236E-06 -5.702660E-06
200657 -5.544190E-06 -6.193004E-06
200658 -5.577389E-06 -7.094235E-06
200659 -5.204411E-06 -8.124969E-06
200660 -4.741544E-06 -8.983782E-06
200661 -4.453411E-06 -9.423078E-06
200662 -4.441453E-06 -9.314035E-06
200663 -4.619700E-06 -8.692439E-06
200664 -4.782920E-06 -7.767335E-06
200665 -4.724066E-06 -6.875034E-06
200666 -4.338045E-06 -6.376738E-06
200667 -3.665854E-06 -6.523886E-06
200668 -2.871038E-06 -7.336672E-06
200669 -2.172902E-06 -8.544503E-06
200670 -1.770835E-06 -9.618819E-06
200671 -1.783099E-06 -9.897373E-06
200672 -2.206988E-06 -8.769570E-06
200673 -2.900185E-06 -5.876432E-06
200674 -3.588435E-06 -1.277206E-06
200675 -3.911953E-06  4.459871E-06
200676 -3.518380E-06  1.027936E-05
200677 -2.189350E-06  1.480102E-05
200678  3.870528E-08  1.662829E-05
200679  2.812743E-06  1.476378E-05
200680  5.502346E-06  9.034593E-06
200681  7.348034E-06  3.823459E-07
200682  7.684544E-06 -9.134512E-06
200683  6.172155E-06 -1.672334E-05
200684  2.957751E-06 -1.960739E-05
200685 -1.298757E-06 -1.597930E-05
200686 -5.560589E-06 -5.869065E-06
200687 -8.690559E-06  8.406702E-06
200688 -9.795058E-06  2.246891E-05
200689 -8.528945E-06  3.083207E-05
200690 -5.252687E-06  2.839362E-05
200691 -9.698786E-07  1.203712E-05
200692  2.957554E-06 -1.816070E-05
200693  5.238295E-06 -5.854089E-05
200694  5.084254E-06 -1.024703E-04
200695  2.490838E-06 -1.418147E-04
200696 -1.746652E-06 -1.688774E-04
200697 -6.298733E-06 -1.782671E-04
200698 -9.760341E-06 -1.681901E-04
200699 -1.113580E-05 -1.408340E-04
200700 -1.017028E-05 -1.017696E-04
200701 -7.405519E-06 -5.855591E-05
200702 -3.943435E-06 -1.893557E-05
200703 -1.012878E-06  1.090521E-05
200704  4.905581E-07  2.757942E-05
200705  3.139304E-07  3.096443E-05
200706 -1.109899E-06  2.382934E-05
200707 -2.891305E-06  1.078963E-05
200708 -4.079183E-06 -3.077379E-06
200709 -4.050963E-06 -1.355654E-05
200710 -2.736535E-06 -1.821002E-05
200711 -5.963460E-07 -1.668634E-05
200712  1.614986E-06 -1.042281E-05
200713  3.179914E-06 -1.917068E-06
200714  3.697265E-06  6.156690E-06
200715  3.201810E-06  1.171128E-05
200716  2.095894E-06  1.369819E-05
200717  9.450429E-07  1.218246E-05
200718  2.363015E-07  8.097462E-06
200719  1.978813E-07  2.816541E-06
200720  7.398181E-07 -2.298985E-06
200721  1.083718E-06 -1.087295E-05
200722  2.319738E-06 -1.212732E-05
200723  2.923716E-06 -1.145881E-05
200724  2.657325E-06 -9.533064E-06
200725  1.586195E-06 -7.128614E-06
200726  3.874923E-08 -4.924713E-06
200727 -1.516091E-06 -3.370906E-06
200728 -2.636515E-06 -2.647428E-06
200729 -3.068150E-06 -2.698927E-06
200730 -2.835715E-06 -3.308875E-06
200731 -2.219920E-06 -4.181439E-06
200732 -1.620607E-06 -5.011486E-06
200733 -1.367396E-06 -5.542986E-06
200734 -1.573420E-06 -5.625540E-06
200735 -2.106756E-06 -5.268342E-06
200736 -2.686537E-06 -4.669210E-06
200737 -3.040870E-06 -4.185613E-06
200738 -3.037433E-06 -4.230953E-06
200739 -2.727138E-06 -5.117010E-06
200740 -2.299284E-06 -6.898678E-06
200741 -1.991407E-06 -9.286491E-06
200742 -2.003833E-06 -1.166909E-05
200743 -2.444152E-06 -1.324517E-05
200744 -3.297494E-06 -1.322670E-05
200745 -4.409231E-06 -1.105961E-05
200746 -5.481642E-06 -6.615648E-06
200747 -6.106366E-06 -3.202554E-07
200748 -5.855570E-06  6.817298E-06
200749 -4.427341E-06  1.331230E-05
200750 -1.800554E-06  1.748415E-05
200751  1.669623E-06  1.789624E-05
200752  5.273430E-06  1.387019E-05
200753  8.101323E-06  5.913601E-06
200754  9.296527E-06 -4.132282E-06
200755  8.331612E-06 -1.337697E-05
200756  5.220933E-06 -1.862676E-05
200757  5.920844E-07 -1.744657E-05
200758 -4.426404E-06 -9.222822E-06
200759 -8.492106E-06  4.173256E-06
200760 -1.044266E-05  1.846063E-05
200761 -9.680657E-06  2.788359E-05
200762 -6.416247E-06  2.681880E-05
200763 -1.662977E-06  1.158488E-05
200764  3.043302E-06 -1.814244E-05
200765  6.132402E-06 -5.881415E-05
200766  6.535303E-06 -1.036102E-04
200767  4.070387E-06 -1.440148E-04
200768 -4.764540E-07 -1.719118E-04
200769 -5.624058E-06 -1.816029E-04
200770 -9.727511E-06 -1.711949E-04
200771 -1.156835E-05 -1.430057E-04
200772 -1.077608E-05 -1.029141E-04
200773 -7.920470E-06 -5.885886E-05
200774 -4.244922E-06 -1.890552E-05
200775 -1.152982E-06  1.060993E-05
200776  3.444342E-07  2.638807E-05
200777 -4.826845E-10  2.861948E-05
200778 -1.630087E-06  2.052090E-05
200779 -3.474812E-06  7.142632E-06
200780 -4.446134E-06 -6.172502E-06
200781 -3.908016E-06 -1.522223E-05
200782 -1.923245E-06 -1.787707E-05
200783  8.176980E-07 -1.430219E-05
200784  3.329687E-06 -6.497666E-06
200785  4.761479E-06  2.607679E-06
200786  4.728715E-06  1.016946E-05
200787  3.423338E-06  1.423064E-05
200788  1.481591E-06  1.411737E-05
200789 -3.055309E-07  1.039091E-05
200790 -1.304440E-06  4.459272E-06
200791 -1.251137E-06 -1.968343E-06
200792 -2.997584E-07 -7.394095E-06
200793  8.481443E-07 -1.329270E-05
200794  2.631583E-06 -1.319298E-05
200795  3.742168E-06 -1.115074E-05
200796  3.910736E-06 -8.024590E-06
200797  3.192619E-06 -4.690885E-06
200798  1.922860E-06 -1.836722E-06
200799  5.939797E-07  1.434439E-07
200800 -3.169350E-07  1.150101E-06
200801 -5.261121E-07  1.307867E-06
200802 -5.803972E-08  8.650028E-07
200803  7.668760E-07  1.068644E-07
200804  1.485097E-06 -6.944382E-07
200805  1.715922E-06 -1.306101E-06
200806  1.340049E-06 -1.568381E-06
200807  5.318870E-07 -1.452342E-06
200808 -3.641375E-07 -1.116652E-06
200809 -1.029355E-06 -9.097531E-07
200810 -1.322249E-06 -1.278289E-06
200811 -1.313794E-06 -2.595054E-06
200812 -1.215712E-06 -4.973212E-06
200813 -1.267477E-06 -8.151197E-06
200814 -1.648667E-06 -1.150320E-05
200815 -2.440935E-06 -1.417329E-05
200816 -3.619131E-06 -1.528292E-05
200817 -5.039866E-06 -1.414956E-05
200818 -6.422882E-06 -1.047542E-05
200819 -7.357844E-06 -4.490267E-06
200820 -7.378680E-06  2.971169E-06
200821 -6.113745E-06  1.050422E-05
200822 -3.464914E-06  1.634402E-05
200823  2.663255E-07  1.877668E-05
200824  4.376410E-06  1.669109E-05
200825  7.902396E-06  1.011017E-05
200826  9.875344E-06  4.815435E-07
200827  9.612309E-06 -9.470546E-06
200828  6.961699E-06 -1.641364E-05
200829  2.423208E-06 -1.748746E-05
200830 -2.912974E-06 -1.148385E-05
200831 -7.620338E-06  3.136286E-07
200832 -1.033688E-05  1.403738E-05
200833 -1.020445E-05  2.407559E-05
200834 -7.199829E-06  2.468349E-05
200835 -2.219904E-06  1.187589E-05
200836  3.148824E-06 -1.504856E-05
200837  7.132857E-06 -5.290621E-05
200838  8.384952E-06 -9.519071E-05
200839  6.478200E-06 -1.336403E-04
200840  2.075451E-06 -1.603304E-04
200841 -3.311269E-06 -1.696787E-04
200842 -7.887859E-06 -1.598148E-04
200843 -1.024804E-05 -1.329794E-04
200844 -9.877777E-06 -9.488797E-05
200845 -7.296384E-06 -5.325744E-05
200846 -3.787642E-06 -1.589874E-05
200847 -8.396493E-07  1.112210E-05
200848  4.727479E-07  2.478027E-05
200849 -9.273661E-08  2.552696E-05
200850 -1.898199E-06  1.678692E-05
200851 -3.763263E-06  3.707288E-06
200852 -4.529238E-06 -8.443137E-06
200853 -3.587777E-06 -1.573481E-05
200854 -1.134741E-06 -1.647563E-05
200855  1.951008E-06 -1.133083E-05
200856  4.523150E-06 -2.722178E-06
200857  5.668768E-06  6.205808E-06
200858  5.068276E-06  1.266271E-05
200859  3.076544E-06  1.499148E-05
200860  5.249342E-07  1.296543E-05
200861 -1.639053E-06  7.605136E-06
200862 -2.709402E-06  6.659171E-07
200863 -2.439822E-06 -5.983827E-06
200864 -1.064829E-06 -1.088685E-05
200865  7.289230E-07 -1.366558E-05
200866  2.790383E-06 -1.223798E-05
200867  4.177828E-06 -9.093457E-06
200868  4.634366E-06 -5.197786E-06
200869  4.211105E-06 -1.431587E-06
200870  3.223191E-06  1.590036E-06
200871  2.144448E-06  3.583700E-06
200872  1.450116E-06  4.562178E-06
200873  1.436726E-06  4.729504E-06
200874  2.087431E-06  4.356635E-06
200875  3.066161E-06  3.692877E-06
200876  3.873638E-06  2.942556E-06
200877  4.098419E-06  2.284249E-06
200878  3.621071E-06  1.872751E-06
200879  2.649258E-06  1.782902E-06
200880  1.570549E-06  1.920024E-06
200881  7.265536E-07  1.975182E-06
200882  2.496611E-07  1.493101E-06
200883  4.289926E-08  5.092907E-08
200884 -1.193744E-07 -2.529784E-06
200885 -4.591766E-07 -6.043285E-06
200886 -1.112924E-06 -9.900581E-06
200887 -2.120553E-06 -1.326546E-05
200888 -3.446137E-06 -1.525885E-05
200889 -4.977210E-06 -1.515693E-05
200890 -6.489970E-06 -1.254989E-05
200891 -7.623148E-06 -7.472670E-06
200892 -7.922917E-06 -5.139564E-07
200893 -6.982316E-06  7.142107E-06
200894 -4.629251E-06  1.383181E-05
200895 -1.072503E-06  1.775278E-05
200896  3.071875E-06  1.750137E-05
200897  6.896041E-06  1.265814E-05
200898  9.424507E-06  4.192330E-06
200899  9.885078E-06 -5.542388E-06
200900  7.958814E-06 -1.334786E-05
200901  3.941913E-06 -1.619648E-05
200902 -1.242665E-06 -1.243699E-05
200903 -6.224006E-06 -2.743089E-06
200904 -9.542354E-06  9.642623E-06
200905 -1.010710E-05  1.960654E-05
200906 -7.607681E-06  2.167852E-05
200907 -2.710022E-06  1.187960E-05
200908  3.079683E-06 -1.075972E-05
200909  7.884670E-06 -4.357589E-05
200910  1.011511E-05 -8.077763E-05
200911  9.061643E-06 -1.149059E-04
200912  5.171253E-06 -1.387696E-04
200913 -1.273910E-07 -1.472784E-04
200914 -4.987660E-06 -1.386849E-04
200915 -7.863284E-06 -1.149557E-04
200916 -8.081567E-06 -8.121685E-05
200917 -6.041418E-06 -4.443999E-05
200918 -2.970057E-06 -1.170858E-05
200919 -3.540554E-07  1.148829E-05
200920  7.104265E-07  2.248625E-05
200921 -2.832449E-08  2.187445E-05
200922 -1.915079E-06  1.302070E-05
200923 -3.741214E-06  8.543358E-07
200924 -4.344915E-06 -9.704245E-06
200925 -3.168669E-06 -1.516702E-05
200926 -5.095783E-07 -1.431271E-05
200927  2.641429E-06 -8.212084E-06
200928  5.069362E-06  4.754155E-07
200929  5.873100E-06  8.604053E-06
200930  4.823922E-06  1.361926E-05
200931  2.407918E-06  1.426350E-05
200932 -4.268217E-07  1.075175E-05
200933 -2.673844E-06  4.462418E-06
200934 -3.638445E-06 -2.664403E-06
200935 -3.135809E-06 -8.776889E-06
200936 -1.473898E-06 -1.260213E-05
200937  6.054203E-07 -1.253038E-05
200938  2.611378E-06 -1.003383E-05
200939  4.003848E-06 -6.198565E-06
200940  4.575535E-06 -2.006690E-06
200941  4.374522E-06  1.734612E-06
200942  3.667095E-06  4.532831E-06
200943  2.864431E-06  6.238632E-06
200944  2.399579E-06  6.980876E-06
200945  2.560188E-06  7.036738E-06
200946  3.340375E-06  6.687297E-06
200947  4.412240E-06  6.126470E-06
200948  5.272529E-06  5.465972E-06
200949  5.503687E-06  4.806496E-06
200950  4.992889E-06  4.284581E-06
200951  3.968047E-06  4.023425E-06
200952  2.834416E-06  4.008884E-06
200953  1.930803E-06  3.995421E-06
200954  1.365179E-06  3.542863E-06
200955  1.014360E-06  2.196074E-06
200956  6.515133E-07 -2.812009E-07
200957  9.166227E-08 -3.746203E-06
200958 -7.386168E-07 -7.673542E-06
200959 -1.822965E-06 -1.129688E-05
200960 -3.110199E-06 -1.380867E-05
200961 -4.529086E-06 -1.452696E-05
200962 -5.940614E-06 -1.300420E-05
200963 -7.077789E-06 -9.121350E-06
200964 -7.553249E-06 -3.207832E-06
200965 -6.973358E-06  3.849991E-06
200966 -5.116951E-06  1.062538E-05
200967 -2.085223E-06  1.539841E-05
200968  1.654578E-06  1.663799E-05
200969  5.348434E-06  1.359009E-05
200970  8.124745E-06  6.750044E-06
200971  9.208582E-06 -2.017288E-06
200972  8.143801E-06 -9.867414E-06
200973  4.981656E-06 -1.386260E-05
200974  3.747720E-07 -1.211617E-05
200975 -4.493247E-06 -4.769060E-06
200976 -8.180713E-06  5.658044E-06
200977 -9.425390E-06  1.480476E-05
200978 -7.616383E-06  1.781296E-05
200979 -3.110227E-06  1.101543E-05
200980  2.780067E-06 -6.665749E-06
200981  8.180827E-06 -3.314476E-05
200982  1.132435E-05 -6.361919E-05
200983  1.122415E-05 -9.184470E-05
200984  8.061035E-06 -1.117834E-04
200985  3.096294E-06 -1.191278E-04
200986 -1.856639E-06 -1.123253E-04
200987 -5.167616E-06 -9.290403E-05
200988 -6.012050E-06 -6.506475E-05
200989 -4.625817E-06 -3.463959E-05
200990 -2.108411E-06 -7.652674E-06
200991  1.211234E-07  1.116517E-05
200992  9.745727E-07  1.950898E-05
200993  1.687531E-07  1.794898E-05
200994 -1.687525E-06  9.551163E-06
200995 -3.433253E-06 -1.223000E-06
200996 -3.955137E-06 -9.984907E-06
200997 -2.747082E-06 -1.376169E-05
200998 -1.517981E-07 -1.175872E-05
200999  2.820139E-06 -5.314150E-06
201000  4.978207E-06  2.859979E-06
201001  5.489667E-06  9.792530E-06
201002  4.213794E-06  1.328102E-05
201003  1.705906E-06  1.249402E-05
201004 -1.068086E-06  8.023088E-06
201005 -3.144325E-06  1.472018E-06
201006 -3.910797E-06 -5.192963E-06
201007 -3.265457E-06 -1.027740E-05
201008 -1.559333E-06 -1.278191E-05
201009  3.657144E-07 -1.050964E-05
201010  1.999597E-06 -7.315571E-06
201011  3.153781E-06 -3.218360E-06
201012  3.694001E-06  8.617249E-07
201013  3.660240E-06  4.242635E-06
201014  3.243110E-06  6.573954E-06
201015  2.753254E-06  7.834436E-06
201016  2.544939E-06  8.251211E-06
201017  2.873626E-06  8.156965E-06
201018  3.742585E-06  7.830109E-06
201019  4.851963E-06  7.398948E-06
201020  5.726054E-06  6.871218E-06
201021  5.967837E-06  6.257110E-06
201022  5.478739E-06  5.664868E-06
201023  4.492441E-06  5.263010E-06
201024  3.404685E-06  5.123803E-06
201025  2.526758E-06  5.078857E-06
201026  1.931344E-06  4.721843E-06
201027  1.474014E-06  3.585393E-06
201028  9.417293E-07  1.392454E-06
201029  2.038227E-07 -1.768389E-06
201030 -7.350801E-07 -5.440481E-06
201031 -1.790329E-06 -8.951692E-06
201032 -2.887250E-06 -1.161190E-05
201033 -3.995437E-06 -1.284519E-05
201034 -5.074946E-06 -1.223764E-05
201035 -5.986783E-06 -9.577402E-06
201036 -6.460313E-06 -4.965310E-06
201037 -6.169674E-06  1.027889E-06
201038 -4.884727E-06  7.288354E-06
201039 -2.606703E-06  1.230711E-05
201040  3.812264E-07  1.458106E-05
201041  3.554220E-06  1.315979E-05
201042  6.242240E-06  8.135032E-06
201043  7.758822E-06  8.474805E-07
201044  7.564840E-06 -6.357507E-06
201045  5.463085E-06 -1.085024E-05
201046  1.772440E-06 -1.072774E-05
201047 -2.615582E-06 -5.736517E-06
201048 -6.390362E-06  2.326493E-06
201049 -8.203264E-06  1.000641E-05
201050 -7.174588E-06  1.331151E-05
201051 -3.322001E-06  9.151058E-06
201052  2.312331E-06 -3.487235E-06
201053  7.956638E-06 -2.308194E-05
201054  1.175381E-05 -4.597668E-05
201055  1.249263E-05 -6.741381E-05
201056  1.009162E-05 -8.279629E-05
201057  5.604451E-06 -8.879994E-05
201058  7.463424E-07 -8.411034E-05
201059 -2.830945E-06 -6.969681E-05
201060 -4.185944E-06 -4.860060E-05
201061 -3.388666E-06 -2.525288E-05
201062 -1.378850E-06 -4.418620E-06
201063  5.294839E-07  1.000834E-05
201064  1.272615E-06  1.602681E-05
201065  5.168143E-07  1.402995E-05
201066 -1.224351E-06  6.582001E-06
201067 -2.891461E-06 -2.498229E-06
201068 -3.447531E-06 -9.452257E-06
201069 -2.417873E-06 -1.182106E-05
201070 -1.235425E-07 -9.143996E-06
201071  2.495602E-06 -2.876533E-06
201072  4.349991E-06  4.376253E-06
201073  4.705304E-06  9.939268E-06
201074  3.478881E-06  1.201202E-05
201075  1.215855E-06  1.015730E-05
201076 -1.200189E-06  5.243806E-06
201077 -2.934480E-06 -1.033723E-06
201078 -3.503835E-06 -6.812983E-06
201079 -2.884497E-06 -1.064854E-05
201080 -1.422949E-06 -1.184832E-05
201081 -6.453198E-08 -8.127349E-06
201082  9.433845E-07 -4.626775E-06
201083  1.678236E-06 -6.421225E-07
201084  2.086688E-06  3.025582E-06
201085  2.190742E-06  5.845305E-06
201086  2.084294E-06  7.604324E-06
201087  1.950294E-06  8.385234E-06
201088  2.035781E-06  8.483482E-06
201089  2.541818E-06  8.263487E-06
201090  3.474228E-06  7.988792E-06
201091  4.575113E-06  7.719743E-06
201092  5.424569E-06  7.361468E-06
201093  5.672461E-06  6.832690E-06
201094  5.242872E-06  6.207790E-06
201095  4.361354E-06  5.692932E-06
201096  3.388069E-06  5.442323E-06
201097  2.584965E-06  5.368148E-06
201098  1.982868E-06  5.110760E-06
201099  1.424525E-06  4.210455E-06
201100  7.258341E-07  2.371307E-06
201101 -1.759166E-07 -3.542467E-07
201102 -1.188301E-06 -3.569516E-06
201103 -2.149551E-06 -6.701471E-06
201104 -2.950973E-06 -9.199391E-06
201105 -3.594040E-06 -1.063414E-05
201106 -4.139726E-06 -1.068270E-05
201107 -4.598607E-06 -9.105208E-06
201108 -4.859028E-06 -5.829441E-06
201109 -4.715860E-06 -1.135500E-06
201110 -3.976483E-06  4.200213E-06
201111 -2.565027E-06  8.961171E-06
201112 -5.687942E-07  1.179911E-05
201113  1.764525E-06  1.170673E-05
201114  4.041546E-06  8.477526E-06
201115  5.747907E-06  2.954439E-06
201116  6.329597E-06 -3.091733E-06
201117  5.370955E-06 -7.502290E-06
201118  2.836169E-06 -8.556301E-06
201119 -7.448659E-07 -5.766614E-06
201120 -4.292602E-06 -2.652409E-07
201121 -6.473899E-06  5.467989E-06
201122 -6.213771E-06  8.480280E-06
201123 -3.213601E-06  6.464496E-06
201124  1.791428E-06 -1.366764E-06
201125  7.216462E-06 -1.400556E-05
201126  1.122378E-05 -2.901282E-05
201127  1.247723E-05 -4.327468E-05
201128  1.069444E-05 -5.380947E-05
201129  6.729099E-06 -5.839774E-05
201130  2.156821E-06 -5.598764E-05
201131 -1.417541E-06 -4.691244E-05
201132 -3.002538E-06 -3.291009E-05
201133 -2.545454E-06 -1.685861E-05
201134 -8.394834E-07 -2.161573E-06
201135  9.126134E-07  8.139402E-06
201136  1.678280E-06  1.227164E-05
201137  1.065347E-06  1.031447E-05
201138 -5.311272E-07  4.181190E-06
201139 -2.176863E-06 -3.063232E-06
201140 -2.912714E-06 -8.327939E-06
201141 -2.260152E-06 -9.621558E-06
201142 -4.510262E-07 -6.704736E-06
201143  1.721143E-06 -1.009030E-06
201144  3.318984E-06  5.091818E-06
201145  3.709462E-06  9.288615E-06
201146  2.818672E-06  1.018015E-05
201147  1.097761E-06  7.653696E-06
201148 -7.399501E-07  2.743410E-06
201149 -2.050983E-06 -2.883902E-06
201150 -2.499547E-06 -7.562718E-06
201151 -2.114366E-06 -1.014110E-05
201152 -1.181482E-06 -1.022411E-05
201153 -7.097440E-07 -5.739707E-06
201154 -5.079493E-07 -2.292428E-06
201155 -3.099079E-07  1.281508E-06
201156 -9.229182E-08  4.336793E-06
201157  1.372610E-07  6.499709E-06
201158  3.624461E-07  7.677388E-06
201159  6.230270E-07  8.024968E-06
201160  1.039683E-06  7.872648E-06
201161  1.739778E-06  7.590229E-06
201162  2.721857E-06  7.413664E-06
201163  3.777885E-06  7.337330E-06
201164  4.566848E-06  7.174522E-06
201165  4.809330E-06  6.761547E-06
201166  4.460580E-06  6.137985E-06
201167  3.726198E-06  5.536738E-06
201168  2.908134E-06  5.181145E-06
201169  2.201190E-06  5.059183E-06
201170  1.591105E-06  4.866215E-06
201171  9.175065E-07  4.169651E-06
201172  3.887103E-08  2.678616E-06
201173 -1.029741E-06  4.308036E-07
201174 -2.102838E-06 -2.222626E-06
201175 -2.935678E-06 -4.802218E-06
201176 -3.374636E-06 -6.902115E-06
201177 -3.439586E-06 -8.260638E-06
201178 -3.286321E-06 -8.685914E-06
201179 -3.087042E-06 -7.968434E-06
201180 -2.922411E-06 -5.927144E-06
201181 -2.754736E-06 -2.599934E-06
201182 -2.474169E-06  1.564589E-06
201183 -1.957210E-06  5.685601E-06
201184 -1.099838E-06  8.663491E-06
201185  1.512287E-07  9.556727E-06
201186  1.729784E-06  7.974131E-06
201187  3.362945E-06  4.322051E-06
201188  4.554637E-06 -2.258147E-07
201189  4.725765E-06 -4.090027E-06
201190  3.501941E-06 -5.891769E-06
201191  1.016016E-06 -5.062649E-06
201192 -1.968069E-06 -2.154728E-06
201193 -4.246713E-06  1.342208E-06
201194 -4.660323E-06  3.618736E-06
201195 -2.664568E-06  3.297148E-06
201196  1.309761E-06 -5.942110E-08
201197  5.937402E-06 -5.897169E-06
201198  9.529311E-06 -1.301299E-05
201199  1.077065E-05 -2.001094E-05
201200  9.295264E-06 -2.561298E-05
201201  5.810644E-06 -2.876701E-05
201202  1.733455E-06 -2.869680E-05
201203 -1.454500E-06 -2.506112E-05
201204 -2.812308E-06 -1.822263E-05
201205 -2.255917E-06 -9.431910E-06
201206 -4.925728E-07 -6.878080E-07
201207  1.360546E-06  5.809951E-06
201208  2.300829E-06  8.450867E-06
201209  1.885486E-06  6.897871E-06
201210  3.986995E-07  2.309343E-06
201211 -1.340071E-06 -3.071568E-06
201212 -2.425559E-06 -6.827227E-06
201213 -2.330262E-06 -7.371635E-06
201214 -1.136670E-06 -4.575544E-06
201215  5.628332E-07  2.759781E-07
201216  2.008198E-06  5.132480E-06
201217  2.648678E-06  8.082082E-06
201218  2.360015E-06  8.086447E-06
201219  1.420994E-06  5.268962E-06
201220  3.051530E-07  7.194907E-07
201221 -5.728574E-07 -4.020491E-06
201222 -1.020822E-06 -7.541088E-06
201223 -1.081302E-06 -8.992062E-06
201224 -9.242642E-07 -8.236789E-06
