Mesh2HRTF 1.0.0-dev
    1
    1  1225
200000 -2.269473E-06 -1.929924E-05
200001  7.512978E-07 -1.721079E-05
200002  7.403675E-07 -1.723686E-05
200003  7.096478E-07 -1.731395E-05
200004  6.591310E-07 -1.743973E-05
200005  5.888259E-07 -1.761034E-05
200006  4.987807E-07 -1.782039E-05
200007  3.891216E-07 -1.806293E-05
200008  2.600935E-07 -1.832951E-05
200009  1.121044E-07 -1.861024E-05
200010 -5.423197E-08 -1.889393E-05
200011 -2.380565E-07 -1.916827E-05
200012 -4.382317E-07 -1.942007E-05
200013 -6.533186E-07 -1.963564E-05
200014 -8.815662E-07 -1.980117E-05
200015 -1.120912E-06 -1.990326E-05
200016 -1.369002E-06 -1.992944E-05
200017 -1.623221E-06 -1.986872E-05
200018 -1.880746E-06 -1.971226E-05
200019 -2.138607E-06 -1.945381E-05
200020 -2.393767E-06 -1.909027E-05
200021 -2.643210E-06 -1.862203E-05
200022 -2.884035E-06 -1.805319E-05
200023 -3.113557E-06 -1.739166E-05
200024 -3.329395E-06 -1.664902E-05
200025 -3.529553E-06 -1.584024E-05
200026 -3.712488E-06 -1.498321E-05
200027 -3.877148E-06 -1.409814E-05
200028 -4.022983E-06 -1.320683E-05
200029 -4.149932E-06 -1.233191E-05
200030 -4.258365E-06 -1.149601E-05
200031 -4.349014E-06 -1.072100E-05
200032 -4.422869E-06 -1.002727E-05
200033 -4.481055E-06 -9.433075E-06
200034 -4.524714E-06 -8.954044E-06
200035 -4.554881E-06 -8.602730E-06
200036 -4.572379E-06 -8.388307E-06
200037 -4.577731E-06 -8.316360E-06
200038 -4.571113E-06 -8.388760E-06
200039 -4.552332E-06 -8.603616E-06
200040 -4.520846E-06 -8.955348E-06
200041 -4.475819E-06 -9.434752E-06
200042 -4.416208E-06 -1.002927E-05
200043 -4.340869E-06 -1.072327E-05
200044 -4.248677E-06 -1.149848E-05
200045 -4.138658E-06 -1.233450E-05
200046 -4.010097E-06 -1.320948E-05
200047 -3.862645E-06 -1.410076E-05
200048 -3.696393E-06 -1.498574E-05
200049 -3.511922E-06 -1.584261E-05
200050 -3.310318E-06 -1.665116E-05
200051 -3.093161E-06 -1.739352E-05
200052 -2.862477E-06 -1.805473E-05
200053 -2.620678E-06 -1.862320E-05
200054 -2.370478E-06 -1.909105E-05
200055 -2.114796E-06 -1.945419E-05
200056 -1.856664E-06 -1.971223E-05
200057 -1.599129E-06 -1.986830E-05
200058 -1.345159E-06 -1.992865E-05
200059 -1.097576E-06 -1.990214E-05
200060 -8.589821E-07 -1.979975E-05
200061 -6.317165E-07 -1.963397E-05
200062 -4.178207E-07 -1.941821E-05
200063 -2.190235E-07 -1.916629E-05
200064 -3.673844E-08 -1.889190E-05
200065  1.279225E-07 -1.860822E-05
200066  2.741245E-07 -1.832756E-05
200067  4.012771E-07 -1.806113E-05
200068  5.089930E-07 -1.781879E-05
200069  5.970450E-07 -1.760899E-05
200070  6.653217E-07 -1.743867E-05
200071  7.137860E-07 -1.731323E-05
200072  7.424402E-07 -1.723650E-05
200073  2.993533E-06 -6.166016E-06
200074  2.983566E-06 -6.242928E-06
200075  2.955785E-06 -6.472168E-06
200076  2.908521E-06 -6.853217E-06
200077  2.839191E-06 -7.384631E-06
200078  2.744526E-06 -8.063210E-06
200079  2.620863E-06 -8.882923E-06
200080  2.464477E-06 -9.833704E-06
200081  2.271903E-06 -1.090022E-05
200082  2.040261E-06 -1.206072E-05
200083  1.767532E-06 -1.328619E-05
200084  1.452797E-06 -1.453982E-05
200085  1.096422E-06 -1.577707E-05
200086  7.001971E-07 -1.694632E-05
200087  2.674323E-07 -1.799041E-05
200088 -1.969890E-07 -1.884882E-05
200089 -6.866065E-07 -1.946072E-05
200090 -1.193430E-06 -1.976868E-05
200091 -1.708076E-06 -1.972273E-05
200092 -2.219999E-06 -1.928459E-05
200093 -2.717850E-06 -1.843152E-05
200094 -3.189966E-06 -1.715950E-05
200095 -3.624993E-06 -1.548508E-05
200096 -4.012597E-06 -1.344584E-05
200097 -4.344219E-06 -1.109902E-05
200098 -4.613811E-06 -8.518455E-06
200099 -4.818421E-06 -5.790148E-06
200100 -4.958600E-06 -3.006745E-06
200101 -5.038515E-06 -2.617197E-07
200102 -5.065746E-06  2.356127E-06
200103 -5.050748E-06  4.767207E-06
200104 -5.006018E-06  6.904243E-06
200105 -4.945029E-06  8.713710E-06
200106 -4.881040E-06  1.015568E-05
200107 -4.825883E-06  1.120246E-05
200108 -4.788877E-06  1.183650E-05
200109 -4.775947E-06  1.204832E-05
200110 -4.789071E-06  1.183498E-05
200111 -4.826090E-06  1.119948E-05
200112 -4.880909E-06  1.015134E-05
200113 -4.944071E-06  8.708150E-06
200114 -5.003639E-06  6.897655E-06
200115 -5.046299E-06  4.759804E-06
200116 -5.058568E-06  2.348144E-06
200117 -5.027990E-06 -2.700379E-07
200118 -4.944195E-06 -3.015151E-06
200119 -4.799726E-06 -5.798402E-06
200120 -4.590567E-06 -8.526325E-06
200121 -4.316340E-06 -1.110629E-05
200122 -3.980174E-06 -1.345233E-05
200123 -3.588296E-06 -1.549061E-05
200124 -3.149431E-06 -1.716393E-05
200125 -2.674057E-06 -1.843474E-05
200126 -2.173648E-06 -1.928652E-05
200127 -1.659955E-06 -1.972332E-05
200128 -1.144382E-06 -1.976792E-05
200129 -6.374926E-07 -1.945863E-05
200130 -1.486535E-07 -1.884547E-05
200131  3.141973E-07 -1.798590E-05
200132  7.446782E-07 -1.694079E-05
200133  1.138012E-06 -1.577068E-05
200134  1.491012E-06 -1.453278E-05
200135  1.802024E-06 -1.327872E-05
200136  2.070819E-06 -1.205306E-05
200137  2.298447E-06 -1.089262E-05
200138  2.487044E-06 -9.826410E-06
200139  2.639586E-06 -8.876167E-06
200140  2.759603E-06 -8.057212E-06
200141  2.850858E-06 -7.379585E-06
200142  2.917016E-06 -6.849285E-06
200143  2.961316E-06 -6.469474E-06
200144  2.986290E-06 -6.241559E-06
200145  3.492296E-06  5.768712E-06
200146  3.502202E-06  5.697836E-06
200147  3.530308E-06  5.483395E-06
200148  3.570541E-06  5.112346E-06
200149  3.613535E-06  4.564767E-06
200150  3.647495E-06  3.816477E-06
200151  3.659251E-06  2.842438E-06
200152  3.635380E-06  1.620733E-06
200153  3.563263E-06  1.368926E-07
200154  3.431956E-06 -1.611633E-06
200155  3.232802E-06 -3.611105E-06
200156  2.959757E-06 -5.827502E-06
200157  2.609475E-06 -8.203273E-06
200158  2.181264E-06 -1.065535E-05
200159  1.677032E-06 -1.307499E-05
200160  1.101370E-06 -1.533014E-05
200161  4.618415E-07 -1.727088E-05
200162 -2.305254E-07 -1.873828E-05
200163 -9.606680E-07 -1.957660E-05
200164 -1.709045E-06 -1.964798E-05
200165 -2.451588E-06 -1.884841E-05
200166 -3.160299E-06 -1.712281E-05
200167 -3.804664E-06 -1.447685E-05
200168 -4.353890E-06 -1.098316E-05
200169 -4.779811E-06 -6.780062E-06
200170 -5.060101E-06 -2.061907E-06
200171 -5.181357E-06  2.938365E-06
200172 -5.141530E-06  7.972488E-06
200173 -4.951266E-06  1.280258E-05
200174 -4.633872E-06  1.722517E-05
200175 -4.223792E-06  2.108953E-05
200176 -3.763741E-06  2.430687E-05
200177 -3.300799E-06  2.684905E-05
200178 -2.881920E-06  2.873702E-05
200179 -2.549370E-06  3.002174E-05
200180 -2.336588E-06  3.076168E-05
200181 -2.264919E-06  3.100187E-05
200182 -2.341523E-06  3.075914E-05
200183 -2.558674E-06  3.001676E-05
200184 -2.894514E-06  2.872981E-05
200185 -3.315179E-06  2.683991E-05
200186 -3.778113E-06  2.429614E-05
200187 -4.236216E-06  2.107760E-05
200188 -4.642416E-06  1.721245E-05
200189 -4.954150E-06  1.278946E-05
200190 -5.137245E-06  7.959350E-06
200191 -5.168760E-06  2.925551E-06
200192 -5.038473E-06 -2.074083E-06
200193 -4.748883E-06 -6.791317E-06
200194 -4.313837E-06 -1.099324E-05
200195 -3.756075E-06 -1.448552E-05
200196 -3.104132E-06 -1.712985E-05
200197 -2.389108E-06 -1.885362E-05
200198 -1.641753E-06 -1.965119E-05
200199 -8.902270E-07 -1.957766E-05
200200 -1.586872E-07 -1.873708E-05
200201  5.333139E-07 -1.726736E-05
200202  1.170777E-06 -1.532433E-05
200203  1.742809E-06 -1.306698E-05
200204  2.242052E-06 -1.064533E-05
200205  2.664176E-06 -8.191505E-06
200206  3.007588E-06 -5.814332E-06
200207  3.273327E-06 -3.596953E-06
200208  3.465099E-06 -1.596967E-06
200209  3.589300E-06  1.515717E-07
200210  3.654903E-06  1.634917E-06
200211  3.673109E-06  2.855635E-06
200212  3.656707E-06  3.828231E-06
200213  3.619191E-06  4.574677E-06
200214  3.573689E-06  5.120079E-06
200215  3.531851E-06  5.488695E-06
200216  3.502799E-06  5.700530E-06
200217  2.122290E-06  1.192294E-05
200218  2.169083E-06  1.193659E-05
200219  2.300237E-06  1.197000E-05
200220  2.501964E-06  1.198924E-05
200221  2.753145E-06  1.194126E-05
200222  3.027512E-06  1.175879E-05
200223  3.296357E-06  1.136619E-05
200224  3.531404E-06  1.068593E-05
200225  3.707456E-06  9.645181E-06
200226  3.804367E-06  8.182683E-06
200227  3.807992E-06  6.255979E-06
200228  3.709994E-06  3.849454E-06
200229  3.506603E-06  9.832332E-07
200230  3.196792E-06 -2.277475E-06
200231  2.780502E-06 -5.813843E-06
200232  2.257670E-06 -9.447836E-06
200233  1.628633E-06 -1.294234E-05
200234  8.961605E-07 -1.600991E-05
200235  6.882100E-08 -1.833230E-05
200236 -8.350767E-07 -1.959122E-05
200237 -1.784141E-06 -1.950839E-05
200238 -2.732396E-06 -1.789002E-05
200239 -3.620625E-06 -1.466840E-05
200240 -4.380981E-06 -9.931850E-06
200241 -4.944536E-06 -3.934568E-06
200242 -5.250684E-06  2.919308E-06
200243 -5.256753E-06  1.011888E-05
200244 -4.946038E-06  1.711245E-05
200245 -4.332657E-06  2.338601E-05
200246 -3.462271E-06  2.854026E-05
200247 -2.408487E-06  3.235008E-05
200248 -1.265517E-06  3.479350E-05
200249 -1.383055E-07  3.604208E-05
200250  8.684410E-07  3.641322E-05
200251  1.660890E-06  3.629315E-05
200252  2.165241E-06  3.604655E-05
200253  2.334630E-06  3.593228E-05
200254  2.153367E-06  3.604384E-05
200255  1.638321E-06  3.628789E-05
200256  8.374065E-07  3.640571E-05
200257 -1.747495E-07  3.603271E-05
200258 -1.303795E-06  3.478273E-05
200259 -2.444842E-06  3.233837E-05
200260 -3.493095E-06  2.852803E-05
200261 -4.354775E-06  2.337363E-05
200262 -4.956924E-06  1.710019E-05
200263 -5.254658E-06  1.010696E-05
200264 -5.234682E-06  2.907873E-06
200265 -4.914497E-06 -3.945386E-06
200266 -4.337488E-06 -9.941915E-06
200267 -3.564870E-06 -1.467754E-05
200268 -2.666051E-06 -1.789801E-05
200269 -1.709240E-06 -1.951493E-05
200270 -7.539103E-07 -1.959597E-05
200271  1.538031E-07 -1.833486E-05
200272  9.824351E-07 -1.600990E-05
200273  1.713683E-06 -1.293941E-05
200274  2.339066E-06 -9.441739E-06
200275  2.855992E-06 -5.804458E-06
200276  3.264397E-06 -2.264851E-06
200277  3.564716E-06  9.988548E-07
200278  3.757482E-06  3.867643E-06
200279  3.844285E-06  6.276132E-06
200280  3.829517E-06  8.204059E-06
200281  3.722169E-06  9.666949E-06
200282  3.537005E-06  1.070723E-05
200283  3.294710E-06  1.138617E-05
200284  3.020866E-06  1.177668E-05
200285  2.743928E-06  1.195640E-05
200286  2.492547E-06  1.200107E-05
200287  2.292677E-06  1.197811E-05
200288  2.164899E-06  1.194071E-05
200289 -4.524235E-07  1.032164E-05
200290 -3.610992E-07  1.045694E-05
200291 -1.061580E-07  1.084985E-05
200292  2.883635E-07  1.144672E-05
200293  7.856361E-07  1.216480E-05
200294  1.340002E-06  1.290058E-05
200295  1.902188E-06  1.353865E-05
200296  2.425221E-06  1.395918E-05
200297  2.870130E-06  1.404342E-05
200298  3.210292E-06  1.367718E-05
200299  3.433280E-06  1.275421E-05
200300  3.539499E-06  1.118196E-05
200301  3.537605E-06  8.892416E-06
200302  3.437726E-06  5.859704E-06
200303  3.244311E-06  2.123905E-06
200304  2.950968E-06 -2.182502E-06
200305  2.539443E-06 -6.812252E-06
200306  1.983987E-06 -1.139384E-05
200307  1.260862E-06 -1.544414E-05
200308  3.610572E-07 -1.840955E-05
200309 -6.970813E-07 -1.973689E-05
200310 -1.859171E-06 -1.896721E-05
200311 -3.033377E-06 -1.583773E-05
200312 -4.097994E-06 -1.037028E-05
200313 -4.917485E-06 -2.922514E-06
200314 -5.364144E-06  5.818676E-06
200315 -5.340903E-06  1.491167E-05
200316 -4.800301E-06  2.329826E-05
200317 -3.755515E-06  2.998428E-05
200318 -2.281232E-06  3.422780E-05
200319 -5.045857E-07  3.569314E-05
200320  1.411472E-06  3.453202E-05
200321  3.288670E-06  3.136696E-05
200322  4.953911E-06  2.717307E-05
200323  6.256727E-06  2.307915E-05
200324  7.082147E-06  2.012921E-05
200325  7.358829E-06  1.905739E-05
200326  7.063254E-06  2.012776E-05
200327  6.220904E-06  2.307642E-05
200328  4.904835E-06  2.716936E-05
200329  3.231282E-06  3.136263E-05
200330  1.351393E-06  3.452746E-05
200331 -5.616780E-07  3.568866E-05
200332 -2.330180E-06  3.422359E-05
200333 -3.792127E-06  2.998039E-05
200334 -4.821626E-06  2.329458E-05
200335 -5.345317E-06  1.490798E-05
200336 -5.351278E-06  5.814702E-06
200337 -4.888025E-06 -2.927047E-06
200338 -4.053430E-06 -1.037556E-05
200339 -2.975735E-06 -1.584377E-05
200340 -1.790793E-06 -1.897385E-05
200341 -6.204612E-07 -1.974374E-05
200342  4.433745E-07 -1.841601E-05
200343  1.346322E-06 -1.544944E-05
200344  2.070037E-06 -1.139712E-05
200345  2.623534E-06 -6.812615E-06
200346  3.030573E-06 -2.179150E-06
200347  3.316971E-06  2.131581E-06
200348  3.501139E-06  5.872029E-06
200349  3.589753E-06  8.909370E-06
200350  3.578811E-06  1.120315E-05
200351  3.458815E-06  1.277888E-05
200352  3.221906E-06  1.370429E-05
200353  2.868614E-06  1.407171E-05
200354  2.412350E-06  1.398733E-05
200355  1.880675E-06  1.356534E-05
200356  1.313312E-06  1.292463E-05
200357  7.576811E-07  1.218519E-05
200358  2.630875E-07  1.146267E-05
200359 -1.252410E-07  1.086079E-05
200360 -3.713490E-07  1.046250E-05
200361 -3.133802E-06  3.469169E-06
200362 -3.003825E-06  3.701733E-06
200363 -2.642097E-06  4.381948E-06
200364 -2.082673E-06  5.440784E-06
200365 -1.378360E-06  6.776172E-06
200366 -5.954887E-07  8.268431E-06
200367  1.938966E-07  9.794808E-06
200368  9.220046E-07  1.123859E-05
200369  1.535964E-06  1.248999E-05
200370  2.006799E-06  1.343886E-05
200371  2.333903E-06  1.396284E-05
200372  2.542745E-06  1.391746E-05
200373  2.675047E-06  1.313647E-05
200374  2.772945E-06  1.144966E-05
200375  2.860958E-06  8.721811E-06
200376  2.931183E-06  4.909926E-06
200377  2.937239E-06  1.283333E-07
200378  2.800720E-06 -5.296150E-06
200379  2.430604E-06 -1.080069E-05
200380  1.751951E-06 -1.561484E-05
200381  7.366528E-07 -1.885271E-05
200382 -5.727728E-07 -1.966595E-05
200383 -2.054492E-06 -1.743572E-05
200384 -3.518345E-06 -1.196439E-05
200385 -4.735784E-06 -3.616387E-06
200386 -5.482479E-06  6.640588E-06
200387 -5.583403E-06  1.732737E-05
200388 -4.949206E-06  2.668173E-05
200389 -3.595008E-06  3.299108E-05
200390 -1.637715E-06  3.496302E-05
200391  7.261260E-07  3.204738E-05
200392  3.254925E-06  2.462394E-05
200393  5.699611E-06  1.399523E-05
200394  7.835399E-06  2.168248E-06
200395  9.482370E-06 -8.538359E-06
200396  1.051409E-05 -1.597786E-05
200397  1.085762E-05 -1.863867E-05
200398  1.049020E-05 -1.597666E-05
200399  9.437405E-06 -8.535868E-06
200400  7.774578E-06  2.172157E-06
200401  5.629787E-06  1.400068E-05
200402  3.183633E-06  2.463099E-05
200403  6.605835E-07  3.205595E-05
200404 -1.691462E-06  3.497283E-05
200405 -3.632671E-06  3.300165E-05
200406 -4.968507E-06  2.669240E-05
200407 -5.583992E-06  1.733735E-05
200408 -5.465582E-06  6.649058E-06
200409 -4.703702E-06 -3.610182E-06
200410 -3.473912E-06 -1.196102E-05
200411 -2.000612E-06 -1.743551E-05
200412 -5.121009E-07 -1.966886E-05
200413  8.018581E-07 -1.885833E-05
200414  1.819821E-06 -1.562236E-05
200415  2.499547E-06 -1.080897E-05
200416  2.869250E-06 -5.303777E-06
200417  3.003813E-06  1.229199E-07
200418  2.994080E-06  4.908266E-06
200419  2.918226E-06  8.725238E-06
200420  2.822440E-06  1.145913E-05
200421  2.714556E-06  1.315239E-05
200422  2.570204E-06  1.393963E-05
200423  2.347681E-06  1.399045E-05
200424  2.006023E-06  1.347054E-05
200425  1.520838E-06  1.252402E-05
200426  8.940459E-07  1.127307E-05
200427  1.560270E-07  9.827854E-06
200428 -6.390701E-07  8.298361E-06
200429 -1.422545E-06  6.801598E-06
200430 -2.122033E-06  5.460661E-06
200431 -2.671614E-06  4.395557E-06
200432 -3.019635E-06  3.708638E-06
200433 -4.888549E-06 -4.256936E-06
200434 -4.738003E-06 -3.989443E-06
200435 -4.320325E-06 -3.209427E-06
200436 -3.675589E-06 -2.000645E-06
200437 -2.867676E-06 -4.792196E-07
200438 -1.979615E-06  1.234051E-06
200439 -1.104363E-06  3.039198E-06
200440 -3.306325E-07  4.871388E-06
200441  2.744772E-07  6.697532E-06
200442  6.819504E-07  8.493629E-06
200443  9.109266E-07  1.020771E-05
200444  1.027186E-06  1.171957E-05
200445  1.127394E-06  1.281314E-05
200446  1.310600E-06  1.317786E-05
200447  1.643346E-06  1.245160E-05
200448  2.128408E-06  1.030735E-05
200449  2.688257E-06  6.572598E-06
200450  3.171688E-06  1.355114E-06
200451  3.385995E-06 -4.862904E-06
200452  3.149052E-06 -1.120356E-05
200453  2.348188E-06 -1.647761E-05
200454  9.885711E-07 -1.938489E-05
200455 -7.851138E-07 -1.880888E-05
200456 -2.703334E-06 -1.414803E-05
200457 -4.421892E-06 -5.599341E-06
200458 -5.595779E-06  5.698452E-06
200459 -5.956975E-06  1.773523E-05
200460 -5.374712E-06  2.794017E-05
200461 -3.881802E-06  3.369492E-05
200462 -1.661070E-06  3.294601E-05
200463  1.001852E-06  2.476829E-05
200464  3.783375E-06  9.723600E-06
200465  6.384426E-06 -1.010343E-05
200466  8.573459E-06 -3.143427E-05
200467  1.020155E-05 -5.043689E-05
200468  1.119191E-05 -6.353688E-05
200469  1.151525E-05 -6.820599E-05
200470  1.116626E-05 -6.353227E-05
200471  1.015388E-05 -5.042778E-05
200472  8.510393E-06 -3.142092E-05
200473  6.314450E-06 -1.008621E-05
200474  3.715453E-06  9.744170E-06
200475  9.440181E-07  2.479155E-05
200476 -1.702842E-06  3.297113E-05
200477 -3.904270E-06  3.372092E-05
200478 -5.377482E-06  2.796595E-05
200479 -5.942101E-06  1.775960E-05
200480 -5.566997E-06  5.720236E-06
200481 -4.383681E-06 -5.581221E-06
200482 -2.660032E-06 -1.413446E-05
200483 -7.402529E-07 -1.880047E-05
200484  1.032617E-06 -1.938186E-05
200485  2.390235E-06 -1.647973E-05
200486  3.188883E-06 -1.121008E-05
200487  3.423983E-06 -4.872542E-06
200488  3.208378E-06  1.344123E-06
200489  2.723988E-06  6.562387E-06
200490  2.163033E-06  1.030021E-05
200491  1.676065E-06  1.244972E-05
200492  1.339919E-06  1.318299E-05
200493  1.151211E-06  1.282635E-05
200494  1.043013E-06  1.174105E-05
200495  9.162456E-07  1.023667E-05
200496  6.746913E-07  8.528482E-06
200497  2.535537E-07  6.736054E-06
200498 -3.648100E-07  4.911072E-06
200499 -1.149546E-06  3.077562E-06
200500 -2.031664E-06  1.268904E-06
200501 -2.920897E-06 -4.496215E-07
200502 -3.723460E-06 -1.977558E-06
200503 -4.356520E-06 -3.193662E-06
200504 -4.757492E-06 -3.981460E-06
200505 -5.160584E-06 -9.354666E-06
200506 -5.013215E-06 -9.113813E-06
200507 -4.605876E-06 -8.420924E-06
200508 -3.977872E-06 -7.378668E-06
200509 -3.195236E-06 -6.121265E-06
200510 -2.349285E-06 -4.770387E-06
200511 -1.548254E-06 -3.393470E-06
200512 -8.998606E-07 -1.978744E-06
200513 -4.863614E-07 -4.385673E-07
200514 -3.380659E-07  1.354222E-06
200515 -4.143000E-07  3.501276E-06
200516 -6.011747E-07  5.999699E-06
200517 -7.321433E-07  8.672186E-06
200518 -6.307245E-07  1.113367E-05
200519 -1.666307E-07  1.281876E-05
200520  6.903936E-07  1.308294E-05
200521  1.837591E-06  1.137083E-05
200522  3.042449E-06  7.421361E-06
200523  3.988232E-06  1.456927E-06
200524  4.354555E-06 -5.709137E-06
200525  3.912656E-06 -1.270802E-05
200526  2.607014E-06 -1.782932E-05
200527  5.957224E-07 -1.940238E-05
200528 -1.767510E-06 -1.627739E-05
200529 -4.009258E-06 -8.287164E-06
200530 -5.650754E-06  3.455068E-06
200531 -6.327731E-06  1.655096E-05
200532 -5.879730E-06  2.767234E-05
200533 -4.382181E-06  3.324595E-05
200534 -2.113066E-06  3.033028E-05
200535  5.325953E-07  1.746633E-05
200536  3.150675E-06 -4.740141E-06
200537  5.422667E-06 -3.349887E-05
200538  7.168398E-06 -6.425892E-05
200539  8.344688E-06 -9.160978E-05
200540  8.998240E-06 -1.104555E-04
200541  9.197442E-06 -1.171717E-04
200542  8.974156E-06 -1.104477E-04
200543  8.300778E-06 -9.159450E-05
200544  7.112345E-06 -6.423706E-05
200545  5.364082E-06 -3.347153E-05
200546  3.099264E-06 -4.708564E-06
200547  4.963723E-07  1.750088E-05
200548 -2.129140E-06  3.036657E-05
200549 -4.376871E-06  3.328280E-05
200550 -5.855402E-06  2.770861E-05
200551 -6.289532E-06  1.658552E-05
200552 -5.605334E-06  3.486826E-06
200553 -3.963355E-06 -8.259284E-06
200554 -1.726730E-06 -1.625440E-05
200555  6.277117E-07 -1.938518E-05
200556  2.628765E-06 -1.781856E-05
200557  3.924747E-06 -1.270398E-05
200558  4.359051E-06 -5.711525E-06
200559  3.987996E-06  1.449070E-06
200560  3.040465E-06  7.409760E-06
200561  1.836415E-06  1.135789E-05
200562  6.917550E-07  1.307157E-05
200563 -1.620631E-07  1.281196E-05
200564 -6.234569E-07  1.113409E-05
200565 -7.238433E-07  8.681716E-06
200566 -5.945128E-07  6.019059E-06
200567 -4.126031E-07  3.529901E-06
200568 -3.447614E-07  1.390350E-06
200569 -5.042411E-07 -3.975698E-07
200570 -9.302750E-07 -1.935933E-06
200571 -1.590424E-06 -3.351857E-06
200572 -2.399953E-06 -4.732578E-06
200573 -3.248855E-06 -6.089244E-06
200574 -4.027388E-06 -7.353792E-06
200575 -4.644011E-06 -8.404004E-06
200576 -5.033976E-06 -9.105269E-06
200577 -4.012578E-06 -1.052724E-05
200578 -3.889474E-06 -1.034788E-05
200579 -3.550964E-06 -9.848901E-06
200580 -3.028478E-06 -9.156582E-06
200581 -2.380390E-06 -8.431255E-06
200582 -1.696267E-06 -7.806317E-06
200583 -1.091825E-06 -7.328281E-06
200584 -6.899977E-07 -6.917080E-06
200585 -5.889273E-07 -6.363056E-06
200586 -8.243771E-07 -5.369831E-06
200587 -1.339287E-06 -3.641041E-06
200588 -1.974668E-06 -9.956083E-07
200589 -2.492160E-06  2.516487E-06
200590 -2.629651E-06  6.534363E-06
200591 -2.179502E-06  1.037920E-05
200592 -1.068070E-06  1.314635E-05
200593  5.904048E-07  1.390064E-05
200594  2.489380E-06  1.194762E-05
200595  4.186504E-06  7.119807E-06
200596  5.213246E-06 -8.797845E-09
200597  5.210023E-06 -8.071931E-06
200598  4.045980E-06 -1.509243E-05
200599  1.882201E-06 -1.890856E-05
200600 -8.482430E-07 -1.778019E-05
200601 -3.544087E-06 -1.103087E-05
200602 -5.595501E-06  4.700728E-07
200603 -6.550783E-06  1.417766E-05
200604 -6.236840E-06  2.621501E-05
200605 -4.794571E-06  3.218271E-05
200606 -2.618878E-06  2.827391E-05
200607 -2.256274E-07  1.241072E-05
200608  1.907506E-06 -1.493085E-05
200609  3.471763E-06 -5.048502E-05
200610  4.387052E-06 -8.867832E-05
200611  4.775209E-06 -1.227567E-04
200612  4.863214E-06 -1.462932E-04
200613  4.857939E-06 -1.546908E-04
200614  4.843174E-06 -1.462831E-04
200615  4.739763E-06 -1.227373E-04
200616  4.344457E-06 -8.865114E-05
200617  3.432098E-06 -5.045204E-05
200618  1.880485E-06 -1.489402E-05
200619 -2.327443E-07  1.244971E-05
200620 -2.602794E-06  2.831375E-05
200621 -4.756542E-06  3.222246E-05
200622 -6.182257E-06  2.625405E-05
200623 -6.487888E-06  1.421547E-05
200624 -5.533609E-06  5.061051E-07
200625 -3.491744E-06 -1.099733E-05
200626 -8.117519E-07 -1.775011E-05
200627  1.899618E-06 -1.888313E-05
200628  4.044287E-06 -1.507295E-05
200629  5.191863E-06 -8.059505E-06
200630  5.183049E-06 -4.058479E-09
200631  4.149497E-06  7.117057E-06
200632  2.450718E-06  1.193863E-05
200633  5.545472E-07  1.388775E-05
200634 -1.097760E-06  1.313281E-05
200635 -2.200979E-06  1.036870E-05
200636 -2.642341E-06  6.530441E-06
200637 -2.497035E-06  2.521878E-06
200638 -1.974220E-06 -9.795324E-07
200639 -1.337300E-06 -3.614538E-06
200640 -8.254003E-07 -5.334701E-06
200641 -5.974346E-07 -6.322234E-06
200642 -7.093216E-07 -6.874025E-06
200643 -1.123106E-06 -7.286361E-06
200644 -1.737731E-06 -7.768350E-06
200645 -2.427275E-06 -8.399289E-06
200646 -3.073773E-06 -9.131905E-06
200647 -3.586892E-06 -9.832208E-06
200648 -3.909363E-06 -1.033948E-05
200649 -1.972095E-06 -8.438955E-06
200650 -1.885791E-06 -8.325401E-06
200651 -1.650482E-06 -8.033584E-06
200652 -1.284777E-06 -7.713345E-06
200653 -8.319995E-07 -7.554749E-06
200654 -3.713665E-07 -7.714043E-06
200655 -1.801716E-08 -8.238191E-06
200656  9.539545E-08 -9.010006E-06
200657 -1.440828E-07 -9.734051E-06
200658 -7.820907E-07 -9.976674E-06
200659 -1.754776E-06 -9.261999E-06
200660 -2.870808E-06 -7.210816E-06
200661 -3.832495E-06 -3.693697E-06
200662 -4.300249E-06  1.042997E-06
200663 -3.989526E-06  6.324632E-06
200664 -2.774506E-06  1.110892E-05
200665 -7.639746E-07  1.417789E-05
200666  1.683099E-06  1.444436E-05
200667  4.020078E-06  1.131339E-05
200668  5.646556E-06  5.000296E-06
200669  6.080060E-06 -3.312469E-06
200670  5.112885E-06 -1.158247E-05
200671  2.899061E-06 -1.732401E-05
200672 -6.539743E-08 -1.828707E-05
200673 -3.071608E-06 -1.324491E-05
200674 -5.400145E-06 -2.655692E-06
200675 -6.532029E-06  1.105415E-05
200676 -6.297712E-06  2.376644E-05
200677 -4.913175E-06  3.053521E-05
200678 -2.891335E-06  2.687149E-05
200679 -8.609386E-07  1.011286E-05
200680  6.425406E-07 -1.953358E-05
200681  1.340731E-06 -5.863051E-05
200682  1.275477E-06 -1.010071E-04
200683  7.533066E-07 -1.390389E-04
200684  1.965600E-07 -1.653991E-04
200685 -4.016528E-08 -1.748200E-04
200686  1.818431E-07 -1.653880E-04
200687  7.285691E-07 -1.390180E-04
200688  1.248999E-06 -1.009788E-04
200689  1.322391E-06 -5.859738E-05
200690  6.414096E-07 -1.949812E-05
200691 -8.388542E-07  1.014880E-05
200692 -2.844643E-06  2.690691E-05
200693 -4.845553E-06  3.056991E-05
200694 -6.217187E-06  2.380070E-05
200695 -6.449292E-06  1.108848E-05
200696 -5.326369E-06 -2.620991E-06
200697 -3.016319E-06 -1.320999E-05
200698 -3.488161E-08 -1.825278E-05
200699  2.902508E-06 -1.729187E-05
200700  5.090819E-06 -1.155452E-05
200701  6.037045E-06 -3.290904E-06
200702  5.588943E-06  5.013705E-06
200703  3.954792E-06  1.131779E-05
200704  1.616692E-06  1.444025E-05
200705 -8.259060E-07  1.416726E-05
200706 -2.827594E-06  1.109510E-05
200707 -4.030764E-06  6.311804E-06
200708 -4.328119E-06  1.035437E-06
200709 -3.847144E-06 -3.692482E-06
200710 -2.874197E-06 -7.198832E-06
200711 -1.750649E-06 -9.239163E-06
200712 -7.755962E-07 -9.944745E-06
200713 -1.409423E-07 -9.696124E-06
200714  9.010895E-08 -8.969755E-06
200715 -3.479148E-08 -8.199111E-06
200716 -3.995751E-07 -7.678918E-06
200717 -8.680753E-07 -7.525458E-06
200718 -1.322237E-06 -7.690941E-06
200719 -1.681504E-06 -8.018537E-06
200720 -1.903367E-06 -8.317864E-06
200721  2.795837E-07 -4.674901E-06
200722  3.264850E-07 -4.612143E-06
200723  4.519159E-07 -4.480088E-06
200724  6.515227E-07 -4.445359E-06
200725  9.000992E-07 -4.722228E-06
200726  1.133955E-06 -5.492528E-06
200727  1.245442E-06 -6.821243E-06
200728  1.099182E-06 -8.590217E-06
200729  5.717002E-07 -1.047166E-05
200730 -3.940800E-07 -1.195775E-05
200731 -1.737186E-06 -1.245216E-05
200732 -3.251821E-06 -1.141518E-05
200733 -4.604226E-06 -8.536819E-06
200734 -5.400485E-06 -3.897341E-06
200735 -5.295257E-06  1.935607E-06
200736 -4.113394E-06  7.922521E-06
200737 -1.944495E-06  1.271271E-05
200738  8.292118E-07  1.494858E-05
200739  3.595669E-06  1.366481E-05
200740  5.662129E-06  8.683958E-06
200741  6.453590E-06  8.759801E-07
200742  5.698875E-06 -7.850102E-06
200743  3.537806E-06 -1.490356E-05
200744  5.034349E-07 -1.769974E-05
200745 -2.625557E-06 -1.453325E-05
200746 -5.059687E-06 -5.381047E-06
200747 -6.243109E-06  7.663161E-06
200748 -6.022747E-06  2.056041E-05
200749 -4.682018E-06  2.817326E-05
200750 -2.827245E-06  2.562936E-05
200751 -1.167998E-06  9.835159E-06
200752 -2.704236E-07 -1.932806E-05
200753 -3.710195E-07 -5.853902E-05
200754 -1.315002E-06 -1.015119E-04
200755 -2.637475E-06 -1.403384E-04
200756 -3.754252E-06 -1.673546E-04
200757 -4.190573E-06 -1.770276E-04
200758 -3.763503E-06 -1.673440E-04
200759 -2.651524E-06 -1.403188E-04
200760 -1.326071E-06 -1.014862E-04
200761 -3.700217E-07 -5.851035E-05
200762 -2.494138E-07 -1.929920E-05
200763 -1.122446E-06  9.862541E-06
200764 -2.757526E-06  2.565488E-05
200765 -4.593708E-06  2.819765E-05
200766 -5.925645E-06  2.058509E-05
200767 -6.149283E-06  7.689704E-06
200768 -4.981067E-06 -5.351446E-06
200769 -2.571701E-06 -1.450021E-05
200770  5.268951E-07 -1.766399E-05
200771  3.529750E-06 -1.486697E-05
200772  5.662296E-06 -7.815462E-06
200773  6.394458E-06  9.054742E-07
200774  5.587944E-06  8.705412E-06
200775  3.514132E-06  1.367635E-05
200776  7.473037E-07  1.494989E-05
200777 -2.020932E-06  1.270530E-05
200778 -4.179738E-06  7.909623E-06
200779 -5.348078E-06  1.921625E-06
200780 -5.437620E-06 -3.907661E-06
200781 -4.625027E-06 -8.539408E-06
200782 -3.257488E-06 -1.140756E-05
200783 -1.730969E-06 -1.243395E-05
200784 -3.811110E-07 -1.193062E-05
200785  5.851162E-07 -1.043876E-05
200786  1.106818E-06 -8.555222E-06
200787  1.242709E-06 -6.787544E-06
200788  1.119311E-06 -5.462649E-06
200789  8.757790E-07 -4.697682E-06
200790  6.231488E-07 -4.426833E-06
200791  4.269466E-07 -4.467767E-06
200792  3.118992E-07 -4.606007E-06
200793  2.188362E-06 -7.576201E-07
200794  2.200810E-06 -7.256310E-07
200795  2.230467E-06 -6.889033E-07
200796  2.285197E-06 -8.190496E-07
200797  2.356515E-06 -1.340940E-06
200798  2.397547E-06 -2.454253E-06
200799  2.313192E-06 -4.248302E-06
200800  1.973323E-06 -6.630708E-06
200801  1.251834E-06 -9.290800E-06
200802  8.352791E-08 -1.171504E-05
200803 -1.479173E-06 -1.326371E-05
200804 -3.233094E-06 -1.330557E-05
200805 -4.835761E-06 -1.139146E-05
200806 -5.871242E-06 -7.431100E-06
200807 -5.962085E-06 -1.824076E-06
200808 -4.899347E-06  4.508693E-06
200809 -2.748463E-06  1.023654E-05
200810  1.127812E-07  1.388869E-05
200811  3.052837E-06  1.425030E-05
200812  5.340099E-06  1.079739E-05
200813  6.354004E-06  4.035768E-06
200814  5.786999E-06 -4.405903E-06
200815  3.763691E-06 -1.204171E-05
200816  8.250151E-07 -1.616804E-05
200817 -2.229033E-06 -1.475447E-05
200818 -4.591191E-06 -7.329397E-06
200819 -5.707301E-06  4.465194E-06
200820 -5.452057E-06  1.692928E-05
200821 -4.156065E-06  2.507930E-05
200822 -2.474614E-06  2.400064E-05
200823 -1.146646E-06  1.040184E-05
200824 -7.316367E-07 -1.612571E-05
200825 -1.418044E-06 -5.258426E-05
200826 -2.969144E-06 -9.300556E-05
200827 -4.821774E-06 -1.297680E-04
200828 -6.299472E-06 -1.554416E-04
200829 -6.862276E-06 -1.646491E-04
200830 -6.303926E-06 -1.554324E-04
200831 -4.826729E-06 -1.297515E-04
200832 -2.967748E-06 -9.298481E-05
200833 -1.402442E-06 -5.256269E-05
200834 -6.952932E-07 -1.610600E-05
200835 -1.086493E-06  1.041843E-05
200836 -2.392394E-06  2.401446E-05
200837 -4.058466E-06  2.509200E-05
200838 -5.349575E-06  1.694322E-05
200839 -5.612181E-06  4.482788E-06
200840 -4.515007E-06 -7.306325E-06
200841 -2.180544E-06 -1.472519E-05
200842  8.412513E-07 -1.613321E-05
200843  3.747700E-06 -1.200348E-05
200844  5.742781E-06 -4.367607E-06
200845  6.288228E-06  4.070211E-06
200846  5.260552E-06  1.082430E-05
200847  2.967092E-06  1.426707E-05
200848  2.740609E-08  1.389436E-05
200849 -2.828135E-06  1.023216E-05
200850 -4.969069E-06  4.497215E-06
200851 -6.018501E-06 -1.838303E-06
200852 -5.911893E-06 -7.443188E-06
200853 -4.859379E-06 -1.139708E-05
200854 -3.240074E-06 -1.330197E-05
200855 -1.471984E-06 -1.325033E-05
200856  1.002927E-07 -1.169345E-05
200857  1.271974E-06 -9.264039E-06
200858  1.990191E-06 -6.602321E-06
200859  2.321299E-06 -4.221383E-06
200860  2.394157E-06 -2.430898E-06
200861  2.342626E-06 -1.322187E-06
200862  2.265400E-06 -8.051693E-07
200863  2.211518E-06 -6.797959E-07
200864  2.189308E-06 -7.211277E-07
200865  3.462564E-06  2.357879E-06
200866  3.449177E-06  2.374557E-06
200867  3.406937E-06  2.367294E-06
200868  3.351438E-06  2.172603E-06
200869  3.286186E-06  1.572139E-06
200870  3.179193E-06  3.631586E-07
200871  2.950953E-06 -1.562935E-06
200872  2.484713E-06 -4.151133E-06
200873  1.662360E-06 -7.140674E-06
200874  4.189138E-07 -1.006664E-05
200875 -1.201269E-06 -1.231639E-05
200876 -3.009272E-06 -1.324234E-05
200877 -4.678577E-06 -1.231939E-05
200878 -5.805225E-06 -9.319307E-06
200879 -6.014830E-06 -4.459448E-06
200880 -5.090334E-06  1.526578E-06
200881 -3.079272E-06  7.446195E-06
200882 -3.363104E-07  1.186237E-05
200883  2.529457E-06  1.345301E-05
200884  4.803357E-06  1.144586E-05
200885  5.873795E-06  6.003226E-06
200886  5.433873E-06 -1.599983E-06
200887  3.600583E-06 -9.139653E-06
200888  8.979687E-07 -1.399524E-05
200889 -1.901795E-06 -1.399901E-05
200890 -4.030063E-06 -8.339992E-06
200891 -4.977331E-06  1.809652E-06
200892 -4.658879E-06  1.324936E-05
200893 -3.429288E-06  2.142307E-05
200894 -1.941726E-06  2.168921E-05
200895 -9.056258E-07  1.081790E-05
200896 -8.318328E-07 -1.178136E-05
200897 -1.855453E-06 -4.353933E-05
200898 -3.695703E-06 -7.912450E-05
200899 -5.762381E-06 -1.116666E-04
200900 -7.368287E-06 -1.344561E-04
200901 -7.972292E-06 -1.426391E-04
200902 -7.369053E-06 -1.344489E-04
200903 -5.760639E-06 -1.116540E-04
200904 -3.685810E-06 -7.910953E-05
200905 -1.831046E-06 -4.352528E-05
200906 -7.878873E-07 -1.177058E-05
200907 -8.403517E-07  1.082466E-05
200908 -1.857710E-06  2.169293E-05
200909 -3.333483E-06  2.142603E-05
200910 -4.561423E-06  1.325444E-05
200911 -4.889556E-06  1.819641E-06
200912 -3.962269E-06 -8.323035E-06
200913 -1.861362E-06 -1.397424E-05
200914  9.077104E-07 -1.396332E-05
200915  3.580543E-06 -9.102827E-06
200916  5.388484E-06 -1.561781E-06
200917  5.809680E-06  6.038639E-06
200918  4.727822E-06  1.147453E-05
200919  2.449262E-06  1.347202E-05
200920 -4.155858E-07  1.187044E-05
200921 -3.153262E-06  7.443969E-06
200922 -5.155557E-06  1.516607E-06
200923 -6.068358E-06 -4.473151E-06
200924 -5.844626E-06 -9.332068E-06
200925 -4.702221E-06 -1.232695E-05
200926 -3.016877E-06 -1.324192E-05
200927 -1.194443E-06 -1.230735E-05
200928  4.364401E-07 -1.005042E-05
200929  1.685052E-06 -7.120147E-06
200930  2.506208E-06 -4.129540E-06
200931  2.965561E-06 -1.542948E-06
200932  3.183515E-06  3.799371E-07
200933  3.280246E-06  1.585155E-06
200934  3.338754E-06  2.181965E-06
200935  3.393309E-06  2.373326E-06
200936  3.440515E-06  2.377514E-06
200937  4.058800E-06  4.329147E-06
200938  4.028461E-06  4.338163E-06
200939  3.938467E-06  4.314197E-06
200940  3.806548E-06  4.113058E-06
200941  3.641757E-06  3.538801E-06
200942  3.423045E-06  2.402205E-06
200943  3.087791E-06  5.875021E-07
200944  2.540011E-06 -1.885752E-06
200945  1.681358E-06 -4.820134E-06
200946  4.589991E-07 -7.831283E-06
200947 -1.084317E-06 -1.038359E-05
200948 -2.778159E-06 -1.187574E-05
200949 -4.329576E-06 -1.177125E-05
200950 -5.376099E-06 -9.755476E-06
200951 -5.581653E-06 -5.885776E-06
200952 -4.752256E-06 -6.880387E-07
200953 -2.934013E-06  4.851456E-06
200954 -4.523542E-07  9.438252E-06
200955  2.136460E-06  1.177163E-05
200956  4.183074E-06  1.094788E-05
200957  5.138082E-06  6.855718E-06
200958  4.737010E-06  4.120621E-07
200959  3.105755E-06 -6.508216E-06
200960  7.368641E-07 -1.152165E-05
200961 -1.665950E-06 -1.250221E-05
200962 -3.424260E-06 -8.446688E-06
200963 -4.115825E-06 -1.175847E-07
200964 -3.713027E-06  9.844321E-06
200965 -2.577724E-06  1.748752E-05
200966 -1.317481E-06  1.869130E-05
200967 -5.599058E-07  1.052759E-05
200968 -7.285747E-07 -7.630668E-06
200969 -1.898210E-06 -3.365788E-05
200970 -3.774487E-06 -6.305093E-05
200971 -5.799642E-06 -9.001405E-05
200972 -7.344276E-06 -1.089165E-04
200973 -7.919950E-06 -1.157057E-04
200974 -7.342596E-06 -1.089112E-04
200975 -5.793782E-06 -9.000518E-05
200976 -3.760151E-06 -6.304122E-05
200977 -1.870632E-06 -3.365011E-05
200978 -6.841955E-07 -7.626673E-06
200979 -4.979424E-07  1.052756E-05
200980 -1.240826E-06  1.868857E-05
200981 -2.492828E-06  1.748457E-05
200982 -3.628782E-06  9.844015E-06
200983 -4.041804E-06 -1.125992E-07
200984 -3.368852E-06 -8.434525E-06
200985 -1.634851E-06 -1.248212E-05
200986  7.414841E-07 -1.149429E-05
200987  3.085289E-06 -6.475693E-06
200988  4.695720E-06  4.464444E-07
200989  5.081887E-06  6.888071E-06
200990  4.118217E-06  1.097452E-05
200991  2.068461E-06  1.178980E-05
200992 -5.191740E-07  9.446627E-06
200993 -2.996423E-06  4.850398E-06
200994 -4.807685E-06 -6.964936E-07
200995 -5.627787E-06 -5.898213E-06
200996 -5.410782E-06 -9.767762E-06
200997 -4.351094E-06 -1.177951E-05
200998 -2.785788E-06 -1.187739E-05
200999 -1.078896E-06 -1.037797E-05
201000  4.747280E-07 -7.819711E-06
201001  1.702894E-06 -4.805179E-06
201002  2.561834E-06 -1.870250E-06
201003  3.104643E-06  6.013563E-07
201004  3.431416E-06  2.413297E-06
201005  3.641026E-06  3.546985E-06
201006  3.799220E-06  4.118712E-06
201007  3.929220E-06  4.317760E-06
201008  4.022257E-06  4.339900E-06
201009  4.084771E-06  5.229377E-06
201010  4.044592E-06  5.231588E-06
201011  3.925710E-06  5.196564E-06
201012  3.742442E-06  5.007054E-06
201013  3.502724E-06  4.501340E-06
201014  3.191767E-06  3.518113E-06
201015  2.763901E-06  1.948697E-06
201016  2.150063E-06 -2.124653E-07
201017  1.283068E-06 -2.829404E-06
201018  1.356779E-07 -5.609235E-06
201019 -1.240382E-06 -8.119979E-06
201020 -2.690712E-06 -9.848624E-06
201021 -3.965406E-06 -1.030010E-05
201022 -4.765494E-06 -9.127574E-06
201023 -4.824040E-06 -6.270610E-06
201024 -4.002118E-06 -2.063197E-06
201025 -2.367667E-06  2.736641E-06
201026 -2.225404E-07  7.040305E-06
201027  1.946212E-06  9.664998E-06
201028  3.590455E-06  9.684821E-06
201029  4.268770E-06  6.807326E-06
201030  3.800671E-06  1.636137E-06
201031  2.344575E-06 -4.327642E-06
201032  3.592577E-07 -9.033487E-06
201033 -1.546759E-06 -1.054203E-05
201034 -2.825652E-06 -7.808541E-06
201035 -3.180396E-06 -1.290172E-06
201036 -2.661140E-06  6.916496E-06
201037 -1.633064E-06  1.355263E-05
201038 -6.328152E-07  1.518782E-05
201039 -1.716933E-07  9.390806E-06
201040 -5.579863E-07 -4.352799E-06
201041 -1.796759E-06 -2.431738E-05
201042 -3.593691E-06 -4.691426E-05
201043 -5.454608E-06 -6.761333E-05
201044 -6.844850E-06 -8.209277E-05
201045 -7.357862E-06 -8.728605E-05
201046 -6.841881E-06 -8.208924E-05
201047 -5.446971E-06 -6.760765E-05
201048 -3.578473E-06 -4.690859E-05
201049 -1.770771E-06 -2.431386E-05
201050 -5.190127E-07 -4.352673E-06
201051 -1.196648E-07  9.387643E-06
201052 -5.704521E-07  1.518276E-05
201053 -1.565696E-06  1.354785E-05
201054 -2.595747E-06  6.914375E-06
201055 -3.124216E-06 -1.287569E-06
201056 -2.784790E-06 -7.799801E-06
201057 -1.525140E-06 -1.052664E-05
201058  3.604180E-07 -9.012009E-06
201059  2.326725E-06 -4.301811E-06
201060  3.767358E-06  1.663627E-06
201061  4.224688E-06  6.833323E-06
201062  3.540397E-06  9.706362E-06
201063  1.894250E-06  9.679868E-06
201064 -2.733861E-07  7.047384E-06
201065 -2.415261E-06  2.736066E-06
201066 -4.044767E-06 -2.069990E-06
201067 -4.860092E-06 -6.281010E-06
201068 -4.793233E-06 -9.138255E-06
201069 -3.983283E-06 -1.030783E-05
201070 -2.697814E-06 -9.851155E-06
201071 -1.236968E-06 -8.116742E-06
201072  1.478321E-07 -5.601334E-06
201073  1.300677E-06 -2.819022E-06
201074  2.168830E-06 -2.019394E-07
201075  2.779495E-06  1.957680E-06
201076  3.201046E-06  3.524867E-06
201077  3.504755E-06  4.506009E-06
201078  3.738829E-06  5.010140E-06
201079  3.919920E-06  5.198494E-06
201080  4.040456E-06  5.232543E-06
201081  3.691930E-06  5.312109E-06
201082  3.646538E-06  5.304104E-06
201083  3.510541E-06  5.249572E-06
201084  3.290113E-06  5.062388E-06
201085  2.986267E-06  4.622402E-06
201086  2.586134E-06  3.806793E-06
201087  2.060556E-06  2.527067E-06
201088  1.372323E-06  7.661975E-07
201089  4.955128E-07 -1.390449E-06
201090 -5.583961E-07 -3.737767E-06
201091 -1.716433E-06 -5.955234E-06
201092 -2.833535E-06 -7.640474E-06
201093 -3.705860E-06 -8.376661E-06
201094 -4.112584E-06 -7.831604E-06
201095 -3.880681E-06 -5.874910E-06
201096 -2.955744E-06 -2.684620E-06
201097 -1.453500E-06  1.198940E-06
201098  3.340070E-07  4.917796E-06
201099  1.993365E-06  7.468782E-06
201100  3.100850E-06  7.992333E-06
201101  3.359071E-06  6.108360E-06
201102  2.709512E-06  2.176863E-06
201103  1.370889E-06 -2.655895E-06
201104 -2.228830E-07 -6.718338E-06
201105 -1.570189E-06 -8.361707E-06
201106 -2.280371E-06 -6.632059E-06
201107 -2.212445E-06 -1.797785E-06
201108 -1.518719E-06  4.531094E-06
201109 -5.792482E-07  9.813940E-06
201110  1.418411E-07  1.141310E-05
201111  2.598069E-07  7.536823E-06
201112 -4.054146E-07 -2.086893E-06
201113 -1.777866E-06 -1.606470E-05
201114 -3.554750E-06 -3.174059E-05
201115 -5.299182E-06 -4.594358E-05
201116 -6.566271E-06 -5.578817E-05
201117 -7.027789E-06 -5.930096E-05
201118 -6.562946E-06 -5.578606E-05
201119 -5.291628E-06 -4.594033E-05
201120 -3.541405E-06 -3.173767E-05
201121 -1.757051E-06 -1.606349E-05
201122 -3.761092E-07 -2.088067E-06
201123  2.972168E-07  7.533566E-06
201124  1.851853E-07  1.140891E-05
201125 -5.337208E-07  9.810378E-06
201126 -1.475626E-06  4.529695E-06
201127 -2.176337E-06 -1.795797E-06
201128 -2.254897E-06 -6.625897E-06
201129 -1.557543E-06 -8.351108E-06
201130 -2.235657E-07 -6.703705E-06
201131  1.358002E-06 -2.638388E-06
201132  2.686826E-06  2.195434E-06
201133  3.329681E-06  6.125890E-06
201134  3.067859E-06  8.006882E-06
201135  1.959326E-06  7.478917E-06
201136  3.007114E-07  4.922740E-06
201137 -1.484872E-06  1.198644E-06
201138 -2.984256E-06 -2.689377E-06
201139 -3.905317E-06 -5.882472E-06
201140 -4.132146E-06 -7.839641E-06
201141 -3.719139E-06 -8.382748E-06
201142 -2.839661E-06 -7.642867E-06
201143 -1.715276E-06 -5.953455E-06
201144 -5.508671E-07 -3.732667E-06
201145  5.073960E-07 -1.383719E-06
201146  1.385701E-06  7.728054E-07
201147  2.072358E-06  2.532394E-06
201148  2.593950E-06  3.810520E-06
201149  2.989142E-06  4.624836E-06
201150  3.288880E-06  5.064014E-06
201151  3.507426E-06  5.250680E-06
201152  3.644127E-06  5.304704E-06
201153  3.000428E-06  4.842206E-06
201154  2.952114E-06  4.818577E-06
201155  2.804284E-06  4.729144E-06
201156  2.551445E-06  4.520738E-06
201157  2.183357E-06  4.118784E-06
201158  1.685862E-06  3.446060E-06
201159  1.046131E-06  2.444903E-06
201160  2.629328E-07  1.100307E-06
201161 -6.398392E-07 -5.388327E-07
201162 -1.600407E-06 -2.344085E-06
201163 -2.512853E-06 -4.102864E-06
201164 -3.233515E-06 -5.531772E-06
201165 -3.604253E-06 -6.314944E-06
201166 -3.492011E-06 -6.171064E-06
201167 -2.836982E-06 -4.944058E-06
201168 -1.694718E-06 -2.698354E-06
201169 -2.538588E-07  2.159844E-07
201170  1.186188E-06  3.171439E-06
201171  2.282675E-06  5.378525E-06
201172  2.749856E-06  6.109471E-06
201173  2.461470E-06  4.978726E-06
201174  1.513949E-06  2.177264E-06
201175  2.154686E-07 -1.463256E-06
201176 -1.007761E-06 -4.663370E-06
201177 -1.759759E-06 -6.133341E-06
201178 -1.820560E-06 -5.114515E-06
201179 -1.228917E-06 -1.791936E-06
201180 -2.675375E-07  2.642492E-06
201181  6.406969E-07  6.359803E-06
201182  1.080327E-06  7.571260E-06
201183  7.773311E-07  5.219823E-06
201184 -3.231902E-07 -6.274382E-07
201185 -2.049951E-06 -8.846030E-06
201186 -4.058460E-06 -1.770032E-05
201187 -5.921488E-06 -2.541251E-05
201188 -7.233059E-06 -3.059084E-05
201189 -7.704090E-06 -3.240592E-05
201190 -7.230011E-06 -3.058988E-05
201191 -5.915257E-06 -2.541109E-05
201192 -4.048793E-06 -1.769923E-05
201193 -2.036612E-06 -8.845902E-06
201194 -3.062364E-07 -6.284509E-07
201195  7.972470E-07  5.218037E-06
201196  1.101845E-06  7.569429E-06
201197  6.619414E-07  6.358696E-06
201198 -2.485467E-07  2.642682E-06
201199 -1.213857E-06 -1.790119E-06
201200 -1.810566E-06 -5.110894E-06
201201 -1.755372E-06 -6.127860E-06
201202 -1.008964E-06 -4.656182E-06
201203  2.092031E-07 -1.454849E-06
201204  1.503596E-06  2.186080E-06
201205  2.448285E-06  4.987022E-06
201206  2.735108E-06  6.116446E-06
201207  2.267382E-06  5.383611E-06
201208  1.170999E-06  3.174255E-06
201209 -2.685773E-07  2.163042E-07
201210 -1.708660E-06 -2.700453E-06
201211 -2.849701E-06 -4.947957E-06
201212 -3.502855E-06 -6.175551E-06
201213 -3.612452E-06 -6.318533E-06
201214 -3.238383E-06 -5.533288E-06
201215 -2.514022E-06 -4.101944E-06
201216 -1.598027E-06 -2.341272E-06
201217 -6.346819E-07 -5.352276E-07
201218  2.695325E-07  1.103624E-06
201219  1.052550E-06  2.447340E-06
201220  1.690655E-06  3.447634E-06
201221  2.185753E-06  4.119878E-06
201222  2.551626E-06  4.521703E-06
201223  2.803253E-06  4.730023E-06
201224  2.951157E-06  4.819138E-06
