Mesh2HRTF 1.0.0-dev
    1
    1  1225
200000  1.111342E-05  3.596648E-05
200001  1.706848E-05  3.346198E-05
200002  1.707250E-05  3.350002E-05
200003  1.708360E-05  3.361627E-05
200004  1.709949E-05  3.380739E-05
200005  1.711637E-05  3.406779E-05
200006  1.712894E-05  3.438957E-05
200007  1.713038E-05  3.476245E-05
200008  1.711247E-05  3.517379E-05
200009  1.706564E-05  3.560852E-05
200010  1.697911E-05  3.604931E-05
200011  1.684111E-05  3.647662E-05
200012  1.663909E-05  3.686903E-05
200013  1.636011E-05  3.720354E-05
200014  1.599122E-05  3.745617E-05
200015  1.551995E-05  3.760253E-05
200016  1.493483E-05  3.761865E-05
200017  1.422606E-05  3.748191E-05
200018  1.338604E-05  3.717203E-05
200019  1.241009E-05  3.667220E-05
200020  1.129700E-05  3.597013E-05
200021  1.004955E-05  3.505918E-05
200022  8.675007E-06  3.393927E-05
200023  7.185337E-06  3.261766E-05
200024  5.597370E-06  3.110951E-05
200025  3.932706E-06  2.943811E-05
200026  2.217410E-06  2.763465E-05
200027  4.814947E-07  2.573777E-05
200028 -1.241830E-06  2.379255E-05
200029 -2.917092E-06  2.184912E-05
200030 -4.507670E-06  1.996096E-05
200031 -5.977020E-06  1.818286E-05
200032 -7.289974E-06  1.656871E-05
200033 -8.414044E-06  1.516915E-05
200034 -9.320667E-06  1.402934E-05
200035 -9.986327E-06  1.318688E-05
200036 -1.039351E-05  1.266998E-05
200037 -1.053138E-05  1.249617E-05
200038 -1.039629E-05  1.267137E-05
200039 -9.991856E-06  1.318967E-05
200040 -9.328863E-06  1.403356E-05
200041 -8.424797E-06  1.517482E-05
200042 -7.303137E-06  1.657588E-05
200043 -5.992409E-06  1.819157E-05
200044 -4.525070E-06  1.997124E-05
200045 -2.936257E-06  2.186102E-05
200046 -1.262486E-06  2.380610E-05
200047  4.596418E-07  2.575299E-05
200048  2.194673E-06  2.765155E-05
200049  3.909407E-06  2.945667E-05
200050  5.573836E-06  3.112971E-05
200051  7.161891E-06  3.263943E-05
200052  8.651962E-06  3.396253E-05
200053  1.002720E-05  3.508382E-05
200054  1.127561E-05  3.599599E-05
200055  1.238990E-05  3.669910E-05
200056  1.336725E-05  3.719977E-05
200057  1.420882E-05  3.751024E-05
200058  1.491927E-05  3.764732E-05
200059  1.550610E-05  3.763124E-05
200060  1.597913E-05  3.748462E-05
200061  1.634973E-05  3.723142E-05
200062  1.663036E-05  3.689600E-05
200063  1.683392E-05  3.650237E-05
200064  1.697333E-05  3.607352E-05
200065  1.706111E-05  3.563089E-05
200066  1.710902E-05  3.519403E-05
200067  1.712783E-05  3.478032E-05
200068  1.712712E-05  3.440482E-05
200069  1.711514E-05  3.408024E-05
200070  1.709869E-05  3.381686E-05
200071  1.708313E-05  3.362265E-05
200072  1.707229E-05  3.350324E-05
200073  1.113897E-05  1.588016E-05
200074  1.118868E-05  1.598786E-05
200075  1.134065E-05  1.631760E-05
200076  1.159307E-05  1.686934E-05
200077  1.194246E-05  1.764229E-05
200078  1.238308E-05  1.863385E-05
200079  1.290624E-05  1.983827E-05
200080  1.349938E-05  2.124499E-05
200081  1.414519E-05  2.283688E-05
200082  1.482079E-05  2.458840E-05
200083  1.549692E-05  2.646392E-05
200084  1.613757E-05  2.841627E-05
200085  1.669981E-05  3.038580E-05
200086  1.713424E-05  3.230004E-05
200087  1.738585E-05  3.407415E-05
200088  1.739563E-05  3.561237E-05
200089  1.710276E-05  3.681054E-05
200090  1.644739E-05  3.755974E-05
200091  1.537394E-05  3.775106E-05
200092  1.383487E-05  3.728149E-05
200093  1.179449E-05  3.606051E-05
200094  9.232795E-06  3.401729E-05
200095  6.148895E-06  3.110789E-05
200096  2.563809E-06  2.732205E-05
200097 -1.477720E-06  2.268881E-05
200098 -5.906598E-06  1.728053E-05
200099 -1.063015E-05  1.121452E-05
200100 -1.553434E-05  4.651934E-06
200101 -2.048753E-05 -2.206437E-06
200102 -2.534539E-05 -9.127542E-06
200103 -2.995709E-05 -1.585639E-05
200104 -3.417208E-05 -2.212883E-05
200105 -3.784724E-05 -2.768597E-05
200106 -4.085390E-05 -3.228930E-05
200107 -4.308440E-05 -3.573523E-05
200108 -4.445754E-05 -3.786803E-05
200109 -4.492284E-05 -3.858991E-05
200110 -4.446316E-05 -3.786752E-05
200111 -4.309559E-05 -3.573413E-05
200112 -4.087058E-05 -3.228744E-05
200113 -3.786926E-05 -2.768311E-05
200114 -3.419925E-05 -2.212467E-05
200115 -2.998910E-05 -1.585061E-05
200116 -2.538184E-05 -9.119777E-06
200117 -2.052792E-05 -2.196328E-06
200118 -1.557805E-05  4.664742E-06
200119 -1.067645E-05  1.123036E-05
200120 -5.954669E-06  1.729970E-05
200121 -1.526669E-06  2.271157E-05
200122  2.514925E-06  2.734860E-05
200123  6.101037E-06  3.113837E-05
200124  9.186907E-06  3.405177E-05
200125  1.175147E-05  3.609896E-05
200126  1.379554E-05  3.732377E-05
200127  1.533900E-05  3.779694E-05
200128  1.641741E-05  3.760884E-05
200129  1.707816E-05  3.686240E-05
200130  1.737663E-05  3.566637E-05
200131  1.737248E-05  3.412958E-05
200132  1.712637E-05  3.235612E-05
200133  1.669711E-05  3.044166E-05
200134  1.613951E-05  2.847103E-05
200135  1.550285E-05  2.651668E-05
200136  1.482991E-05  2.463831E-05
200137  1.415662E-05  2.288315E-05
200138  1.351215E-05  2.128690E-05
200139  1.291942E-05  1.987521E-05
200140  1.239573E-05  1.866532E-05
200141  1.195372E-05  1.766789E-05
200142  1.160222E-05  1.688878E-05
200143  1.134709E-05  1.633066E-05
200144  1.119200E-05  1.599442E-05
200145  1.028802E-06 -3.243686E-06
200146  1.083488E-06 -3.146450E-06
200147  1.260145E-06 -2.841965E-06
200148  1.566252E-06 -2.314585E-06
200149  2.013106E-06 -1.539806E-06
200150  2.614326E-06 -4.867013E-07
200151  3.383736E-06  8.787134E-07
200152  4.332665E-06  2.589261E-06
200153  5.466739E-06  4.671646E-06
200154  6.782325E-06  7.140964E-06
200155  8.262865E-06  9.994902E-06
200156  9.875421E-06  1.320796E-05
200157  1.156778E-05  1.672602E-05
200158  1.326650E-05  2.046176E-05
200159  1.487635E-05  2.429130E-05
200160  1.628127E-05  2.805265E-05
200161  1.734739E-05  3.154659E-05
200162  1.792800E-05  3.454048E-05
200163  1.787061E-05  3.677546E-05
200164  1.702592E-05  3.797753E-05
200165  1.525835E-05  3.787240E-05
200166  1.245747E-05  3.620393E-05
200167  8.549558E-06  3.275540E-05
200168  3.508312E-06  2.737221E-05
200169 -2.636495E-06  1.998436E-05
200170 -9.793356E-06  1.062637E-05
200171 -1.780732E-05 -5.476702E-07
200172 -2.646279E-05 -1.325652E-05
200173 -3.549093E-05 -2.709353E-05
200174 -4.458143E-05 -4.153924E-05
200175 -5.339790E-05 -5.598514E-05
200176 -6.159572E-05 -6.976760E-05
200177 -6.884110E-05 -8.221005E-05
200178 -7.483004E-05 -9.266984E-05
200179 -7.930578E-05 -1.005857E-04
200180 -8.207356E-05 -1.055210E-04
200181 -8.301189E-05 -1.071986E-04
200182 -8.207953E-05 -1.055234E-04
200183 -7.931786E-05 -1.005904E-04
200184 -7.484848E-05 -9.267620E-05
200185 -6.886619E-05 -8.221735E-05
200186 -6.162770E-05 -6.977498E-05
200187 -5.343687E-05 -5.599169E-05
200188 -4.462722E-05 -4.154408E-05
200189 -3.554311E-05 -2.709580E-05
200190 -2.652061E-05 -1.325547E-05
200191 -1.786970E-05 -5.426383E-07
200192 -9.858935E-06  1.063598E-05
200193 -2.703711E-06  1.999906E-05
200194  3.441173E-06  2.739249E-05
200195  8.484275E-06  3.278167E-05
200196  1.239581E-05  3.623655E-05
200197  1.520201E-05  3.791162E-05
200198  1.697645E-05  3.802345E-05
200199  1.782934E-05  3.682799E-05
200200  1.789601E-05  3.459928E-05
200201  1.732547E-05  3.161106E-05
200202  1.626985E-05  2.812187E-05
200203  1.487551E-05  2.436408E-05
200204  1.327592E-05  2.053666E-05
200205  1.158673E-05  1.680142E-05
200206  9.902819E-06  1.328215E-05
200207  8.297257E-06  1.006620E-05
200208  6.821959E-06  7.207810E-06
200209  5.509631E-06  4.732701E-06
200210  4.376678E-06  2.643481E-06
200211  3.426675E-06  9.253894E-07
200212  2.654043E-06 -4.479558E-07
200213  2.047604E-06 -1.509098E-06
200214  1.593788E-06 -2.291824E-06
200215  1.279321E-06 -2.826960E-06
200216  1.093327E-06 -3.139007E-06
200217 -6.100531E-06 -1.431288E-05
200218 -6.107184E-06 -1.431527E-05
200219 -6.102905E-06 -1.430760E-05
200220 -6.067378E-06 -1.425593E-05
200221 -5.967767E-06 -1.410510E-05
200222 -5.760090E-06 -1.378150E-05
200223 -5.391625E-06 -1.319729E-05
200224 -4.804675E-06 -1.225609E-05
200225 -3.941857E-06 -1.086019E-05
200226 -2.752855E-06 -8.919046E-06
200227 -1.202278E-06 -6.358885E-06
200228  7.219969E-07 -3.132935E-06
200229  3.000796E-06  7.679794E-07
200230  5.576790E-06  5.304938E-06
200231  8.349599E-06  1.038100E-05
200232  1.117356E-05  1.583256E-05
200233  1.385872E-05  2.142298E-05
200234  1.617556E-05  2.683990E-05
200235  1.786384E-05  3.169765E-05
200236  1.864599E-05  3.554680E-05
200237  1.824474E-05  3.789197E-05
200238  1.640472E-05  3.821930E-05
200239  1.291654E-05  3.603308E-05
200240  7.641197E-06  3.090075E-05
200241  5.323375E-07  2.250294E-05
200242 -8.346823E-06  1.068443E-05
200243 -1.881441E-05 -4.499800E-06
200244 -3.057057E-05 -2.275019E-05
200245 -4.320851E-05 -4.350610E-05
200246 -5.623536E-05 -6.595296E-05
200247 -6.910086E-05 -8.905613E-05
200248 -8.123132E-05 -1.116217E-04
200249 -9.206554E-05 -1.323808E-04
200250 -1.010899E-04 -1.500899E-04
200251 -1.078696E-04 -1.636376E-04
200252 -1.120752E-04 -1.721449E-04
200253 -1.135010E-04 -1.750480E-04
200254 -1.120776E-04 -1.721524E-04
200255 -1.078751E-04 -1.636519E-04
200256 -1.010996E-04 -1.501096E-04
200257 -9.208114E-05 -1.324040E-04
200258 -8.125428E-05 -1.116464E-04
200259 -6.913241E-05 -8.908033E-05
200260 -5.627620E-05 -6.597493E-05
200261 -4.325864E-05 -4.352450E-05
200262 -3.062923E-05 -2.276405E-05
200263 -1.888017E-05 -4.508515E-06
200264 -8.417685E-06  1.068127E-05
200265  4.587240E-07  2.250564E-05
200266  7.567366E-06  3.090966E-05
200267  1.284505E-05  3.604864E-05
200268  1.633803E-05  3.824205E-05
200269  1.818512E-05  3.792252E-05
200270  1.859551E-05  3.558566E-05
200271  1.782431E-05  3.174518E-05
200272  1.614846E-05  2.689608E-05
200273  1.384521E-05  2.148736E-05
200274  1.117437E-05  1.590412E-05
200275  8.364979E-06  1.045819E-05
200276  5.606456E-06  5.385664E-06
200277  3.043881E-06  8.497322E-07
200278  7.770389E-07 -3.052894E-06
200279 -1.137317E-06 -6.283287E-06
200280 -2.680536E-06 -8.850350E-06
200281 -3.865180E-06 -1.080032E-05
200282 -4.726958E-06 -1.220625E-05
200283 -5.316358E-06 -1.315782E-05
200284 -5.690763E-06 -1.375192E-05
200285 -5.907685E-06 -1.408429E-05
200286 -6.019473E-06 -1.424235E-05
200287 -6.069559E-06 -1.429966E-05
200288 -6.090077E-06 -1.431166E-05
200289 -6.945984E-06 -1.472494E-05
200290 -7.047973E-06 -1.485303E-05
200291 -7.322370E-06 -1.522985E-05
200292 -7.743539E-06 -1.581434E-05
200293 -8.267678E-06 -1.653718E-05
200294 -8.831430E-06 -1.730150E-05
200295 -9.351563E-06 -1.798540E-05
200296 -9.726942E-06 -1.844672E-05
200297 -9.843782E-06 -1.853044E-05
200298 -9.584561E-06 -1.807824E-05
200299 -8.840165E-06 -1.693945E-05
200300 -7.524041E-06 -1.498307E-05
200301 -5.586604E-06 -1.211024E-05
200302 -3.028175E-06 -8.267499E-06
200303  9.085763E-08 -3.461240E-06
200304  3.643336E-06  2.226594E-06
200305  7.432335E-06  8.621958E-06
200306  1.119219E-05  1.544300E-05
200307  1.459439E-05  2.228806E-05
200308  1.725980E-05  2.863130E-05
200309  1.877886E-05  3.383029E-05
200310  1.874068E-05  3.714968E-05
200311  1.677028E-05  3.780372E-05
200312  1.257082E-05  3.501846E-05
200313  5.965627E-06  2.811129E-05
200314 -3.066490E-06  1.658201E-05
200315 -1.436898E-05  2.059676E-07
200316 -2.760276E-05 -2.088323E-05
200317 -4.226060E-05 -4.613565E-05
200318 -5.769930E-05 -7.456505E-05
200319 -7.318516E-05 -1.047774E-04
200320 -8.794722E-05 -1.350524E-04
200321 -1.012316E-04 -1.634748E-04
200322 -1.123521E-04 -1.881039E-04
200323 -1.207322E-04 -2.071624E-04
200324 -1.259383E-04 -2.192211E-04
200325 -1.277021E-04 -2.233527E-04
200326 -1.259332E-04 -2.192358E-04
200327 -1.207236E-04 -2.071902E-04
200328 -1.123431E-04 -1.881416E-04
200329 -1.012260E-04 -1.635184E-04
200330 -8.794885E-05 -1.350977E-04
200331 -7.319725E-05 -1.048206E-04
200332 -5.772385E-05 -7.460312E-05
200333 -4.229814E-05 -4.616684E-05
200334 -2.765229E-05 -2.090684E-05
200335 -1.442828E-05  1.897594E-07
200336 -3.132497E-06  1.657252E-05
200337  5.896300E-06  2.810775E-05
200338  1.250149E-05  3.502033E-05
200339  1.670393E-05  3.781092E-05
200340  1.867986E-05  3.716261E-05
200341  1.872571E-05  3.384975E-05
200342  1.721618E-05  2.865827E-05
200343  1.456197E-05  2.232346E-05
200344  1.117251E-05  1.548744E-05
200345  7.426778E-06  8.675471E-06
200346  3.653005E-06  2.288496E-06
200347  1.164457E-07 -3.392479E-06
200348 -2.986535E-06 -8.194276E-06
200349 -5.529455E-06 -1.203573E-05
200350 -7.452677E-06 -1.491101E-05
200351 -8.756650E-06 -1.687375E-05
200352 -9.491705E-06 -1.802249E-05
200353 -9.745072E-06 -1.848739E-05
200354 -9.626416E-06 -1.841775E-05
200355 -9.253640E-06 -1.797025E-05
200356 -8.740689E-06 -1.729817E-05
200357 -8.188589E-06 -1.654224E-05
200358 -7.680170E-06 -1.582355E-05
200359 -7.278094E-06 -1.523893E-05
200360 -7.025204E-06 -1.485853E-05
200361 -2.605113E-06 -7.712582E-06
200362 -2.778766E-06 -7.915731E-06
200363 -3.269302E-06 -8.536331E-06
200364 -4.061651E-06 -9.546734E-06
200365 -5.125492E-06 -1.089425E-05
200366 -6.408076E-06 -1.249620E-05
200367 -7.827244E-06 -1.423744E-05
200368 -9.267416E-06 -1.597204E-05
200369 -1.058124E-05 -1.752987E-05
200370 -1.159861E-05 -1.872652E-05
200371 -1.214273E-05 -1.937467E-05
200372 -1.205103E-05 -1.929456E-05
200373 -1.119676E-05 -1.832299E-05
200374 -9.507579E-06 -1.632193E-05
200375 -6.978711E-06 -1.318933E-05
200376 -3.680802E-06 -8.875235E-06
200377  2.354342E-07 -3.405162E-06
200378  4.535742E-06  3.089996E-06
200379  8.900022E-06  1.034093E-05
200380  1.292439E-05  1.791012E-05
200381  1.613326E-05  2.517336E-05
200382  1.800697E-05  3.132129E-05
200383  1.802730E-05  3.538874E-05
200384  1.573778E-05  3.631734E-05
200385  1.080988E-05  3.305253E-05
200386  3.102750E-06  2.467064E-05
200387 -7.296135E-06  1.052447E-05
200388 -2.005830E-05 -9.611009E-06
200389 -3.463271E-05 -3.541664E-05
200390 -5.029190E-05 -6.595609E-05
200391 -6.619703E-05 -9.967422E-05
200392 -8.147108E-05 -1.344806E-04
200393 -9.526893E-05 -1.679184E-04
200394 -1.068365E-04 -1.974049E-04
200395 -1.155547E-04 -2.205128E-04
200396 -1.209674E-04 -2.352552E-04
200397 -1.227970E-04 -2.403289E-04
200398 -1.209517E-04 -2.352791E-04
200399 -1.155266E-04 -2.205573E-04
200400 -1.068016E-04 -1.974641E-04
200401 -9.523446E-05 -1.679851E-04
200402 -8.144425E-05 -1.345471E-04
200403 -6.618373E-05 -9.973419E-05
200404 -5.029567E-05 -6.600504E-05
200405 -3.465430E-05 -3.545252E-05
200406 -2.009576E-05 -9.634001E-06
200407 -7.345567E-06  1.051250E-05
200408  3.046247E-06  2.466694E-05
200409  1.075116E-05  3.305436E-05
200410  1.568084E-05  3.632256E-05
200411  1.797492E-05  3.539620E-05
200412  1.796077E-05  3.133087E-05
200413  1.609410E-05  2.518579E-05
200414  1.289285E-05  1.792660E-05
200415  8.876876E-06  1.036280E-05
200416  4.522088E-06  3.118387E-06
200417  2.327842E-07 -3.369504E-06
200418 -3.670830E-06 -8.832221E-06
200419 -6.954681E-06 -1.313973E-05
200420 -9.468532E-06 -1.626760E-05
200421 -1.114242E-05 -1.826696E-05
200422 -1.198196E-05 -1.924099E-05
200423 -1.206036E-05 -1.932846E-05
200424 -1.150526E-05 -1.869261E-05
200425 -1.048013E-05 -1.751230E-05
200426 -9.162558E-06 -1.597295E-05
200427 -7.723354E-06 -1.425624E-05
200428 -6.310316E-06 -1.252930E-05
200429 -5.039146E-06 -1.093535E-05
200430 -3.991717E-06 -9.587904E-06
200431 -3.220047E-06 -8.569440E-06
200432 -2.753314E-06 -7.934147E-06
200433  3.317653E-06  1.173772E-06
200434  3.138466E-06  9.908549E-07
200435  2.622210E-06  4.030747E-07
200436  1.758395E-06 -5.979681E-07
200437  5.389500E-07 -2.009332E-06
200438 -1.027707E-06 -3.801338E-06
200439 -2.900252E-06 -5.906114E-06
200440 -4.990161E-06 -8.214721E-06
200441 -7.155159E-06 -1.058394E-05
200442 -9.205119E-06 -1.284968E-05
200443 -1.092170E-05 -1.484117E-05
200444 -1.208797E-05 -1.639014E-05
200445 -1.251976E-05 -1.733196E-05
200446 -1.208995E-05 -1.750103E-05
200447 -1.074008E-05 -1.672644E-05
200448 -8.481047E-06 -1.483674E-05
200449 -5.390340E-06 -1.168044E-05
200450 -1.614945E-06 -7.164768E-06
200451  2.615895E-06 -1.309472E-06
200452  6.972725E-06  5.692901E-06
200453  1.101536E-05  1.342197E-05
200454  1.420486E-05  2.119330E-05
200455  1.594766E-05  2.805445E-05
200456  1.567043E-05  3.282528E-05
200457  1.291222E-05  3.419020E-05
200458  7.412377E-06  3.084306E-05
200459 -8.276711E-07  2.167500E-05
200460 -1.152385E-05  5.983339E-06
200461 -2.413427E-05 -1.633135E-05
200462 -3.792212E-05 -4.461940E-05
200463 -5.204163E-05 -7.742535E-05
200464 -6.562871E-05 -1.125480E-04
200465 -7.788019E-05 -1.472257E-04
200466 -8.811110E-05 -1.784321E-04
200467 -9.578645E-05 -2.032432E-04
200468 -1.005313E-04 -2.192208E-04
200469 -1.021269E-04 -2.247473E-04
200470 -1.005035E-04 -2.192545E-04
200471 -9.573606E-05 -2.033054E-04
200472 -8.804720E-05 -1.785135E-04
200473 -7.781416E-05 -1.473146E-04
200474 -6.557184E-05 -1.126329E-04
200475 -5.200297E-05 -7.749679E-05
200476 -3.790680E-05 -4.467150E-05
200477 -2.414277E-05 -1.636223E-05
200478 -1.155241E-05  5.971966E-06
200479 -8.695846E-07  2.167884E-05
200480  7.364798E-06  3.085669E-05
200481  1.286578E-05  3.420841E-05
200482  1.562967E-05  3.284409E-05
200483  1.591443E-05  2.807151E-05
200484  1.417871E-05  2.120786E-05
200485  1.099459E-05  1.343437E-05
200486  6.955621E-06  5.704090E-06
200487  2.601656E-06 -1.298340E-06
200488 -1.625799E-06 -7.152485E-06
200489 -5.396118E-06 -1.166577E-05
200490 -8.479396E-06 -1.481852E-05
200491 -1.072859E-05 -1.670383E-05
200492 -1.206664E-05 -1.747405E-05
200493 -1.248336E-05 -1.730215E-05
200494 -1.203801E-05 -1.636091E-05
200495 -1.085856E-05 -1.481780E-05
200496 -9.130036E-06 -1.283851E-05
200497 -7.070351E-06 -1.059098E-05
200498 -4.898882E-06 -8.243849E-06
200499 -2.806790E-06 -5.957486E-06
200500 -9.372170E-07 -3.870454E-06
200501  6.208011E-07 -2.087230E-06
200502  1.825949E-06 -6.726453E-07
200503  2.670441E-06  3.442766E-07
200504  3.163596E-06  9.584684E-07
200505  7.340280E-06  7.386568E-06
200506  7.225565E-06  7.317829E-06
200507  6.890713E-06  7.039573E-06
200508  6.295847E-06  6.488916E-06
200509  5.384298E-06  5.593217E-06
200510  4.100383E-06  4.301287E-06
200511  2.414550E-06  2.608129E-06
200512  3.508522E-07  5.638885E-07
200513 -1.992750E-06 -1.735633E-06
200514 -4.441929E-06 -4.171457E-06
200515 -6.767407E-06 -6.625238E-06
200516 -8.726328E-06 -8.991674E-06
200517 -1.010908E-05 -1.117188E-05
200518 -1.077262E-05 -1.304945E-05
200519 -1.064740E-05 -1.446057E-05
200520 -9.719883E-06 -1.517451E-05
200521 -8.007735E-06 -1.489918E-05
200522 -5.550372E-06 -1.331920E-05
200523 -2.429284E-06 -1.016382E-05
200524  1.186487E-06 -5.294552E-06
200525  4.992677E-06  1.202584E-06
200526  8.530429E-06  8.937332E-06
200527  1.121756E-05  1.716582E-05
200528  1.243274E-05  2.478966E-05
200529  1.163289E-05  3.041955E-05
200530  8.469796E-06  3.251242E-05
200531  2.872067E-06  2.957875E-05
200532 -4.929605E-06  2.043902E-05
200533 -1.443735E-05  4.490009E-06
200534 -2.496772E-05 -1.807134E-05
200535 -3.575647E-05 -4.612126E-05
200536 -4.606079E-05 -7.762353E-05
200537 -5.523855E-05 -1.098048E-04
200538 -6.279282E-05 -1.394785E-04
200539 -6.838053E-05 -1.634730E-04
200540 -7.179364E-05 -1.790921E-04
200541 -7.292770E-05 -1.845258E-04
200542 -7.175402E-05 -1.791345E-04
200543 -6.830834E-05 -1.635505E-04
200544 -6.270077E-05 -1.395779E-04
200545 -5.514242E-05 -1.099102E-04
200546 -4.597629E-05 -7.771955E-05
200547 -3.569603E-05 -4.619592E-05
200548 -2.493806E-05 -1.811787E-05
200549 -1.443837E-05  4.472706E-06
200550 -4.955009E-06  2.044716E-05
200551  2.832619E-06  2.960533E-05
200552  8.427614E-06  3.254932E-05
200553  1.159719E-05  3.045938E-05
200554  1.240851E-05  2.482700E-05
200555  1.120504E-05  1.719760E-05
200556  8.526136E-06  8.962397E-06
200557  4.991434E-06  1.220803E-06
200558  1.183660E-06 -5.283031E-06
200559 -2.436213E-06 -1.015887E-05
200560 -5.561290E-06 -1.332046E-05
200561 -8.020389E-06 -1.490552E-05
200562 -9.730924E-06 -1.518365E-05
200563 -1.065343E-05 -1.446936E-05
200564 -1.077087E-05 -1.305479E-05
200565 -1.009759E-05 -1.117221E-05
200566 -8.703824E-06 -8.988284E-06
200567 -6.733192E-06 -6.622849E-06
200568 -4.395902E-06 -4.177645E-06
200569 -1.935640E-06 -1.758959E-06
200570  4.171675E-07  5.166057E-07
200571  2.486822E-06  2.534598E-06
200572  4.174007E-06  4.205639E-06
200573  5.453643E-06  5.486232E-06
200574  6.354869E-06  6.386293E-06
200575  6.933776E-06  6.958561E-06
200576  7.248293E-06  7.273110E-06
200577  7.820863E-06  8.968996E-06
200578  7.809078E-06  9.073135E-06
200579  7.775276E-06  9.280334E-06
200580  7.662715E-06  9.463676E-06
200581  7.378999E-06  9.462231E-06
200582  6.809248E-06  9.132068E-06
200583  5.844372E-06  8.388060E-06
200584  4.421770E-06  7.220830E-06
200585  2.565226E-06  5.683103E-06
200586  4.039175E-07  3.852853E-06
200587 -1.845667E-06  1.791886E-06
200588 -3.934842E-06 -4.778688E-07
200589 -5.653138E-06 -2.964729E-06
200590 -6.879199E-06 -5.663661E-06
200591 -7.584444E-06 -8.494782E-06
200592 -7.788323E-06 -1.125029E-05
200593 -7.494888E-06 -1.357481E-05
200594 -6.655176E-06 -1.499283E-05
200595 -5.187314E-06 -1.498174E-05
200596 -3.052673E-06 -1.307776E-05
200597 -3.516698E-07 -8.996955E-06
200598  2.612876E-06 -2.752798E-06
200599  5.344790E-06  5.249354E-06
200600  7.243427E-06  1.416259E-05
200601  7.744138E-06  2.271705E-05
200602  6.460853E-06  2.932610E-05
200603  3.282912E-06  3.228606E-05
200604 -1.601146E-06  3.005388E-05
200605 -7.752528E-06  2.156165E-05
200606 -1.458149E-05  6.506342E-06
200607 -2.146467E-05 -1.445463E-05
200608 -2.784969E-05 -3.966119E-05
200609 -3.332493E-05 -6.659383E-05
200610 -3.764421E-05 -9.219521E-05
200611 -4.070776E-05 -1.133227E-04
200612 -4.251230E-05 -1.272511E-04
200613 -4.309053E-05 -1.321294E-04
200614 -4.246260E-05 -1.272991E-04
200615 -4.061707E-05 -1.134093E-04
200616 -3.752825E-05 -9.230410E-05
200617 -3.320343E-05 -6.670554E-05
200618 -2.774240E-05 -3.975760E-05
200619 -2.138734E-05 -1.452244E-05
200620 -1.454247E-05  6.473644E-06
200621 -7.751191E-06  2.156365E-05
200622 -1.628556E-06  3.008452E-05
200623  3.241087E-06  3.233594E-05
200624  6.419948E-06  2.938505E-05
200625  7.716039E-06  2.277639E-05
200626  7.233534E-06  1.421647E-05
200627  5.351382E-06  5.294844E-06
200628  2.628913E-06 -2.716672E-06
200629 -3.352133E-07 -8.970657E-06
200630 -3.043360E-06 -1.306233E-05
200631 -5.188981E-06 -1.497891E-05
200632 -6.667493E-06 -1.500405E-05
200633 -7.514491E-06 -1.359982E-05
200634 -7.810683E-06 -1.128602E-05
200635 -7.605472E-06 -8.535439E-06
200636 -6.895996E-06 -5.702201E-06
200637 -5.663852E-06 -2.995322E-06
200638 -3.938089E-06 -4.984526E-07
200639 -1.840058E-06  1.778023E-06
200640  4.197903E-07  3.837266E-06
200641  2.592337E-06  5.654402E-06
200642  4.460000E-06  7.168421E-06
200643  5.891950E-06  8.306299E-06
200644  6.862546E-06  9.023404E-06
200645  7.432773E-06  9.338103E-06
200646  7.710785E-06  9.342621E-06
200647  7.811524E-06  9.183662E-06
200648  7.828578E-06  9.019410E-06
200649  5.164524E-06  6.369086E-06
200650  5.248540E-06  6.657418E-06
200651  5.504477E-06  7.388794E-06
200652  5.884776E-06  8.374591E-06
200653  6.294629E-06  9.368827E-06
200654  6.588866E-06  1.013925E-05
200655  6.593343E-06  1.052764E-05
200656  6.155115E-06  1.047684E-05
200657  5.206452E-06  1.001428E-05
200658  3.810783E-06  9.199391E-06
200659  2.157437E-06  8.059475E-06
200660  4.944897E-07  6.546624E-06
200661 -9.732101E-07  4.541874E-06
200662 -2.164827E-06  1.912844E-06
200663 -3.131324E-06 -1.394051E-06
200664 -3.979824E-06 -5.263409E-06
200665 -4.758250E-06 -9.359926E-06
200666 -5.373929E-06 -1.313818E-05
200667 -5.603540E-06 -1.591264E-05
200668 -5.198705E-06 -1.697160E-05
200669 -4.034943E-06 -1.571439E-05
200670 -2.225437E-06 -1.179311E-05
200671 -1.385148E-07 -5.240965E-06
200672  1.693702E-06  3.434631E-06
200673  2.736188E-06  1.322236E-05
200674  2.613815E-06  2.266862E-05
200675  1.214598E-06  3.004726E-05
200676 -1.295836E-06  3.363018E-05
200677 -4.539910E-06  3.202068E-05
200678 -8.040299E-06  2.448382E-05
200679 -1.133939E-05  1.119471E-05
200680 -1.409490E-05 -6.665990E-06
200681 -1.613292E-05 -2.701137E-05
200682 -1.745160E-05 -4.714121E-05
200683 -1.817873E-05 -6.418197E-05
200684 -1.849754E-05 -7.559044E-05
200685 -1.856377E-05 -7.961836E-05
200686 -1.844090E-05 -7.563973E-05
200687 -1.807513E-05 -6.426964E-05
200688 -1.731872E-05 -4.724857E-05
200689 -1.599322E-05 -2.711695E-05
200690 -1.397126E-05 -6.750739E-06
200691 -1.125038E-05  1.114360E-05
200692 -7.995994E-06  2.447127E-05
200693 -4.539559E-06  3.204416E-05
200694 -1.328320E-06  3.368157E-05
200695  1.167274E-06  3.011556E-05
200696  2.570886E-06  2.274279E-05
200697  2.712208E-06  1.329366E-05
200698  1.694471E-06  3.497906E-06
200699 -1.167095E-07 -5.187558E-06
200700 -2.193156E-06 -1.174968E-05
200701 -4.004822E-06 -1.568145E-05
200702 -5.180679E-06 -1.695148E-05
200703 -5.601960E-06 -1.590940E-05
200704 -5.387418E-06 -1.315576E-05
200705 -4.781801E-06 -9.399571E-06
200706 -4.007721E-06 -5.321734E-06
200707 -3.159356E-06 -1.462850E-06
200708 -2.190932E-06  1.844628E-06
200709 -9.967052E-07  4.484622E-06
200710  4.742418E-07  6.506220E-06
200711  2.141977E-06  8.034636E-06
200712  3.802610E-06  9.181306E-06
200713  5.208261E-06  9.988987E-06
200714  6.168700E-06  1.042985E-05
200715  6.618646E-06  1.044945E-05
200716  6.623495E-06  1.002977E-05
200717  6.333973E-06  9.239115E-06
200718  5.922690E-06  8.244950E-06
200719  5.534447E-06  7.283636E-06
200720  5.265090E-06  6.598469E-06
200721  9.682355E-07  1.332222E-06
200722  1.104556E-06  1.774657E-06
200723  1.531866E-06  2.949060E-06
200724  2.242290E-06  4.619854E-06
200725  3.180847E-06  6.475181E-06
200726  4.214649E-06  8.213218E-06
200727  5.135563E-06  9.618386E-06
200728  5.712401E-06  1.059967E-05
200729  5.780320E-06  1.117545E-05
200730  5.323592E-06  1.140976E-05
200731  4.495806E-06  1.132674E-05
200732  3.547325E-06  1.084368E-05
200733  2.687291E-06  9.760170E-06
200734  1.960456E-06  7.819073E-06
200735  1.223648E-06  4.821782E-06
200736  2.493406E-07  7.530531E-07
200737 -1.100502E-06 -4.135130E-06
200738 -2.738483E-06 -9.311883E-06
200739 -4.342816E-06 -1.402905E-05
200740 -5.488081E-06 -1.743548E-05
200741 -5.846060E-06 -1.871894E-05
200742 -5.349094E-06 -1.725696E-05
200743 -4.232754E-06 -1.276219E-05
200744 -2.941588E-06 -5.403793E-06
200745 -1.950668E-06  4.123516E-06
200746 -1.589908E-06  1.461554E-05
200747 -1.944199E-06  2.448569E-05
200748 -2.855715E-06  3.200569E-05
200749 -4.006513E-06  3.562858E-05
200750 -5.035334E-06  3.432959E-05
200751 -5.646199E-06  2.788208E-05
200752 -5.683931E-06  1.699157E-05
200753 -5.166879E-06  3.240435E-06
200754 -4.274683E-06 -1.115997E-05
200755 -3.293956E-06 -2.376672E-05
200756 -2.533197E-06 -3.237218E-05
200757 -2.229149E-06 -3.544063E-05
200758 -2.473450E-06 -3.241841E-05
200759 -3.184378E-06 -2.384733E-05
200760 -4.133553E-06 -1.125511E-05
200761 -5.017807E-06  3.152577E-06
200762 -5.551551E-06  1.692896E-05
200763 -5.551099E-06  2.785519E-05
200764 -4.989207E-06  3.434049E-05
200765 -4.009002E-06  3.567229E-05
200766 -2.894380E-06  3.207263E-05
200767 -1.998254E-06  2.456446E-05
200768 -1.636868E-06  1.469558E-05
200769 -1.973644E-06  4.197227E-06
200770 -2.934405E-06 -5.339989E-06
200771 -4.200870E-06 -1.270841E-05
200772 -5.306094E-06 -1.721198E-05
200773 -5.807460E-06 -1.868299E-05
200774 -5.465282E-06 -1.741203E-05
200775 -4.339743E-06 -1.402444E-05
200776 -2.751967E-06 -9.332628E-06
200777 -1.123576E-06 -4.184263E-06
200778  2.233392E-07  6.787745E-07
200779  1.198330E-06  4.732282E-06
200780  1.936061E-06  7.728585E-06
200781  2.662384E-06  9.682867E-06
200782  3.521084E-06  1.078885E-05
200783  4.469499E-06  1.129521E-05
200784  5.300595E-06  1.139292E-05
200785  5.764953E-06  1.115759E-05
200786  5.708330E-06  1.056315E-05
200787  5.144452E-06  9.550190E-06
200788  4.235412E-06  8.110592E-06
200789  3.209600E-06  6.348140E-06
200790  2.272986E-06  4.489409E-06
200791  1.557580E-06  2.841518E-06
200792  1.119199E-06  1.713843E-06
200793 -3.055712E-06 -4.229106E-06
200794 -2.924895E-06 -3.688727E-06
200795 -2.489612E-06 -2.227655E-06
200796 -1.693451E-06 -1.037664E-07
200797 -5.145707E-07  2.337100E-06
200798  9.685339E-07  4.753247E-06
200799  2.550680E-06  6.892281E-06
200800  3.944717E-06  8.639451E-06
200801  4.893076E-06  1.000937E-05
200802  5.293470E-06  1.108101E-05
200803  5.256947E-06  1.189933E-05
200804  5.040373E-06  1.238608E-05
200805  4.873658E-06  1.230608E-05
200806  4.785710E-06  1.131774E-05
200807  4.553285E-06  9.098512E-06
200808  3.824450E-06  5.497092E-06
200809  2.349513E-06  6.490548E-07
200810  1.746751E-07 -4.988133E-06
200811 -2.325229E-06 -1.068572E-05
200812 -4.597128E-06 -1.555473E-05
200813 -6.156014E-06 -1.868601E-05
200814 -6.790982E-06 -1.929890E-05
200815 -6.627535E-06 -1.688706E-05
200816 -6.028492E-06 -1.134885E-05
200817 -5.401051E-06 -3.078858E-06
200818 -5.015722E-06  7.011981E-06
200819 -4.918640E-06  1.757860E-05
200820 -4.955747E-06  2.703878E-05
200821 -4.869736E-06  3.386343E-05
200822 -4.411223E-06  3.690138E-05
200823 -3.423543E-06  3.565678E-05
200824 -1.889562E-06  3.044156E-05
200825  5.561176E-08  2.235481E-05
200826  2.143256E-06  1.308485E-05
200827  4.022389E-06  4.572853E-06
200828  5.339987E-06 -1.390077E-06
200829  5.832392E-06 -3.543535E-06
200830  5.398992E-06 -1.429882E-06
200831  4.130915E-06  4.505504E-06
200832  2.283643E-06  1.300988E-05
200833  2.046397E-07  2.229285E-05
200834 -1.756752E-06  3.040777E-05
200835 -3.328459E-06  3.565777E-05
200836 -4.366774E-06  3.693551E-05
200837 -4.876318E-06  3.392333E-05
200838 -5.000543E-06  2.711428E-05
200839 -4.979256E-06  1.765922E-05
200840 -5.067477E-06  7.088904E-06
200841 -5.425372E-06 -3.011228E-06
200842 -6.018944E-06 -1.129207E-05
200843 -6.590913E-06 -1.683939E-05
200844 -6.743083E-06 -1.925773E-05
200845 -6.114214E-06 -1.865109E-05
200846 -4.573273E-06 -1.553027E-05
200847 -2.322014E-06 -1.067982E-05
200848  1.626355E-07 -5.009388E-06
200849  2.331104E-06  5.960418E-07
200850  3.806821E-06  5.415078E-06
200851  4.538732E-06  8.998126E-06
200852  4.771935E-06  1.121486E-05
200853  4.856568E-06  1.221706E-05
200854  5.017395E-06  1.232247E-05
200855  5.228943E-06  1.186375E-05
200856  5.264592E-06  1.106567E-05
200857  4.869097E-06  9.998055E-06
200858  3.930951E-06  8.612781E-06
200859  2.550302E-06  6.834870E-06
200860  9.816212E-07  4.660158E-06
200861 -4.912596E-07  2.217046E-06
200862 -1.665940E-06 -2.299906E-07
200863 -2.465345E-06 -2.333148E-06
200864 -2.910709E-06 -3.748806E-06
200865 -5.775439E-06 -8.913002E-06
200866 -5.700507E-06 -8.340194E-06
200867 -5.403177E-06 -6.775792E-06
200868 -4.750984E-06 -4.470417E-06
200869 -3.623956E-06 -1.765251E-06
200870 -2.016449E-06  9.940680E-07
200871 -9.824371E-08  3.541322E-06
200872  1.813704E-06  5.743828E-06
200873  3.381819E-06  7.605670E-06
200874  4.416561E-06  9.213928E-06
200875  4.980396E-06  1.064209E-05
200876  5.336399E-06  1.184635E-05
200877  5.747486E-06  1.260489E-05
200878  6.250170E-06  1.254381E-05
200879  6.567906E-06  1.125686E-05
200880  6.244515E-06  8.475063E-06
200881  4.923782E-06  4.211554E-06
200882  2.595949E-06 -1.178533E-06
200883 -3.458885E-07 -7.036519E-06
200884 -3.270397E-06 -1.250818E-05
200885 -5.590018E-06 -1.668143E-05
200886 -6.999090E-06 -1.872731E-05
200887 -7.548471E-06 -1.803419E-05
200888 -7.539837E-06 -1.432884E-05
200889 -7.321766E-06 -7.770731E-06
200890 -7.109688E-06  1.006283E-06
200891 -6.916206E-06  1.093660E-05
200892 -6.598726E-06  2.067147E-05
200893 -5.965878E-06  2.882385E-05
200894 -4.873081E-06  3.425895E-05
200895 -3.273305E-06  3.635262E-05
200896 -1.230297E-06  3.514221E-05
200897  1.085256E-06  3.132642E-05
200898  3.410007E-06  2.611244E-05
200899  5.421977E-06  2.094654E-05
200900  6.801776E-06  1.718940E-05
200901  7.310534E-06  1.580858E-05
200902  6.856816E-06  1.715799E-05
200903  5.523401E-06  2.089593E-05
200904  3.541592E-06  2.606177E-05
200905  1.225378E-06  3.129399E-05
200906 -1.105323E-06  3.513919E-05
200907 -3.184652E-06  3.638087E-05
200908 -4.834138E-06  3.431285E-05
200909 -5.977822E-06  2.889404E-05
200910 -6.649141E-06  2.074819E-05
200911 -6.982341E-06  1.101147E-05
200912 -7.165971E-06  1.073171E-06
200913 -7.348846E-06 -7.714961E-06
200914 -7.531255E-06 -1.428381E-05
200915 -7.511889E-06 -1.799662E-05
200916 -6.951546E-06 -1.869351E-05
200917 -5.549607E-06 -1.665067E-05
200918 -3.248468E-06 -1.248497E-05
200919 -3.433990E-07 -7.029849E-06
200920  2.586586E-06 -1.198145E-06
200921  4.912948E-06  4.160079E-06
200922  6.239229E-06  8.393803E-06
200923  6.568615E-06  1.115600E-05
200924  6.251759E-06  1.243900E-05
200925  5.743247E-06  1.251263E-05
200926  5.322231E-06  1.177894E-05
200927  4.956956E-06  1.060346E-05
200928  4.388772E-06  9.197730E-06
200929  3.356664E-06  7.596628E-06
200930  1.797742E-06  5.722581E-06
200931 -1.007493E-07  3.491610E-06
200932 -2.004601E-06  9.096367E-07
200933 -3.600601E-06 -1.876971E-06
200934 -4.722314E-06 -4.589616E-06
200935 -5.377328E-06 -6.876237E-06
200936 -5.685214E-06 -8.397638E-06
200937 -6.808036E-06 -1.201242E-05
200938 -6.818813E-06 -1.146883E-05
200939 -6.749121E-06 -9.973727E-06
200940 -6.393064E-06 -7.741711E-06
200941 -5.530615E-06 -5.070867E-06
200942 -4.060674E-06 -2.274121E-06
200943 -2.096795E-06  3.920388E-07
200944  3.873094E-08  2.780691E-06
200945  1.947466E-06  4.871299E-06
200946  3.360128E-06  6.739158E-06
200947  4.287308E-06  8.477473E-06
200948  4.992136E-06  1.009161E-05
200949  5.771952E-06  1.141151E-05
200950  6.686656E-06  1.208102E-05
200951  7.435682E-06  1.165589E-05
200952  7.492635E-06  9.779743E-06
200953  6.420466E-06  6.355446E-06
200954  4.159124E-06  1.631397E-06
200955  1.100967E-06 -3.823987E-06
200956 -2.083443E-06 -9.229888E-06
200957 -4.751799E-06 -1.373214E-05
200958 -6.548502E-06 -1.653712E-05
200959 -7.484791E-06 -1.702728E-05
200960 -7.826192E-06 -1.485868E-05
200961 -7.881625E-06 -1.004024E-05
200962 -7.828844E-06 -2.981566E-06
200963 -7.664621E-06  5.519201E-06
200964 -7.273583E-06  1.437761E-05
200965 -6.538082E-06  2.241874E-05
200966 -5.410536E-06  2.862550E-05
200967 -3.924381E-06  3.236532E-05
200968 -2.172799E-06  3.352411E-05
200969 -2.931690E-07  3.251092E-05
200970  1.533739E-06  3.013904E-05
200971  3.089624E-06  2.741961E-05
200972  4.150564E-06  2.531778E-05
200973  4.543164E-06  2.452482E-05
200974  4.199364E-06  2.529547E-05
200975  3.179499E-06  2.738673E-05
200976  1.650246E-06  3.011323E-05
200977 -1.693309E-07  3.250741E-05
200978 -2.063031E-06  3.354953E-05
200979 -3.848280E-06  3.241660E-05
200980 -5.380995E-06  2.869329E-05
200981 -6.556737E-06  2.249244E-05
200982 -7.328921E-06  1.444879E-05
200983 -7.734704E-06  5.582476E-06
200984 -7.888585E-06 -2.929092E-06
200985 -7.911956E-06 -9.999213E-06
200986 -7.820973E-06 -1.482719E-05
200987 -7.452086E-06 -1.700120E-05
200988 -6.505564E-06 -1.651225E-05
200989 -4.716319E-06 -1.370741E-05
200990 -2.065496E-06 -9.209610E-06
200991  1.102319E-06 -3.817092E-06
200992  4.153244E-06  1.615150E-06
200993  6.418485E-06  6.310235E-06
200994  7.500779E-06  9.706856E-06
200995  7.452277E-06  1.156395E-05
200996  6.704011E-06  1.198359E-05
200997  5.781347E-06  1.132325E-05
200998  4.988611E-06  1.002412E-05
200999  4.271748E-06  8.435545E-06
201000  3.338252E-06  6.718510E-06
201001  1.927118E-06  4.858986E-06
201002  2.715259E-08  2.759065E-06
201003 -2.094842E-06  3.454794E-07
201004 -4.043976E-06 -2.352265E-06
201005 -5.501992E-06 -5.174316E-06
201006 -6.359128E-06 -7.852281E-06
201007 -6.718865E-06 -1.006700E-05
201008 -6.800977E-06 -1.152219E-05
201009 -6.330864E-06 -1.338749E-05
201010 -6.433556E-06 -1.292302E-05
201011 -6.614727E-06 -1.163691E-05
201012 -6.609281E-06 -9.684146E-06
201013 -6.112245E-06 -7.287289E-06
201014 -4.934242E-06 -4.694280E-06
201015 -3.126228E-06 -2.130000E-06
201016 -9.970314E-07  2.481292E-07
201017  1.017166E-06  2.379883E-06
201018  2.583659E-06  4.303800E-06
201019  3.663393E-06  6.113450E-06
201020  4.509740E-06  7.863536E-06
201021  5.443942E-06  9.459308E-06
201022  6.551955E-06  1.060148E-05
201023  7.532074E-06  1.084901E-05
201024  7.825340E-06  9.791262E-06
201025  6.950974E-06  7.242391E-06
201026  4.819000E-06  3.355606E-06
201027  1.816825E-06 -1.388979E-06
201028 -1.370797E-06 -6.295014E-06
201029 -4.081426E-06 -1.059632E-05
201030 -5.942734E-06 -1.358760E-05
201031 -6.953296E-06 -1.471898E-05
201032 -7.364959E-06 -1.366066E-05
201033 -7.469367E-06 -1.035337E-05
201034 -7.431120E-06 -5.049269E-06
201035 -7.255609E-06  1.679444E-06
201036 -6.873506E-06  9.002373E-06
201037 -6.248089E-06  1.598073E-05
201038 -5.420450E-06  2.177311E-05
201039 -4.479982E-06  2.582584E-05
201040 -3.510991E-06  2.797985E-05
201041 -2.569859E-06  2.846658E-05
201042 -1.703236E-06  2.780941E-05
201043 -9.763763E-07  2.666985E-05
201044 -4.766222E-07  2.567914E-05
201045 -2.845878E-07  2.528867E-05
201046 -4.354233E-07  2.566576E-05
201047 -9.008699E-07  2.665393E-05
201048 -1.606099E-06  2.780648E-05
201049 -2.467753E-06  2.848832E-05
201050 -3.422272E-06  2.802833E-05
201051 -4.421575E-06  2.589349E-05
201052 -5.403708E-06  2.184764E-05
201053 -6.274569E-06  1.605115E-05
201054 -6.932854E-06  9.062392E-06
201055 -7.327693E-06  1.727152E-06
201056 -7.492671E-06 -5.013401E-06
201057 -7.502684E-06 -1.032776E-05
201058 -7.364607E-06 -1.364250E-05
201059 -6.927306E-06 -1.470407E-05
201060 -5.907583E-06 -1.357181E-05
201061 -4.053361E-06 -1.057844E-05
201062 -1.358045E-06 -6.278734E-06
201063  1.816960E-06 -1.382236E-06
201064  4.816907E-06  3.344091E-06
201065  6.957607E-06  7.207211E-06
201066  7.845520E-06  9.732782E-06
201067  7.562043E-06  1.077330E-05
201068  6.582139E-06  1.051845E-05
201069  5.464642E-06  9.380223E-06
201070  4.516081E-06  7.798219E-06
201071  3.656987E-06  6.067303E-06
201072  2.570984E-06  4.275157E-06
201073  1.006457E-06  2.359288E-06
201074 -9.985295E-07  2.210260E-07
201075 -3.113953E-06 -2.177369E-06
201076 -4.907254E-06 -4.768211E-06
201077 -6.073765E-06 -7.382560E-06
201078 -6.566587E-06 -9.784748E-06
201079 -6.577759E-06 -1.172123E-05
201080 -6.412042E-06 -1.297109E-05
201081 -4.781474E-06 -1.323046E-05
201082 -4.962557E-06 -1.288032E-05
201083 -5.361368E-06 -1.190172E-05
201084 -5.674832E-06 -1.037385E-05
201085 -5.539742E-06 -8.420601E-06
201086 -4.700168E-06 -6.200739E-06
201087 -3.151618E-06 -3.889798E-06
201088 -1.178138E-06 -1.651252E-06
201089  7.707600E-07  4.037937E-07
201090  2.322871E-06  2.255093E-06
201091  3.398679E-06  3.974705E-06
201092  4.231619E-06  5.656832E-06
201093  5.147298E-06  7.290512E-06
201094  6.247467E-06  8.657702E-06
201095  7.242018E-06  9.352470E-06
201096  7.573672E-06  8.940638E-06
201097  6.758229E-06  7.173244E-06
201098  4.703983E-06  4.128314E-06
201099  1.800034E-06  2.120126E-07
201100 -1.266655E-06 -3.958202E-06
201101 -3.833925E-06 -7.713048E-06
201102 -5.532527E-06 -1.046378E-05
201103 -6.365070E-06 -1.177634E-05
201104 -6.586866E-06 -1.139790E-05
201105 -6.494350E-06 -9.269950E-06
201106 -6.266066E-06 -5.552204E-06
201107 -5.942534E-06 -6.430664E-07
201108 -5.518466E-06  4.849290E-06
201109 -5.042330E-06  1.021687E-05
201110 -4.634589E-06  1.481914E-05
201111 -4.421845E-06  1.823715E-05
201112 -4.455960E-06  2.034829E-05
201113 -4.686787E-06  2.130321E-05
201114 -5.000578E-06  2.143462E-05
201115 -5.283791E-06  2.114344E-05
201116 -5.464585E-06  2.079608E-05
201117 -5.515029E-06  2.064720E-05
201118 -5.431736E-06  2.079109E-05
201119 -5.224295E-06  2.114289E-05
201120 -4.925484E-06  2.145129E-05
201121 -4.610029E-06  2.134493E-05
201122 -4.392357E-06  2.041286E-05
201123 -4.384807E-06  1.831339E-05
201124 -4.633010E-06  1.489295E-05
201125 -5.077118E-06  1.027785E-05
201126 -5.580539E-06  4.893823E-06
201127 -6.014381E-06 -6.132982E-07
201128 -6.327406E-06 -5.533614E-06
201129 -6.529848E-06 -9.259238E-06
201130 -6.592153E-06 -1.139198E-05
201131 -6.347743E-06 -1.177160E-05
201132 -5.507380E-06 -1.045671E-05
201133 -3.814868E-06 -7.702359E-06
201134 -1.259685E-06 -3.946588E-06
201135  1.799002E-06  2.184045E-07
201136  4.705452E-06  4.122601E-06
201137  6.772009E-06  7.150840E-06
201138  7.602718E-06  8.900744E-06
201139  7.280828E-06  9.297783E-06
201140  6.285601E-06  8.593425E-06
201141  5.175339E-06  7.223532E-06
201142  4.245771E-06  5.594661E-06
201143  3.401709E-06  3.923322E-06
201144  2.321848E-06  2.215906E-06
201145  7.737401E-07  3.716288E-07
201146 -1.164648E-06 -1.686933E-06
201147 -3.123982E-06 -3.940084E-06
201148 -4.658324E-06 -6.271109E-06
201149 -5.487732E-06 -8.506914E-06
201150 -5.620782E-06 -1.046277E-05
201151 -5.316117E-06 -1.197524E-05
201152 -4.936651E-06 -1.292192E-05
201153 -2.613683E-06 -1.185547E-05
201154 -2.846541E-06 -1.164058E-05
201155 -3.391818E-06 -1.102796E-05
201156 -3.932539E-06 -1.001239E-05
201157 -4.079946E-06 -8.606369E-06
201158 -3.542397E-06 -6.865264E-06
201159 -2.277192E-06 -4.903806E-06
201160 -5.393458E-07 -2.886995E-06
201161  1.231775E-06 -9.816867E-07
201162  2.653154E-06  7.196697E-07
201163  3.620070E-06  2.250210E-06
201164  4.337903E-06  3.729409E-06
201165  5.112741E-06  5.226090E-06
201166  6.042967E-06  6.613110E-06
201167  6.853399E-06  7.540935E-06
201168  7.016056E-06  7.578983E-06
201169  6.081247E-06  6.442236E-06
201170  3.985872E-06  4.157243E-06
201171  1.133890E-06  1.074994E-06
201172 -1.787387E-06 -2.254248E-06
201173 -4.124543E-06 -5.257061E-06
201174 -5.519784E-06 -7.474485E-06
201175 -5.987639E-06 -8.617227E-06
201176 -5.798863E-06 -8.552516E-06
201177 -5.274961E-06 -7.274973E-06
201178 -4.635487E-06 -4.906673E-06
201179 -3.982033E-06 -1.721469E-06
201180 -3.388786E-06  1.858625E-06
201181 -2.990155E-06  5.339689E-06
201182 -2.975577E-06  8.288942E-06
201183 -3.495076E-06  1.045438E-05
201184 -4.556919E-06  1.180562E-05
201185 -5.996913E-06  1.248592E-05
201186 -7.534409E-06  1.271832E-05
201187 -8.869074E-06  1.272032E-05
201188 -9.760616E-06  1.265616E-05
201189 -1.006480E-05  1.262403E-05
201190 -9.736657E-06  1.265891E-05
201191 -8.826707E-06  1.273332E-05
201192 -7.483079E-06  1.275091E-05
201193 -5.947729E-06  1.254186E-05
201194 -4.520843E-06  1.187895E-05
201195 -3.481435E-06  1.053145E-05
201196 -2.990164E-06  8.355121E-06
201197 -3.032820E-06  5.386132E-06
201198 -3.451814E-06  1.884692E-06
201199 -4.051183E-06 -1.710746E-06
201200 -4.694412E-06 -4.905150E-06
201201 -5.311492E-06 -7.278252E-06
201202 -5.809974E-06 -8.557822E-06
201203 -5.980129E-06 -8.622000E-06
201204 -5.505996E-06 -7.476073E-06
201205 -4.115350E-06 -5.254055E-06
201206 -1.786380E-06 -2.247911E-06
201207  1.131686E-06  1.080884E-06
201208  3.990128E-06  4.158093E-06
201209  6.099774E-06  6.434342E-06
201210  7.049710E-06  7.560025E-06
201211  6.895525E-06  7.509643E-06
201212  6.083447E-06  6.569423E-06
201213  5.143718E-06  5.172218E-06
201214  4.357533E-06  3.670511E-06
201215  3.632519E-06  2.193003E-06
201216  2.665775E-06  6.689393E-07
201217  1.251812E-06 -1.026424E-06
201218 -5.068518E-07 -2.931807E-06
201219 -2.230217E-06 -4.956732E-06
201220 -3.482317E-06 -6.930817E-06
201221 -4.011961E-06 -8.681667E-06
201222 -3.865688E-06 -1.008726E-05
201223 -3.337631E-06 -1.108860E-05
201224 -2.816045E-06 -1.167452E-05
