Mesh2HRTF 1.0.0-dev
    1
    1  1225
200000 -2.036910E-06 -1.849046E-05
200001 -1.128496E-06 -1.523800E-05
200002 -1.036271E-06 -1.489437E-05
200003 -9.520171E-07 -1.459445E-05
200004 -8.763570E-07 -1.434502E-05
200005 -8.097546E-07 -1.415149E-05
200006 -7.525303E-07 -1.401800E-05
200007 -7.048771E-07 -1.394735E-05
200008 -6.668824E-07 -1.394110E-05
200009 -6.385504E-07 -1.399950E-05
200010 -6.198249E-07 -1.412151E-05
200011 -6.106102E-07 -1.430468E-05
200012 -6.107903E-07 -1.454512E-05
200013 -6.202436E-07 -1.483742E-05
200014 -6.388540E-07 -1.517459E-05
200015 -6.665146E-07 -1.554803E-05
200016 -7.031304E-07 -1.594756E-05
200017 -7.486087E-07 -1.636151E-05
200018 -8.028486E-07 -1.677690E-05
200019 -8.657231E-07 -1.717970E-05
200020 -9.370561E-07 -1.755521E-05
200021 -1.016597E-06 -1.788853E-05
200022 -1.103992E-06 -1.816507E-05
200023 -1.198757E-06 -1.837122E-05
200024 -1.300252E-06 -1.849492E-05
200025 -1.407666E-06 -1.852632E-05
200026 -1.519999E-06 -1.845839E-05
200027 -1.636075E-06 -1.828737E-05
200028 -1.754548E-06 -1.801319E-05
200029 -1.873939E-06 -1.763963E-05
200030 -1.992680E-06 -1.717438E-05
200031 -2.109169E-06 -1.662885E-05
200032 -2.221840E-06 -1.601783E-05
200033 -2.329232E-06 -1.535891E-05
200034 -2.430053E-06 -1.467187E-05
200035 -2.523239E-06 -1.397787E-05
200036 -2.607996E-06 -1.329863E-05
200037 -2.683827E-06 -1.265563E-05
200038 -2.750529E-06 -1.206925E-05
200039 -2.808175E-06 -1.155814E-05
200040 -2.857078E-06 -1.113851E-05
200041 -2.897734E-06 -1.082367E-05
200042 -2.930760E-06 -1.062362E-05
200043 -2.956833E-06 -1.054475E-05
200044 -2.976618E-06 -1.058968E-05
200045 -2.990719E-06 -1.075721E-05
200046 -2.999629E-06 -1.104229E-05
200047 -3.003700E-06 -1.143623E-05
200048 -3.003122E-06 -1.192694E-05
200049 -2.997917E-06 -1.249925E-05
200050 -2.987947E-06 -1.313542E-05
200051 -2.972929E-06 -1.381572E-05
200052 -2.952460E-06 -1.451914E-05
200053 -2.926050E-06 -1.522411E-05
200054 -2.893164E-06 -1.590934E-05
200055 -2.853259E-06 -1.655464E-05
200056 -2.805833E-06 -1.714168E-05
200057 -2.750469E-06 -1.765465E-05
200058 -2.686884E-06 -1.808089E-05
200059 -2.614947E-06 -1.841121E-05
200060 -2.534743E-06 -1.864017E-05
200061 -2.446569E-06 -1.876609E-05
200062 -2.350945E-06 -1.879090E-05
200063 -2.248626E-06 -1.871983E-05
200064 -2.140575E-06 -1.856102E-05
200065 -2.027944E-06 -1.832492E-05
200066 -1.912031E-06 -1.802376E-05
200067 -1.794244E-06 -1.767097E-05
200068 -1.676047E-06 -1.728056E-05
200069 -1.558917E-06 -1.686662E-05
200070 -1.444293E-06 -1.644291E-05
200071 -1.333539E-06 -1.602243E-05
200072 -1.227903E-06 -1.561719E-05
200073  3.998447E-07 -5.687558E-06
200074  5.591472E-07 -4.807537E-06
200075  6.937477E-07 -4.067428E-06
200076  8.041638E-07 -3.468394E-06
200077  8.914553E-07 -3.010047E-06
200078  9.570741E-07 -2.691778E-06
200079  1.002725E-06 -2.513790E-06
200080  1.030235E-06 -2.477741E-06
200081  1.041440E-06 -2.586946E-06
200082  1.038073E-06 -2.846112E-06
200083  1.021667E-06 -3.260627E-06
200084  9.934621E-07 -3.835445E-06
200085  9.543354E-07 -4.573647E-06
200086  9.047454E-07 -5.474790E-06
200087  8.446952E-07 -6.533175E-06
200088  7.737304E-07 -7.736190E-06
200089  6.909509E-07 -9.062890E-06
200090  5.950481E-07 -1.048298E-05
200091  4.843637E-07 -1.195638E-05
200092  3.569764E-07 -1.343349E-05
200093  2.108243E-07 -1.485635E-05
200094  4.387837E-08 -1.616068E-05
200095 -1.456260E-07 -1.727883E-05
200096 -3.588955E-07 -1.814358E-05
200097 -5.962392E-07 -1.869255E-05
200098 -8.567136E-07 -1.887287E-05
200099 -1.137814E-06 -1.864579E-05
200100 -1.435267E-06 -1.799060E-05
200101 -1.742995E-06 -1.690755E-05
200102 -2.053313E-06 -1.541922E-05
200103 -2.357363E-06 -1.357008E-05
200104 -2.645779E-06 -1.142422E-05
200105 -2.909508E-06 -9.061419E-06
200106 -3.140681E-06 -6.571879E-06
200107 -3.333420E-06 -4.050309E-06
200108 -3.484425E-06 -1.590026E-06
200109 -3.593279E-06  7.222426E-07
200110 -3.662385E-06  2.810295E-06
200111 -3.696562E-06  4.610829E-06
200112 -3.702368E-06  6.074216E-06
200113 -3.687258E-06  7.163958E-06
200114 -3.658713E-06  7.855298E-06
200115 -3.623488E-06  8.133603E-06
200116 -3.587044E-06  7.993082E-06
200117 -3.553251E-06  7.436258E-06
200118 -3.524324E-06  6.474356E-06
200119 -3.500967E-06  5.128496E-06
200120 -3.482633E-06  3.431283E-06
200121 -3.467826E-06  1.428269E-06
200122 -3.454377E-06 -8.213269E-07
200123 -3.439648E-06 -3.245142E-06
200124 -3.420673E-06 -5.759719E-06
200125 -3.394237E-06 -8.274113E-06
200126 -3.356948E-06 -1.069479E-05
200127 -3.305328E-06 -1.293128E-05
200128 -3.235953E-06 -1.490201E-05
200129 -3.145651E-06 -1.653956E-05
200130 -3.031747E-06 -1.779471E-05
200131 -2.892328E-06 -1.863901E-05
200132 -2.726487E-06 -1.906553E-05
200133 -2.534511E-06 -1.908781E-05
200134 -2.317978E-06 -1.873740E-05
200135 -2.079752E-06 -1.806020E-05
200136 -1.823855E-06 -1.711221E-05
200137 -1.555248E-06 -1.595501E-05
200138 -1.279527E-06 -1.465160E-05
200139 -1.002578E-06 -1.326264E-05
200140 -7.302159E-07 -1.184360E-05
200141 -4.678630E-07 -1.044268E-05
200142 -2.202727E-07 -9.099694E-06
200143  8.662399E-09 -7.845669E-06
200144  2.160148E-07 -6.703245E-06
200145  2.265523E-06  4.772115E-06
200146  2.396177E-06  5.603109E-06
200147  2.484732E-06  6.239037E-06
200148  2.536835E-06  6.718490E-06
200149  2.558141E-06  7.076595E-06
200150  2.553991E-06  7.340979E-06
200151  2.529296E-06  7.528613E-06
200152  2.488563E-06  7.643732E-06
200153  2.435941E-06  7.677026E-06
200154  2.375211E-06  7.606184E-06
200155  2.309660E-06  7.397782E-06
200156  2.241865E-06  7.010403E-06
200157  2.173448E-06  6.398790E-06
200158  2.104889E-06  5.518770E-06
200159  2.035458E-06  4.332667E-06
200160  1.963282E-06  2.814911E-06
200161  1.885496E-06  9.575468E-07
200162  1.798382E-06 -1.224679E-06
200163  1.697393E-06 -3.690032E-06
200164  1.577045E-06 -6.366777E-06
200165  1.430693E-06 -9.152048E-06
200166  1.250350E-06 -1.191325E-05
200167  1.026794E-06 -1.449268E-05
200168  7.501614E-07 -1.671580E-05
200169  4.111784E-07 -1.840324E-05
200170  3.022331E-09 -1.938614E-05
200171 -4.764293E-07 -1.952334E-05
200172 -1.022387E-06 -1.871874E-05
200173 -1.621533E-06 -1.693616E-05
200174 -2.251562E-06 -1.420903E-05
200175 -2.882274E-06 -1.064279E-05
200176 -3.478351E-06 -6.408426E-06
200177 -4.003543E-06 -1.727321E-06
200178 -4.425637E-06  3.151034E-06
200179 -4.721317E-06  7.975236E-06
200180 -4.879930E-06  1.251793E-05
200181 -4.905332E-06  1.659705E-05
200182 -4.815343E-06  2.008874E-05
200183 -4.638858E-06  2.292960E-05
200184 -4.411140E-06  2.510844E-05
200185 -4.168266E-06  2.664975E-05
200186 -3.941829E-06  2.759275E-05
200187 -3.754929E-06  2.797130E-05
200188 -3.620116E-06  2.779911E-05
200189 -3.539493E-06  2.706401E-05
200190 -3.506628E-06  2.573237E-05
200191 -3.509616E-06  2.376273E-05
200192 -3.534389E-06  2.112527E-05
200193 -3.567530E-06  1.782259E-05
200194 -3.598028E-06  1.390685E-05
200195 -3.617841E-06  9.489179E-06
200196 -3.621442E-06  4.738867E-06
200197 -3.604748E-06 -1.276873E-07
200198 -3.563952E-06 -4.866624E-06
200199 -3.494653E-06 -9.231333E-06
200200 -3.391559E-06 -1.299804E-05
200201 -3.248798E-06 -1.598816E-05
200202 -3.060718E-06 -1.808428E-05
200203 -2.822940E-06 -1.923783E-05
200204 -2.533397E-06 -1.946827E-05
200205 -2.193142E-06 -1.885491E-05
200206 -1.806774E-06 -1.752323E-05
200207 -1.382411E-06 -1.562853E-05
200208 -9.312256E-07 -1.333906E-05
200209 -4.666099E-07 -1.082085E-05
200210 -3.074901E-09 -8.225621E-06
200211  4.449716E-07 -5.682202E-06
200212  8.644240E-07 -3.291755E-06
200213  1.244499E-06 -1.126160E-06
200214  1.577451E-06  7.709860E-07
200215  1.858889E-06  2.381523E-06
200216  2.087687E-06  3.708647E-06
200217  3.610969E-06  1.122553E-05
200218  3.575942E-06  1.120494E-05
200219  3.504287E-06  1.103168E-05
200220  3.410738E-06  1.080318E-05
200221  3.305962E-06  1.060573E-05
200222  3.196514E-06  1.050759E-05
200223  3.085893E-06  1.055308E-05
200224  2.976190E-06  1.075825E-05
200225  2.869649E-06  1.110897E-05
200226  2.769543E-06  1.156144E-05
200227  2.680086E-06  1.204545E-05
200228  2.605459E-06  1.246980E-05
200229  2.548434E-06  1.272939E-05
200230  2.509225E-06  1.271336E-05
200231  2.485086E-06  1.231362E-05
200232  2.470879E-06  1.143348E-05
200233  2.460336E-06  9.996371E-06
200234  2.447410E-06  7.954925E-06
200235  2.426915E-06  5.300566E-06
200236  2.393895E-06  2.073590E-06
200237  2.341620E-06 -1.627147E-06
200238  2.258744E-06 -5.636723E-06
200239  2.126725E-06 -9.721526E-06
200240  1.918855E-06 -1.358471E-05
200241  1.602079E-06 -1.688255E-05
200242  1.142158E-06 -1.925328E-05
200243  5.117463E-07 -2.035729E-05
200244 -3.000447E-07 -1.992488E-05
200245 -1.278902E-06 -1.780418E-05
200246 -2.379966E-06 -1.400026E-05
200247 -3.528141E-06 -8.695435E-06
200248 -4.625232E-06 -2.243254E-06
200249 -5.563521E-06  4.867184E-06
200250 -6.243674E-06  1.207385E-05
200251 -6.593416E-06  1.882196E-05
200252 -6.582786E-06  2.464716E-05
200253 -6.232106E-06  2.924477E-05
200254 -5.610294E-06  3.250952E-05
200255 -4.823319E-06  3.453618E-05
200256 -3.995079E-06  3.557928E-05
200257 -3.244913E-06  3.598018E-05
200258 -2.666852E-06  3.607743E-05
200259 -2.315259E-06  3.612077E-05
200260 -2.199733E-06  3.620880E-05
200261 -2.289702E-06  3.626479E-05
200262 -2.526633E-06  3.605620E-05
200263 -2.840079E-06  3.525300E-05
200264 -3.163219E-06  3.351092E-05
200265 -3.444296E-06  3.056031E-05
200266 -3.651991E-06  2.628028E-05
200267 -3.774701E-06  2.074236E-05
200268 -3.815329E-06  1.421499E-05
200269 -3.784068E-06  7.129673E-06
200270 -3.691634E-06  1.734798E-08
200271 -3.544701E-06 -6.570589E-06
200272 -3.344243E-06 -1.214065E-05
200273 -3.086465E-06 -1.632071E-05
200274 -2.765399E-06 -1.889913E-05
200275 -2.376016E-06 -1.983561E-05
200276 -1.916954E-06 -1.924628E-05
200277 -1.392311E-06 -1.736929E-05
200278 -8.123633E-07 -1.451971E-05
200279 -1.933383E-07 -1.104298E-05
200280  4.435922E-07 -7.273925E-06
200281  1.073927E-06 -3.506196E-06
200282  1.671952E-06  2.614918E-08
200283  2.213215E-06  3.155797E-06
200284  2.677134E-06  5.780494E-06
200285  3.049347E-06  7.855703E-06
200286  3.323357E-06  9.384581E-06
200287  3.501055E-06  1.040749E-05
200288  3.591918E-06  1.099226E-05
200289  3.602041E-06  1.161252E-05
200290  3.291048E-06  1.036936E-05
200291  2.993378E-06  9.089631E-06
200292  2.735810E-06  7.913931E-06
200293  2.529880E-06  6.970246E-06
200294  2.372954E-06  6.363641E-06
200295  2.253108E-06  6.166111E-06
200296  2.156045E-06  6.408625E-06
200297  2.071633E-06  7.076998E-06
200298  1.997801E-06  8.112449E-06
200299  1.940546E-06  9.416769E-06
200300  1.910266E-06  1.086106E-05
200301  1.916124E-06  1.229641E-05
200302  1.960944E-06  1.356449E-05
200303  2.038969E-06  1.450653E-05
200304  2.137594E-06  1.496991E-05
200305  2.242433E-06  1.481313E-05
200306  2.343474E-06  1.391113E-05
200307  2.439262E-06  1.216411E-05
200308  2.536540E-06  9.512602E-06
200309  2.644287E-06  5.959924E-06
200310  2.763361E-06  1.600093E-06
200311  2.874982E-06 -3.354487E-06
200312  2.932484E-06 -8.554644E-06
200313  2.860737E-06 -1.351601E-05
200314  2.565759E-06 -1.764991E-05
200315  1.954582E-06 -2.032797E-05
200316  9.619711E-07 -2.097699E-05
200317 -4.221210E-07 -1.919085E-05
200318 -2.132021E-06 -1.483759E-05
200319 -4.020014E-06 -8.134821E-06
200320 -5.868992E-06  3.317790E-07
200321 -7.424530E-06  9.663285E-06
200322 -8.441666E-06  1.877623E-05
200323 -8.736889E-06  2.658697E-05
200324 -8.233015E-06  3.221625E-05
200325 -6.984829E-06  3.516823E-05
200326 -5.177121E-06  3.543905E-05
200327 -3.093326E-06  3.352337E-05
200328 -1.060846E-06  3.031015E-05
200329  6.142284E-07  2.688622E-05
200330  1.706870E-06  2.429069E-05
200331  2.112566E-06  2.327718E-05
200332  1.857379E-06  2.414074E-05
200333  1.077949E-06  2.665121E-05
200334 -2.094870E-08  3.010886E-05
200335 -1.218104E-06  3.350769E-05
200336 -2.322525E-06  3.576616E-05
200337 -3.204014E-06  3.596993E-05
200338 -3.802884E-06  3.357038E-05
200339 -4.120710E-06  2.849666E-05
200340 -4.199082E-06  2.116162E-05
200341 -4.095202E-06  1.236823E-05
200342 -3.861953E-06  3.145218E-06
200343 -3.536727E-06 -5.446834E-06
200344 -3.139403E-06 -1.249579E-05
200345 -2.676863E-06 -1.737032E-05
200346 -2.150181E-06 -1.978515E-05
200347 -1.561039E-06 -1.979696E-05
200348 -9.155479E-07 -1.774342E-05
200349 -2.253670E-07 -1.414708E-05
200350  4.927807E-07 -9.608580E-06
200351  1.217907E-06 -4.710678E-06
200352  1.925185E-06  5.214207E-08
200353  2.586221E-06  4.312482E-06
200354  3.170045E-06  7.838910E-06
200355  3.645670E-06  1.052227E-05
200356  3.986422E-06  1.234935E-05
200357  4.175271E-06  1.337341E-05
200358  4.209615E-06  1.368870E-05
200359  4.103720E-06  1.341243E-05
200360  3.887591E-06  1.267449E-05
200361  2.065997E-06  7.128840E-06
200362  1.444203E-06  4.989160E-06
200363  9.318043E-07  2.915560E-06
200364  5.729989E-07  1.054406E-06
200365  3.751170E-07 -4.480571E-07
200366  3.111061E-07 -1.462614E-06
200367  3.318535E-07 -1.894902E-06
200368  3.842762E-07 -1.699511E-06
200369  4.290824E-07 -8.870944E-07
200370  4.520781E-07  4.769289E-07
200371  4.651005E-07  2.281573E-06
200372  4.965287E-07  4.385122E-06
200373  5.754912E-07  6.631972E-06
200374  7.166226E-07  8.867074E-06
200375  9.121856E-07  1.094383E-05
200376  1.135358E-06  1.272297E-05
200377  1.353619E-06  1.406317E-05
200378  1.546494E-06  1.480815E-05
200379  1.719463E-06  1.477883E-05
200380  1.906653E-06  1.378037E-05
200381  2.158802E-06  1.163200E-05
200382  2.518522E-06  8.221344E-06
200383  2.990112E-06  3.576161E-06
200384  3.514415E-06 -2.063639E-06
200385  3.959286E-06 -8.197686E-06
200386  4.132992E-06 -1.406647E-05
200387  3.821934E-06 -1.872183E-05
200388  2.846891E-06 -2.117158E-05
200389  1.125404E-06 -2.058246E-05
200390 -1.276271E-06 -1.650305E-05
200391 -4.118521E-06 -9.051668E-06
200392 -7.003593E-06  9.903104E-07
200393 -9.434668E-06  1.222633E-05
200394 -1.091140E-05  2.285038E-05
200395 -1.104301E-05  3.098570E-05
200396 -9.651825E-06  3.508990E-05
200397 -6.838132E-06  3.433098E-05
200398 -2.984329E-06  2.883376E-05
200399  1.309391E-06  1.971968E-05
200400  5.346164E-06  8.911653E-06
200401  8.481244E-06 -1.263804E-06
200402  1.025935E-05 -8.588381E-06
200403  1.050357E-05 -1.145466E-05
200404  9.332983E-06 -9.234508E-06
200405  7.107745E-06 -2.420575E-06
200406  4.322105E-06  7.493931E-06
200407  1.479708E-06  1.836453E-05
200408 -1.012721E-06  2.788377E-05
200409 -2.907396E-06  3.408628E-05
200410 -4.124674E-06  3.575012E-05
200411 -4.718464E-06  3.260704E-05
200412 -4.818414E-06  2.532790E-05
200413 -4.571915E-06  1.530769E-05
200414 -4.103242E-06  4.320044E-06
200415 -3.496793E-06 -5.865777E-06
200416 -2.801017E-06 -1.381647E-05
200417 -2.043812E-06 -1.865067E-05
200418 -1.247759E-06 -2.011220E-05
200419 -4.386462E-07 -1.850983E-05
200420  3.549175E-07 -1.456058E-05
200421  1.107314E-06 -9.187642E-06
200422  1.801541E-06 -3.323129E-06
200423  2.430044E-06  2.245405E-06
200424  2.989548E-06  6.963785E-06
200425  3.472496E-06  1.053316E-05
200426  3.859934E-06  1.287801E-05
200427  4.120396E-06  1.408221E-05
200428  4.216637E-06  1.431655E-05
200429  4.118446E-06  1.377729E-05
200430  3.816845E-06  1.264666E-05
200431  3.333972E-06  1.107785E-05
200432  2.724319E-06  9.199253E-06
200433 -3.461981E-07  8.523728E-07
200434 -1.246965E-06 -1.381729E-06
200435 -1.918287E-06 -3.549892E-06
200436 -2.286030E-06 -5.528839E-06
200437 -2.346108E-06 -7.169175E-06
200438 -2.162002E-06 -8.325469E-06
200439 -1.842151E-06 -8.886334E-06
200440 -1.504208E-06 -8.796485E-06
200441 -1.237883E-06 -8.066150E-06
200442 -1.079243E-06 -6.766744E-06
200443 -1.005984E-06 -5.014536E-06
200444 -9.555546E-07 -2.946179E-06
200445 -8.586698E-07 -6.917618E-07
200446 -6.737500E-07  1.647323E-06
200447 -4.067335E-07  4.007645E-06
200448 -1.067482E-07  6.353602E-06
200449  1.611597E-07  8.646248E-06
200450  3.544735E-07  1.079754E-05
200451  4.854074E-07  1.262532E-05
200452  6.310560E-07  1.383025E-05
200453  9.136677E-07  1.401525E-05
200454  1.454295E-06  1.275918E-05
200455  2.313282E-06  9.740623E-06
200456  3.437192E-06  4.888383E-06
200457  4.632160E-06 -1.481820E-06
200458  5.578095E-06 -8.594245E-06
200459  5.887963E-06 -1.524968E-05
200460  5.203831E-06 -1.999774E-05
200461  3.309519E-06 -2.143639E-05
200462  2.314712E-07 -1.858710E-05
200463 -3.702621E-06 -1.125552E-05
200464 -7.872470E-06 -2.676060E-07
200465 -1.145305E-05  1.251779E-05
200466 -1.357424E-05  2.447227E-05
200467 -1.352304E-05  3.271665E-05
200468 -1.094053E-05  3.479337E-05
200469 -5.957602E-06  2.932840E-05
200470  7.783352E-07  1.649819E-05
200471  8.208083E-06 -1.849312E-06
200472  1.508097E-05 -2.248611E-05
200473  2.023686E-05 -4.146380E-05
200474  2.287181E-05 -5.499029E-05
200475  2.271023E-05 -6.030467E-05
200476  2.003470E-05 -5.632401E-05
200477  1.557030E-05 -4.389265E-05
200478  1.026715E-05 -2.557050E-05
200479  5.054265E-06 -5.019842E-06
200480  6.397712E-07  1.384477E-05
200481 -2.592070E-06  2.772213E-05
200482 -4.575699E-06  3.459123E-05
200483 -5.476876E-06  3.403004E-05
200484 -5.570488E-06  2.713957E-05
200485 -5.131476E-06  1.613228E-05
200486 -4.370047E-06  3.723575E-06
200487 -3.418169E-06 -7.503170E-06
200488 -2.353309E-06 -1.560569E-05
200489 -1.234813E-06 -1.956925E-05
200490 -1.300040E-07 -1.934436E-05
200491  8.820722E-07 -1.567357E-05
200492  1.727309E-06 -9.786570E-06
200493  2.360954E-06 -3.057226E-06
200494  2.783953E-06  3.294965E-06
200495  3.040453E-06  8.403279E-06
200496  3.195868E-06  1.183079E-05
200497  3.304964E-06  1.353680E-05
200498  3.384527E-06  1.376668E-05
200499  3.403219E-06  1.290976E-05
200500  3.293552E-06  1.136742E-05
200501  2.981357E-06  9.461241E-06
200502  2.420917E-06  7.393786E-06
200503  1.621960E-06  5.257484E-06
200504  6.581597E-07  3.075364E-06
200505 -2.563079E-06 -4.180935E-06
200506 -3.692343E-06 -5.696023E-06
200507 -4.481758E-06 -7.284115E-06
200508 -4.808032E-06 -8.842895E-06
200509 -4.659498E-06 -1.021353E-05
200510 -4.136896E-06 -1.123165E-05
200511 -3.420557E-06 -1.177296E-05
200512 -2.713230E-06 -1.178218E-05
200513 -2.176227E-06 -1.128112E-05
200514 -1.880880E-06 -1.035720E-05
200515 -1.794231E-06 -9.136969E-06
200516 -1.806034E-06 -7.750195E-06
200517 -1.786746E-06 -6.290893E-06
200518 -1.651176E-06 -4.783827E-06
200519 -1.398160E-06 -3.168158E-06
200520 -1.106793E-06 -1.311056E-06
200521 -8.899053E-07  9.407841E-07
200522 -8.256498E-07  3.676084E-06
200523 -8.984794E-07  6.821298E-06
200524 -9.773362E-07  1.006493E-05
200525 -8.442905E-07  1.284205E-05
200526 -2.680472E-07  1.440687E-05
200527  8.994336E-07  1.399864E-05
200528  2.633986E-06  1.107605E-05
200529  4.688931E-06  5.565923E-06
200530  6.606091E-06 -1.949238E-06
200531  7.795952E-06 -1.018483E-05
200532  7.676661E-06 -1.730899E-05
200533  5.844171E-06 -2.131234E-05
200534  2.233313E-06 -2.053967E-05
200535 -2.775280E-06 -1.426096E-05
200536 -8.342618E-06 -3.112139E-06
200537 -1.327792E-05  1.076399E-05
200538 -1.626298E-05  2.398789E-05
200539 -1.615936E-05  3.262552E-05
200540 -1.232913E-05  3.315220E-05
200541 -4.878287E-06  2.345686E-05
200542  5.264743E-06  3.597602E-06
200543  1.648689E-05 -2.394008E-05
200544  2.683202E-05 -5.460717E-05
200545  3.446285E-05 -8.272736E-05
200546  3.810935E-05 -1.027853E-04
200547  3.736468E-05 -1.107335E-04
200548  3.273628E-05 -1.049684E-04
200549  2.544380E-05 -8.671122E-05
200550  1.704213E-05 -5.969195E-05
200551  9.002898E-06 -2.922959E-05
200552  2.389066E-06 -9.622295E-07
200553 -2.291889E-06  2.042982E-05
200554 -5.045766E-06  3.217943E-05
200555 -6.217277E-06  3.384560E-05
200556 -6.274457E-06  2.712814E-05
200557 -5.635821E-06  1.519629E-05
200558 -4.587112E-06  1.762683E-06
200559 -3.288206E-06 -9.828579E-06
200560 -1.835133E-06 -1.727593E-05
200561 -3.286077E-07 -1.963333E-05
200562  1.090513E-06 -1.725444E-05
200563  2.254442E-06 -1.145352E-05
200564  3.018877E-06 -4.019188E-06
200565  3.320551E-06  3.277076E-06
200566  3.209081E-06  9.064267E-06
200567  2.833647E-06  1.258198E-05
200568  2.387415E-06  1.370493E-05
200569  2.033002E-06  1.281536E-05
200570  1.840963E-06  1.058628E-05
200571  1.766951E-06  7.747954E-06
200572  1.675826E-06  4.899467E-06
200573  1.401386E-06  2.402930E-06
200574  8.170864E-07  3.685319E-07
200575 -1.091633E-07 -1.287400E-06
200576 -1.294953E-06 -2.744965E-06
200577 -3.711727E-06 -6.274280E-06
200578 -5.039018E-06 -6.624537E-06
200579 -5.953086E-06 -7.293861E-06
200580 -6.263771E-06 -8.167568E-06
200581 -5.934633E-06 -9.053188E-06
200582 -5.090696E-06 -9.757900E-06
200583 -3.979789E-06 -1.014962E-05
200584 -2.896149E-06 -1.018838E-05
200585 -2.087224E-06 -9.926396E-06
200586 -1.674864E-06 -9.483669E-06
200587 -1.623038E-06 -9.008983E-06
200588 -1.769703E-06 -8.634168E-06
200589 -1.912519E-06 -8.426280E-06
200590 -1.910106E-06 -8.343303E-06
200591 -1.749474E-06 -8.205514E-06
200592 -1.545193E-06 -7.702074E-06
200593 -1.469652E-06 -6.451562E-06
200594 -1.647710E-06 -4.120077E-06
200595 -2.065307E-06 -5.745226E-07
200596 -2.534146E-06  3.976141E-06
200597 -2.730432E-06  8.909472E-06
200598 -2.297610E-06  1.323548E-05
200599 -9.816272E-07  1.577907E-05
200600  1.243193E-06  1.547947E-05
200601  4.098526E-06  1.174647E-05
200602  7.006526E-06  4.779062E-06
200603  9.185498E-06 -4.266305E-06
200604  9.825187E-06 -1.335937E-05
200605  8.308636E-06 -1.998271E-05
200606  4.431997E-06 -2.178418E-05
200607 -1.433590E-06 -1.735374E-05
200608 -8.291873E-06 -6.898860E-06
200609 -1.462400E-05  7.429585E-06
200610 -1.865729E-05  2.174693E-05
200611 -1.877055E-05  3.122195E-05
200612 -1.395323E-05  3.129745E-05
200613 -4.190144E-06  1.903267E-05
200614  9.368090E-06 -5.828758E-06
200615  2.454823E-05 -4.042185E-05
200616  3.861720E-05 -7.914885E-05
200617  4.895391E-05 -1.148488E-04
200618  5.372774E-05 -1.404644E-04
200619  5.235984E-05 -1.507624E-04
200620  4.561164E-05 -1.436328E-04
200621  3.527889E-05 -1.206069E-04
200622  2.361462E-05 -8.645127E-05
200623  1.269544E-05 -4.795842E-05
200624  3.946678E-06 -1.227563E-05
200625 -2.043956E-06  1.476253E-05
200626 -5.420188E-06  2.985318E-05
200627 -6.762710E-06  3.270099E-05
200628 -6.757554E-06  2.568990E-05
200629 -5.955931E-06  1.292627E-05
200630 -4.686022E-06 -1.009030E-06
200631 -3.101386E-06 -1.222472E-05
200632 -1.299159E-06 -1.830748E-05
200633  5.719145E-07 -1.860018E-05
200634  2.271802E-06 -1.400044E-05
200635  3.513959E-06 -6.428119E-06
200636  4.066964E-06  1.840286E-06
200637  3.857741E-06  8.785025E-06
200638  3.020509E-06  1.307122E-05
200639  1.861961E-06  1.422796E-05
200640  7.535667E-07  1.258410E-05
200641 -3.725417E-09  9.022856E-06
200642 -2.852420E-07  4.650482E-06
200643 -1.766329E-07  4.791195E-07
200644  7.343950E-08 -2.798166E-06
200645  1.581572E-07 -4.900678E-06
200646 -1.687035E-07 -5.924803E-06
200647 -1.003900E-06 -6.217081E-06
200648 -2.263246E-06 -6.210037E-06
200649 -3.518282E-06 -5.311910E-06
200650 -5.032508E-06 -4.531962E-06
200651 -6.107548E-06 -4.350826E-06
200652 -6.481623E-06 -4.595082E-06
200653 -6.078724E-06 -5.010721E-06
200654 -5.025481E-06 -5.367895E-06
200655 -3.614774E-06 -5.534359E-06
200656 -2.219700E-06 -5.503287E-06
200657 -1.175750E-06 -5.377836E-06
200658 -6.681620E-07 -5.327264E-06
200659 -6.723458E-07 -5.533092E-06
200660 -9.822532E-07 -6.137557E-06
200661 -1.321947E-06 -7.195615E-06
200662 -1.489024E-06 -8.627221E-06
200663 -1.455840E-06 -1.017593E-05
200664 -1.374155E-06 -1.139773E-05
200665 -1.480445E-06 -1.171308E-05
200666 -1.950853E-06 -1.054080E-05
200667 -2.776971E-06 -7.495913E-06
200668 -3.718902E-06 -2.594793E-06
200669 -4.355338E-06  3.608743E-06
200670 -4.213201E-06  1.002280E-05
200671 -2.935343E-06  1.518587E-05
200672 -4.360546E-07  1.759440E-05
200673  3.002529E-06  1.613399E-05
200674  6.726996E-06  1.051394E-05
200675  9.815159E-06  1.570623E-06
200676  1.127225E-05 -8.702200E-06
200677  1.028552E-05 -1.749380E-05
200678  6.486555E-06 -2.188424E-05
200679  1.627979E-07 -1.977802E-05
200680 -7.642068E-06 -1.079745E-05
200681 -1.519563E-05  3.184260E-06
200682 -2.034988E-05  1.813356E-05
200683 -2.101227E-05  2.866618E-05
200684 -1.573449E-05  2.943670E-05
200685 -4.260362E-06  1.674673E-05
200686  1.216794E-05 -1.011342E-05
200687  3.091230E-05 -4.824244E-05
200688  4.849580E-05 -9.148649E-05
200689  6.148836E-05 -1.317480E-04
200690  6.744463E-05 -1.609180E-04
200691  6.556723E-05 -1.729030E-04
200692  5.685490E-05 -1.651789E-04
200693  4.369053E-05 -1.394314E-04
200694  2.904154E-05 -1.011030E-04
200695  1.558556E-05 -5.797973E-05
200696  5.074298E-06 -1.822061E-05
200697 -1.882846E-06  1.160921E-05
200698 -5.624860E-06  2.795725E-05
200699 -7.000940E-06  3.079155E-05
200700 -6.912309E-06  2.312890E-05
200701 -6.011058E-06  9.819039E-06
200702 -4.624209E-06 -3.975448E-06
200703 -2.861808E-06 -1.412832E-05
200704 -8.024954E-07 -1.838093E-05
200705  1.357496E-06 -1.652832E-05
200706  3.267234E-06 -1.004509E-05
200707  4.508741E-06 -1.369042E-06
200708  4.761069E-06  6.905142E-06
200709  3.955401E-06  1.270913E-05
200710  2.338854E-06  1.492412E-05
200711  4.076690E-07  1.349213E-05
200712 -1.266608E-06  9.243570E-06
200713 -2.243557E-06  3.532521E-06
200714 -2.365311E-06 -2.194603E-06
200715 -1.793931E-06 -6.773789E-06
200716 -9.282575E-07 -9.554084E-06
200717 -2.429949E-07 -1.045063E-05
200718 -1.173746E-07 -9.840405E-06
200719 -7.147728E-07 -8.359625E-06
200720 -1.946474E-06 -6.677337E-06
200721 -2.306084E-06 -2.237735E-06
200722 -3.984841E-06 -7.150090E-07
200723 -5.239888E-06 -2.947674E-08
200724 -5.752912E-06  8.775617E-08
200725 -5.404078E-06 -3.042991E-08
200726 -4.297187E-06 -1.148224E-07
200727 -2.735298E-06 -4.129982E-08
200728 -1.140333E-06  1.489196E-07
200729  7.732721E-08  2.851472E-07
200730  6.632692E-07  1.365422E-07
200731  6.136473E-07 -5.156347E-07
200732  1.612341E-07 -1.824133E-06
200733 -3.551268E-07 -3.838975E-06
200734 -6.755437E-07 -6.469907E-06
200735 -7.567417E-07 -9.438670E-06
200736 -7.841620E-07 -1.224353E-05
200737 -1.053274E-06 -1.418505E-05
200738 -1.787256E-06 -1.449328E-05
200739 -2.985192E-06 -1.254985E-05
200740 -4.369071E-06 -8.142380E-06
200741 -5.446243E-06 -1.659375E-06
200742 -5.659336E-06  5.855736E-06
200743 -4.573483E-06  1.283493E-05
200744 -2.047179E-06  1.750018E-05
200745  1.660342E-06  1.831999E-05
200746  5.878905E-06  1.451848E-05
200747  9.627173E-06  6.497085E-06
200748  1.180966E-05 -4.002901E-06
200749  1.147648E-05 -1.414296E-05
200750  8.099918E-06 -2.067644E-05
200751  1.818199E-06 -2.096116E-05
200752 -6.409510E-06 -1.401016E-05
200753 -1.480436E-05 -1.209114E-06
200754 -2.099420E-05  1.362713E-05
200755 -2.249788E-05  2.500672E-05
200756 -1.741173E-05  2.720213E-05
200757 -5.123930E-06  1.599813E-05
200758  1.320570E-05 -9.791792E-06
200759  3.465199E-05 -4.755582E-05
200760  5.512661E-05 -9.116947E-05
200761  7.045302E-05 -1.323217E-04
200762  7.756840E-05 -1.625399E-04
200763  7.541246E-05 -1.753497E-04
200764  6.516083E-05 -1.679604E-04
200765  4.972145E-05 -1.419961E-04
200766  3.271411E-05 -1.030637E-04
200767  1.735222E-05 -5.927689E-05
200768  5.647527E-06 -1.915272E-05
200769 -1.825776E-06  1.051438E-05
200770 -5.635261E-06  2.618955E-05
200771 -6.900267E-06  2.812277E-05
200772 -6.710891E-06  1.977431E-05
200773 -5.779279E-06  6.414875E-06
200774 -4.391239E-06 -6.576698E-06
200775 -2.583430E-06 -1.516016E-05
200776 -3.975718E-07 -1.743927E-05
200777  1.933688E-06 -1.372086E-05
200778  3.957291E-06 -5.975047E-06
200779  5.133718E-06  3.021719E-06
200780  5.064545E-06  1.057137E-05
200781  3.697798E-06  1.474735E-05
200782  1.402022E-06  1.477028E-05
200783 -1.138744E-06  1.103154E-05
200784 -3.169296E-06  4.813773E-06
200785 -4.139453E-06 -2.174886E-06
200786 -3.892849E-06 -8.301670E-06
200787 -2.695612E-06 -1.240575E-05
200788 -1.107583E-06 -1.400219E-05
200789  2.371076E-07 -1.327344E-05
200790  8.477075E-07 -1.089016E-05
200791  5.168216E-07 -7.741087E-06
200792 -6.504854E-07 -4.662093E-06
200793 -7.089881E-07  1.675684E-06
200794 -2.488194E-06  3.429185E-06
200795 -3.886285E-06  4.196340E-06
200796 -4.561235E-06  4.353853E-06
200797 -4.358269E-06  4.313053E-06
200798 -3.339689E-06  4.377979E-06
200799 -1.781025E-06  4.659467E-06
200800 -1.130648E-07  5.061637E-06
200801  1.204806E-06  5.337778E-06
200802  1.853232E-06  5.188799E-06
200803  1.786107E-06  4.359471E-06
200804  1.241400E-06  2.694811E-06
200805  6.018397E-07  1.554685E-07
200806  1.742832E-07 -3.171439E-06
200807  1.751557E-08 -7.030829E-06
200808 -7.813709E-08 -1.093982E-05
200809 -4.518630E-07 -1.417386E-05
200810 -1.360385E-06 -1.586630E-05
200811 -2.808719E-06 -1.523202E-05
200812 -4.499082E-06 -1.185007E-05
200813 -5.905997E-06 -5.900395E-06
200814 -6.436904E-06  1.735598E-06
200815 -5.622121E-06  9.556556E-06
200816 -3.283100E-06  1.570994E-05
200817  3.621239E-07  1.842360E-05
200818  4.685536E-06  1.653582E-05
200819  8.738271E-06  9.996333E-06
200820  1.142864E-05  1.511185E-07
200821  1.175723E-05 -1.037646E-05
200822  9.074164E-06 -1.829594E-05
200823  3.328726E-06 -2.065775E-05
200824 -4.726773E-06 -1.597434E-05
200825 -1.344843E-05 -5.058821E-06
200826 -2.043030E-05  8.783660E-06
200827 -2.294096E-05  2.039597E-05
200828 -1.865906E-05  2.414531E-05
200829 -6.537278E-06  1.565996E-05
200830  1.252258E-05 -6.619489E-06
200831  3.552831E-05 -4.060234E-05
200832  5.798391E-05 -8.074240E-05
200833  7.510569E-05 -1.192592E-04
200834  8.326609E-05 -1.480592E-04
200835  8.111237E-05 -1.608198E-04
200836  6.990773E-05 -1.546535E-04
200837  5.296416E-05 -1.308892E-04
200838  3.442700E-05 -9.474121E-05
200839  1.793345E-05 -5.394110E-05
200840  5.673275E-06 -1.669832E-05
200841 -1.857336E-06  1.042576E-05
200842 -5.457387E-06  2.409556E-05
200843 -6.488618E-06  2.475409E-05
200844 -6.188223E-06  1.602102E-05
200845 -5.289200E-06  3.215606E-06
200846 -4.008429E-06 -8.421681E-06
200847 -2.291394E-06 -1.518953E-05
200848 -1.268304E-07 -1.565837E-05
200849  2.237829E-06 -1.059898E-05
200850  4.275496E-06 -2.314106E-06
200851  5.353834E-06  6.295942E-06
200852  5.017290E-06  1.262983E-05
200853  3.234649E-06  1.503805E-05
200854  4.789745E-07  1.312675E-05
200855 -2.414768E-06  7.693247E-06
200856 -4.557349E-06  3.568197E-07
200857 -5.338309E-06 -6.978773E-06
200858 -4.637006E-06 -1.265977E-05
200859 -2.831000E-06 -1.566501E-05
200860 -6.188456E-07 -1.575663E-05
200861  1.250031E-06 -1.339953E-05
200862  2.223600E-06 -9.514213E-06
200863  2.089169E-06 -5.159293E-06
200864  9.823392E-07 -1.241327E-06
200865  6.588555E-07  5.362717E-06
200866 -1.107504E-06  6.905979E-06
200867 -2.548375E-06  7.415962E-06
200868 -3.339044E-06  7.362735E-06
200869 -3.308322E-06  7.218948E-06
200870 -2.468183E-06  7.314443E-06
200871 -1.035627E-06  7.747410E-06
200872  5.894800E-07  8.371439E-06
200873  1.931469E-06  8.864885E-06
200874  2.620440E-06  8.858812E-06
200875  2.561858E-06  8.064134E-06
200876  1.978555E-06  6.335450E-06
200877  1.273714E-06  3.659613E-06
200878  7.855619E-07  1.245700E-07
200879  5.876656E-07 -4.060922E-06
200880  4.610238E-07 -8.489053E-06
200881  4.687889E-08 -1.249304E-05
200882 -9.236964E-07 -1.520414E-05
200883 -2.456395E-06 -1.575785E-05
200884 -4.252954E-06 -1.358374E-05
200885 -5.798104E-06 -8.662906E-06
200886 -6.520186E-06 -1.658495E-06
200887 -5.966796E-06  6.120009E-06
200888 -3.952485E-06  1.292222E-05
200889 -6.486331E-07  1.692536E-05
200890  3.405492E-06  1.673498E-05
200891  7.376585E-06  1.191722E-05
200892  1.028066E-05  3.373987E-06
200893  1.116751E-05 -6.655367E-06
200894  9.326540E-06 -1.509276E-05
200895  4.512465E-06 -1.895605E-05
200896 -2.816672E-06 -1.645895E-05
200897 -1.131052E-05 -7.883701E-06
200898 -1.872087E-05  4.141039E-06
200899 -2.223429E-05  1.514976E-05
200900 -1.920098E-05  2.005875E-05
200901 -8.113607E-06  1.474522E-05
200902  1.052265E-05 -2.520924E-06
200903  3.386630E-05 -3.027660E-05
200904  5.725202E-05 -6.397894E-05
200905  7.548502E-05 -9.702014E-05
200906  8.447959E-05 -1.223588E-04
200907  8.258909E-05 -1.343196E-04
200908  7.106676E-05 -1.300823E-04
200909  5.347076E-05 -1.104680E-04
200910  3.429997E-05 -7.979016E-05
200911  1.747165E-05 -4.476397E-05
200912  5.265930E-06 -1.272519E-05
200913 -1.923436E-06  1.034827E-05
200914 -5.100893E-06  2.139509E-05
200915 -5.819354E-06  2.088314E-05
200916 -5.412979E-06  1.227562E-05
200917 -4.602975E-06  5.928231E-07
200918 -3.523319E-06 -9.341422E-06
200919 -2.021807E-06 -1.431103E-05
200920 -2.070370E-08 -1.335036E-05
200921  2.246100E-06 -7.567890E-06
200922  4.217069E-06  5.950526E-07
200923  5.204884E-06  8.310584E-06
200924  4.717185E-06  1.321807E-05
200925  2.734868E-06  1.400696E-05
200926 -2.043623E-07  1.064502E-05
200927 -3.177196E-06  4.240759E-06
200928 -5.228294E-06 -3.390292E-06
200929 -5.739375E-06 -1.030418E-05
200930 -4.645678E-06 -1.496395E-05
200931 -2.417559E-06 -1.657977E-05
200932  1.589131E-07 -1.518949E-05
200933  2.286254E-06 -1.150648E-05
200934  3.413772E-06 -6.620752E-06
200935  3.363695E-06 -1.660092E-06
200936  2.310467E-06  2.492715E-06
200937  1.403561E-06  8.181009E-06
200938 -2.041046E-07  9.244269E-06
200939 -1.545908E-06  9.316032E-06
200940 -2.352200E-06  8.925833E-06
200941 -2.456752E-06  8.580046E-06
200942 -1.822373E-06  8.623665E-06
200943 -5.894751E-07  9.148297E-06
200944  9.038441E-07  9.970196E-06
200945  2.198330E-06  1.070229E-05
200946  2.895859E-06  1.090853E-05
200947  2.856966E-06  1.026826E-05
200948  2.274056E-06  8.655808E-06
200949  1.546262E-06  6.102478E-06
200950  1.024214E-06  2.713037E-06
200951  7.948808E-07 -1.350914E-06
200952  6.486293E-07 -5.784088E-06
200953  2.373079E-07 -1.003234E-05
200954 -6.937593E-07 -1.330009E-05
200955 -2.142529E-06 -1.472668E-05
200956 -3.827172E-06 -1.366706E-05
200957 -5.282837E-06 -9.949799E-06
200958 -6.012459E-06 -4.018017E-06
200959 -5.633723E-06  3.073291E-06
200960 -3.990980E-06  9.797531E-06
200961 -1.216916E-06  1.444181E-05
200962  2.265655E-06  1.554210E-05
200963  5.801368E-06  1.240145E-05
200964  8.601116E-06  5.512743E-06
200965  9.857273E-06 -3.346120E-06
200966  8.872453E-06 -1.149597E-05
200967  5.234013E-06 -1.617471E-05
200968 -9.344719E-07 -1.553750E-05
200969 -8.687518E-06 -9.471100E-06
200970 -1.609748E-05  1.130455E-07
200971 -2.044153E-05  9.673680E-06
200972 -1.887083E-05  1.504326E-05
200973 -9.456512E-06  1.272912E-05
200974  7.769741E-06  1.081229E-06
200975  3.029887E-05 -1.905806E-05
200976  5.353699E-05 -4.441855E-05
200977  7.211021E-05 -7.004045E-05
200978  8.163042E-05 -9.046306E-05
200979  8.019340E-05 -1.010600E-04
200980  6.895567E-05 -9.921702E-05
200981  5.154800E-05 -8.508219E-05
200982  3.262296E-05 -6.166752E-05
200983  1.621306E-05 -3.418299E-05
200984  4.598579E-06 -8.677436E-06
200985 -1.938523E-06  9.672919E-06
200986 -4.559907E-06  1.806652E-05
200987 -4.941591E-06  1.679389E-05
200988 -4.459720E-06  8.869133E-06
200989 -3.796662E-06 -1.261700E-06
200990 -2.999037E-06 -9.367753E-06
200991 -1.817810E-06 -1.275925E-05
200992 -9.806334E-08 -1.085079E-05
200993  1.968850E-06 -4.925678E-06
200994  3.827717E-06  2.617604E-06
200995  4.772631E-06  9.168257E-06
200996  4.288221E-06  1.268025E-05
200997  2.346766E-06  1.217722E-05
200998 -5.040652E-07  7.917697E-06
200999 -3.326609E-06  1.207370E-06
201000 -5.168755E-06 -6.073384E-06
201001 -5.445307E-06 -1.206345E-05
201002 -4.146106E-06 -1.543325E-05
201003 -1.792144E-06 -1.566433E-05
201004  8.113401E-07 -1.305371E-05
201005  2.891856E-06 -8.498443E-06
201006  3.957461E-06 -3.165678E-06
201007  3.894046E-06  1.842095E-06
201008  2.911871E-06  5.739731E-06
201009  1.386627E-06  9.882164E-06
201010  8.854166E-08  1.037702E-05
201011 -1.003901E-06  9.985073E-06
201012 -1.702292E-06  9.253112E-06
201013 -1.863399E-06  8.690582E-06
201014 -1.409457E-06  8.647044E-06
201015 -4.008275E-07  9.215741E-06
201016  9.033788E-07  1.019300E-05
201017  2.087717E-06  1.114136E-05
201018  2.752571E-06  1.156463E-05
201019  2.726033E-06  1.111305E-05
201020  2.161456E-06  9.686678E-06
201021  1.430748E-06  7.375848E-06
201022  8.762404E-07  4.321875E-06
201023  5.960473E-07  6.541275E-07
201024  4.100622E-07 -3.425517E-06
201025  1.329305E-08 -7.499221E-06
201026 -8.064397E-07 -1.089170E-05
201027 -2.029015E-06 -1.281135E-05
201028 -3.401684E-06 -1.261038E-05
201029 -4.542773E-06 -1.002806E-05
201030 -5.074940E-06 -5.323817E-06
201031 -4.733358E-06  7.089587E-07
201032 -3.430550E-06  6.827813E-06
201033 -1.279101E-06  1.154059E-05
201034  1.423380E-06  1.345593E-05
201035  4.237519E-06  1.175250E-05
201036  6.631961E-06  6.604884E-06
201037  8.018813E-06 -6.682781E-07
201038  7.789072E-06 -7.892327E-06
201039  5.414687E-06 -1.272158E-05
201040  6.910105E-07 -1.348292E-05
201041 -5.897206E-06 -9.849388E-06
201042 -1.286152E-05 -3.070286E-06
201043 -1.772918E-05  4.348338E-06
201044 -1.760834E-05  9.408715E-06
201045 -1.024613E-05  9.559202E-06
201046  4.806909E-06  3.479358E-06
201047  2.550335E-05 -8.525680E-06
201048  4.754472E-05 -2.458537E-05
201049  6.563090E-05 -4.168667E-05
201050  7.527052E-05 -5.631042E-05
201051  7.438078E-05 -6.516623E-05
201052  6.395818E-05 -6.595218E-05
201053  4.753139E-05 -5.803567E-05
201054  2.969025E-05 -4.285588E-05
201055  1.440076E-05 -2.379193E-05
201056  3.847190E-06 -5.347046E-06
201057 -1.802493E-06  8.210467E-06
201058 -3.805352E-06  1.427258E-05
201059 -3.880868E-06  1.275878E-05
201060 -3.387165E-06  5.998139E-06
201061 -2.941297E-06 -2.327116E-06
201062 -2.500794E-06 -8.662779E-06
201063 -1.723318E-06 -1.080919E-05
201064 -3.691420E-07 -8.434224E-06
201065  1.436953E-06 -2.832478E-06
201066  3.179481E-06  3.784152E-06
201067  4.161331E-06  9.106950E-06
201068  3.848437E-06  1.141711E-05
201069  2.175214E-06  1.002156E-05
201070 -3.605029E-07  5.376758E-06
201071 -2.878982E-06 -1.124481E-06
201072 -4.489679E-06 -7.641506E-06
201073 -4.662390E-06 -1.247602E-05
201074 -3.419064E-06 -1.454696E-05
201075 -1.273592E-06 -1.360266E-05
201076  1.022014E-06 -1.015216E-05
201077  2.784870E-06 -5.199981E-06
201078  3.622424E-06  9.488256E-08
201079  3.494972E-06  4.728677E-06
201080  2.633316E-06  8.059760E-06
201081  6.540338E-07  1.046963E-05
201082 -2.024795E-07  1.044704E-05
201083 -9.143956E-07  9.679288E-06
201084 -1.386423E-06  8.689673E-06
201085 -1.509756E-06  7.962634E-06
201086 -1.178664E-06  7.841868E-06
201087 -3.821763E-07  8.428172E-06
201088  7.033213E-07  9.513788E-06
201089  1.725874E-06  1.062810E-05
201090  2.311797E-06  1.122677E-05
201091  2.275356E-06  1.093604E-05
201092  1.728447E-06  9.684568E-06
201093  9.956100E-07  7.629226E-06
201094  3.903712E-07  4.964358E-06
201095  1.896924E-08  1.809331E-06
201096 -2.498700E-07 -1.719388E-06
201097 -6.466867E-07 -5.338179E-06
201098 -1.314284E-06 -8.513111E-06
201099 -2.203671E-06 -1.056545E-05
201100 -3.099340E-06 -1.090452E-05
201101 -3.726693E-06 -9.244877E-06
201102 -3.862589E-06 -5.717840E-06
201103 -3.398789E-06 -8.857330E-07
201104 -2.352241E-06  4.303619E-06
201105 -8.401038E-07  8.640286E-06
201106  9.595315E-07  1.091389E-05
201107  2.840168E-06  1.031042E-05
201108  4.567105E-06  6.801446E-06
201109  5.829443E-06  1.300838E-06
201110  6.175064E-06 -4.558622E-06
201111  5.026963E-06 -8.978673E-06
201112  1.895315E-06 -1.064776E-05
201113 -3.201862E-06 -9.209648E-06
201114 -9.289201E-06 -5.359145E-06
201115 -1.428332E-05 -5.494305E-07
201116 -1.542141E-05  3.536100E-06
201117 -1.027241E-05  5.507196E-06
201118  2.039347E-06  4.583758E-06
201119  2.000529E-05  6.511201E-07
201120  3.982478E-05 -5.840933E-06
201121  5.653838E-05 -1.397215E-05
201122  6.578950E-05 -2.237029E-05
201123  6.543913E-05 -2.925759E-05
201124  5.628920E-05 -3.272068E-05
201125  4.159778E-05 -3.129649E-05
201126  2.566322E-05 -2.470347E-05
201127  1.218462E-05 -1.431108E-05
201128  3.140582E-06 -2.943567E-06
201129 -1.420695E-06  6.072479E-06
201130 -2.785288E-06  1.024519E-05
201131 -2.628549E-06  8.968210E-06
201132 -2.222840E-06  3.717273E-06
201133 -2.087075E-06 -2.704373E-06
201134 -2.083263E-06 -7.439226E-06
201135 -1.777484E-06 -8.701588E-06
201136 -8.405198E-07 -6.276535E-06
201137  6.850261E-07 -1.328018E-06
201138  2.344624E-06  4.219471E-06
201139  3.464822E-06  8.395036E-06
201140  3.487729E-06  9.778969E-06
201141  2.276595E-06  7.887186E-06
201142  2.224311E-07  3.277518E-06
201143 -1.914951E-06 -2.665635E-06
201144 -3.348335E-06 -8.216284E-06
201145 -3.605457E-06 -1.187948E-05
201146 -2.702519E-06 -1.282293E-05
201147 -1.082494E-06 -1.102482E-05
201148  6.225015E-07 -7.142940E-06
201149  1.868130E-06 -2.215208E-06
201150  2.381821E-06  2.675469E-06
201151  2.191459E-06  6.671858E-06
201152  1.523658E-06  9.295107E-06
201153 -6.599465E-07  1.004792E-05
201154 -9.754637E-07  9.642481E-06
201155 -1.209686E-06  8.651403E-06
201156 -1.360116E-06  7.540916E-06
201157 -1.357209E-06  6.747400E-06
201158 -1.080857E-06  6.597289E-06
201159 -4.647583E-07  7.198675E-06
201160  3.915849E-07  8.349582E-06
201161  1.211994E-06  9.563302E-06
201162  1.673519E-06  1.026510E-05
201163  1.597137E-06  1.006840E-05
201164  1.055191E-06  8.932800E-06
201165  3.089927E-07  7.082363E-06
201166 -3.747446E-07  4.773895E-06
201167 -8.847722E-07  2.139303E-06
201168 -1.286941E-06 -7.623369E-07
201169 -1.710384E-06 -3.762875E-06
201170 -2.205523E-06 -6.472226E-06
201171 -2.684625E-06 -8.351271E-06
201172 -2.973975E-06 -8.912655E-06
201173 -2.922211E-06 -7.904107E-06
201174 -2.485185E-06 -5.388872E-06
201175 -1.741838E-06 -1.747363E-06
201176 -8.452708E-07  2.346586E-06
201177  5.666388E-08  5.989961E-06
201178  8.914740E-07  8.228808E-06
201179  1.687862E-06  8.368266E-06
201180  2.528035E-06  6.291812E-06
201181  3.417449E-06  2.585912E-06
201182  4.119526E-06 -1.651374E-06
201183  4.080232E-06 -5.242896E-06
201184  2.591131E-06 -7.375181E-06
201185 -7.665887E-07 -7.818584E-06
201186 -5.569804E-06 -6.833796E-06
201187 -1.024627E-05 -4.861200E-06
201188 -1.234393E-05 -2.214909E-06
201189 -9.434738E-06  1.003345E-06
201190 -3.190385E-07  4.702871E-06
201191  1.407116E-05  8.465184E-06
201192  3.062003E-05  1.136612E-05
201193  4.498995E-05  1.220667E-05
201194  5.323312E-05  1.013790E-05
201195  5.331767E-05  5.343289E-06
201196  4.584572E-05 -7.046937E-07
201197  3.364400E-05 -5.716635E-06
201198  2.047846E-05 -7.650622E-06
201199  9.557578E-06 -5.807118E-06
201200  2.521255E-06 -1.286184E-06
201201 -7.234370E-07  3.528387E-06
201202 -1.430071E-06  6.205293E-06
201203 -1.137554E-06  5.513784E-06
201204 -9.535213E-07  1.972607E-06
201205 -1.252127E-06 -2.556231E-06
201206 -1.781413E-06 -5.901283E-06
201207 -2.011324E-06 -6.608263E-06
201208 -1.520276E-06 -4.458436E-06
201209 -2.624437E-07 -3.730781E-07
201210  1.376279E-06  4.076235E-06
201211  2.748050E-06  7.261712E-06
201212  3.258061E-06  8.015878E-06
201213  2.664795E-06  5.983891E-06
201214  1.203295E-06  1.734111E-06
201215 -5.344252E-07 -3.438211E-06
201216 -1.889778E-06 -7.973876E-06
201217 -2.437527E-06 -1.059343E-05
201218 -2.143344E-06 -1.068540E-05
201219 -1.317677E-06 -8.400648E-06
201220 -4.169127E-07 -4.475920E-06
201221  1.858598E-07  8.315631E-08
201222  3.418176E-07  4.318722E-06
201223  1.271195E-07  7.544744E-06
201224 -2.653551E-07  9.443914E-06
