Mesh2HRTF 1.0.0-dev
    1
    1  1225
200000  8.409449E-05  1.159656E-03
200001  4.724918E-04 -1.106883E-03
200002 -4.361949E-04 -1.121618E-03
200003 -1.022464E-03 -6.349556E-04
200004 -1.202545E-03 -5.769133E-05
200005 -1.143851E-03  3.771469E-04
200006 -1.033436E-03  6.193469E-04
200007 -9.846915E-04  6.942161E-04
200008 -1.032747E-03  6.193263E-04
200009 -1.142500E-03  3.771310E-04
200010 -1.200586E-03 -5.765364E-05
200011 -1.019970E-03 -6.347956E-04
200012 -4.332623E-04 -1.121252E-03
200013  4.757535E-04 -1.106219E-03
200014  1.163096E-03 -3.204701E-04
200015  8.904040E-04  8.116473E-04
200016 -3.337627E-04  1.146667E-03
200017 -1.173601E-03  7.854584E-05
200018 -3.636814E-04 -1.107537E-03
200019  1.035042E-03 -5.578817E-04
200020  6.984904E-04  9.606863E-04
200021 -8.816716E-04  7.685866E-04
200022 -7.635588E-04 -8.432686E-04
200023  8.663468E-04 -7.446586E-04
200024  7.542434E-04  8.913810E-04
200025 -8.742848E-04  7.507950E-04
200026 -7.081065E-04 -8.593772E-04
200027  8.771396E-04 -6.900985E-04
200028  7.453139E-04  8.661955E-04
200029 -7.756940E-04  8.282280E-04
200030 -8.985734E-04 -6.375560E-04
200031  4.664930E-04 -9.860610E-04
200032  1.087097E-03  1.993116E-04
200033  2.007997E-04  1.096463E-03
200034 -8.909848E-04  6.576145E-04
200035 -1.010631E-03 -4.175976E-04
200036 -2.669585E-04 -1.050317E-03
200037  5.837739E-04 -9.082318E-04
200038  1.031162E-03 -3.160059E-04
200039  1.035258E-03  3.004641E-04
200040  7.978081E-04  7.241812E-04
200041  5.228666E-04  9.415286E-04
200042  3.283684E-04  1.025201E-03
200043  2.601696E-04  1.044079E-03
200044  3.283221E-04  1.024115E-03
200045  5.227840E-04  9.393606E-04
200046  7.977082E-04  7.209423E-04
200047  1.035167E-03  2.961733E-04
200048  1.031109E-03 -3.213181E-04
200049  5.837898E-04 -9.145206E-04
200050 -2.668466E-04 -1.057520E-03
200051 -1.010403E-03 -4.256330E-04
200052 -8.906308E-04  6.488491E-04
200053  2.012763E-04  1.087089E-03
200054  1.087678E-03  1.894689E-04
200055  4.671447E-04 -9.962204E-04
200056 -8.978992E-04 -6.478719E-04
200057 -7.750579E-04  8.179178E-04
200058  7.458422E-04  8.560491E-04
200059  8.774856E-04 -6.999332E-04
200060 -7.080173E-04 -8.687669E-04
200061 -8.745215E-04  7.419649E-04
200062  7.536220E-04  8.832045E-04
200063  8.652969E-04 -7.521099E-04
200064 -7.650626E-04 -8.499451E-04
200065 -8.836333E-04  7.627129E-04
200066  6.960899E-04  9.556226E-04
200067  1.032244E-03 -5.621479E-04
200068 -3.668114E-04 -1.111036E-03
200069 -1.176979E-03  7.576460E-05
200070 -3.372880E-04  1.144540E-03
200071  8.868450E-04  8.100981E-04
200072  1.159624E-03 -3.215297E-04
200073 -9.631620E-04 -8.313721E-04
200074 -7.828857E-04  9.881715E-04
200075  8.032074E-04  9.669678E-04
200076  1.248813E-03 -2.500981E-04
200077  7.348567E-04 -1.061972E-03
200078  1.888391E-04 -1.287179E-03
200079 -9.098443E-06 -1.304082E-03
200080  1.908297E-04 -1.289413E-03
200081  7.387456E-04 -1.066246E-03
200082  1.254419E-03 -2.560523E-04
200083  8.102678E-04  9.598125E-04
200084 -7.747009E-04  9.803487E-04
200085 -9.542337E-04 -8.393387E-04
200086  1.064472E-03 -6.832562E-04
200087  3.427062E-05  1.226910E-03
200088 -9.148927E-04 -8.318074E-04
200089  1.223018E-03  1.112534E-04
200090 -1.125363E-03  4.261932E-04
200091  9.382540E-04 -7.565356E-04
200092 -7.476091E-04  9.230740E-04
200093  6.496713E-04 -9.755456E-04
200094 -5.904169E-04  1.014999E-03
200095  5.936498E-04 -9.730267E-04
200096 -5.965487E-04  9.931009E-04
200097  6.039614E-04 -9.325484E-04
200098 -5.758754E-04  9.849991E-04
200099  4.960337E-04 -9.664164E-04
200100 -3.441948E-04  1.066998E-03
200101  7.222142E-05 -1.067773E-03
200102  3.022516E-04  1.048965E-03
200103 -7.611192E-04 -7.533532E-04
200104  1.045305E-03  1.574937E-04
200105 -8.422356E-04  6.410268E-04
200106 -8.433069E-05 -1.059022E-03
200107  9.852588E-04  3.096621E-04
200108 -5.102898E-04  8.861365E-04
200109 -9.206584E-04 -5.044113E-04
200110  2.356282E-04 -1.028232E-03
200111  9.931841E-04 -2.746576E-04
200112  8.347828E-04  5.618020E-04
200113  3.407427E-04  9.356672E-04
200114 -3.124972E-05  9.938540E-04
200115 -1.572710E-04  9.822292E-04
200116 -3.204816E-05  9.936108E-04
200117  3.392204E-04  9.350681E-04
200118  8.326806E-04  5.606350E-04
200119  9.907048E-04 -2.766769E-04
200120  2.330193E-04 -1.031420E-03
200121 -9.231215E-04 -5.090694E-04
200122 -5.123250E-04  8.797800E-04
200123  9.839170E-04  3.015008E-04
200124 -8.475668E-05 -1.068934E-03
200125 -8.415930E-04  6.295972E-04
200126  1.047077E-03  1.449466E-04
200127 -7.582678E-04 -7.664859E-04
200128  3.060232E-04  1.035851E-03
200129  7.665214E-05 -1.080264E-03
200130 -3.394434E-04  1.055668E-03
200131  5.007227E-04 -9.761762E-04
200132 -5.716401E-04  9.770624E-04
200133  6.073772E-04 -9.385712E-04
200134 -5.942652E-04  9.889443E-04
200135  5.945589E-04 -9.754592E-04
200136 -5.910440E-04  1.014106E-03
200137  6.474296E-04 -9.750746E-04
200138 -7.514614E-04  9.247743E-04
200139  9.328752E-04 -7.536859E-04
200140 -1.132108E-03  4.301559E-04
200141  1.215142E-03  1.163044E-04
200142 -9.235997E-04 -8.257238E-04
200143  2.508834E-05  1.233897E-03
200144  1.055210E-03 -6.756031E-04
200145 -5.041618E-04 -1.218821E-03
200146 -3.127055E-04  1.294248E-03
200147  1.264089E-03 -4.039138E-04
200148 -5.459742E-04 -1.231508E-03
200149 -1.362739E-03  6.628304E-05
200150 -9.782341E-04  9.541614E-04
200151 -7.188933E-04  1.159073E-03
200152 -9.766247E-04  9.493554E-04
200153 -1.359543E-03  5.727704E-05
200154 -5.412653E-04 -1.243602E-03
200155  1.270136E-03 -4.176675E-04
200156 -3.056245E-04  1.280335E-03
200157 -4.964759E-04 -1.231590E-03
200158  7.552150E-04  1.046917E-03
200159 -6.171731E-04 -1.141452E-03
200160  8.800957E-05  1.254935E-03
200161  7.476558E-04 -1.017776E-03
200162 -1.235842E-03 -2.552661E-05
200163  4.951338E-04  1.103049E-03
200164  9.216860E-04 -7.755910E-04
200165 -8.914612E-04 -7.820508E-04
200166 -6.909324E-04  9.363671E-04
200167  9.519175E-04  6.430829E-04
200168  5.907231E-04 -9.544232E-04
200169 -9.909720E-04 -4.980319E-04
200170 -3.679132E-04  1.054292E-03
200171  1.074441E-03  1.319673E-04
200172 -2.781413E-04 -1.016248E-03
200173 -7.615462E-04  7.521035E-04
200174  1.033120E-03  1.102202E-04
200175 -7.458074E-04 -7.261052E-04
200176  3.494669E-04  9.433441E-04
200177 -1.567757E-04 -1.027136E-03
200178  2.172730E-04  9.480059E-04
200179 -5.280838E-04 -8.788912E-04
200180  9.288564E-04  3.226971E-04
200181 -8.160985E-04  5.089163E-04
200182 -2.560599E-04 -9.637697E-04
200183  9.417995E-04 -2.990556E-04
200184  6.046917E-04  7.648056E-04
200185 -1.927309E-04  9.512961E-04
200186 -6.386504E-04  7.272610E-04
200187 -7.539603E-04  6.060307E-04
200188 -6.401304E-04  7.299293E-04
200189 -1.955650E-04  9.564054E-04
200190  6.007182E-04  7.718640E-04
200191  9.369432E-04 -2.908440E-04
200192 -2.615242E-04 -9.554939E-04
200193 -8.218597E-04  5.159747E-04
200194  9.231884E-04  3.272611E-04
200195 -5.331596E-04 -8.778378E-04
200196  2.133742E-04  9.450434E-04
200197 -1.589180E-04 -1.033939E-03
200198  3.495190E-04  9.335864E-04
200199 -7.433969E-04 -7.373448E-04
200200  1.037705E-03  9.929312E-05
200201 -7.552994E-04  7.432625E-04
200202 -2.709712E-04 -1.021592E-03
200203  1.081729E-03  1.309019E-04
200204 -3.612214E-04  1.057538E-03
200205 -9.853922E-04 -4.911552E-04
200206  5.949098E-04 -9.451152E-04
200207  9.546288E-04  6.533946E-04
200208 -6.896599E-04  9.463507E-04
200209 -8.915587E-04 -7.733487E-04
200210  9.202598E-04 -7.685645E-04
200211  4.923787E-04  1.108609E-03
200212 -1.239935E-03 -2.071593E-05
200213  7.422679E-04 -1.012705E-03
200214  8.148070E-05  1.261295E-03
200215 -6.245446E-04 -1.133040E-03
200216  7.474317E-04  1.057662E-03
200217  1.136984E-03  7.731893E-04
200218 -1.330150E-03 -3.488837E-04
200219  1.233995E-03  6.835291E-04
200220 -3.388809E-04 -1.349297E-03
200221 -1.335538E-03  5.081856E-04
200222 -2.935340E-04  1.418759E-03
200223  1.884628E-04  1.435995E-03
200224 -2.951880E-04  1.413802E-03
200225 -1.338277E-03  4.991092E-04
200226 -3.418371E-04 -1.360888E-03
200227  1.231589E-03  6.716002E-04
200228 -1.331679E-03 -3.587596E-04
200229  1.136098E-03  7.674733E-04
200230 -1.807690E-04 -1.327284E-03
200231 -1.210781E-03  5.334465E-04
200232  3.567593E-04  1.256469E-03
200233  1.247886E-03  2.611334E-04
200234  1.030146E-03 -7.035064E-04
200235  4.792381E-04 -1.131328E-03
200236  1.538798E-05 -1.212433E-03
200237 -2.928729E-04 -1.157954E-03
200238 -4.940515E-04 -1.063649E-03
200239 -6.479244E-04 -9.473362E-04
200240 -7.966427E-04 -7.877426E-04
200241 -9.505363E-04 -5.409312E-04
200242 -1.061972E-03 -1.532622E-04
200243 -9.889189E-04  3.886567E-04
200244 -5.149912E-04  9.224624E-04
200245  3.878618E-04  9.612797E-04
200246  1.004607E-03  3.223352E-05
200247  1.657979E-04 -9.863584E-04
200248 -9.803881E-04 -3.489247E-05
200249  4.373563E-04  8.384410E-04
200250  2.864239E-04 -9.561179E-04
200251 -5.904841E-04  7.062383E-04
200252  6.196186E-04 -7.412024E-04
200253 -2.857135E-04  8.894494E-04
200254 -4.054790E-04 -8.147569E-04
200255  9.294226E-04 -4.209514E-05
200256  1.282433E-04  9.654573E-04
200257 -7.505114E-04  5.892290E-04
200258 -9.180856E-04  2.324119E-05
200259 -8.880129E-04 -1.737233E-04
200260 -9.189705E-04  2.582621E-05
200261 -7.517895E-04  5.950349E-04
200262  1.271554E-04  9.752570E-04
200263  9.286907E-04 -2.811924E-05
200264 -4.063508E-04 -7.975764E-04
200265 -2.876611E-04  9.076139E-04
200266  6.157954E-04 -7.250738E-04
200267 -5.962631E-04  7.173383E-04
200268  2.795631E-04 -9.521173E-04
200269  4.309776E-04  8.348518E-04
200270 -9.846607E-04 -4.476145E-05
200271  1.646421E-04 -9.996639E-04
200272  1.006571E-03  1.919612E-05
200273  3.919879E-04  9.521820E-04
200274 -5.101912E-04  9.200586E-04
200275 -9.848680E-04  3.941366E-04
200276 -1.059525E-03 -1.405205E-04
200277 -9.497548E-04 -5.231599E-04
200278 -7.968839E-04 -7.682093E-04
200279 -6.481756E-04 -9.295678E-04
200280 -4.933479E-04 -1.050655E-03
200281 -2.906483E-04 -1.151620E-03
200282  1.912635E-05 -1.213195E-03
200283  4.839485E-04 -1.138153E-03
200284  1.034976E-03 -7.141738E-04
200285  1.251997E-03  2.495255E-04
200286  3.596380E-04  1.246858E-03
200287 -1.209138E-03  5.281587E-04
200288 -1.798764E-04 -1.327023E-03
200289  1.049220E-03 -9.506273E-04
200290  6.408183E-04  1.286709E-03
200291 -1.235834E-03 -7.349260E-04
200292  1.129543E-03  9.607203E-04
200293  1.873194E-04 -1.462909E-03
200294 -1.378462E-03 -5.420555E-04
200295 -1.488890E-03  1.001804E-04
200296 -1.384882E-03 -5.433115E-04
200297  1.766049E-04 -1.465533E-03
200298  1.117780E-03  9.569593E-04
200299 -1.245737E-03 -7.387399E-04
200300  6.341756E-04  1.284864E-03
200301  1.045387E-03 -9.480828E-04
200302 -5.294218E-04 -1.262002E-03
200303 -1.180212E-03 -6.302405E-04
200304 -1.255914E-03 -3.789733E-04
200305 -1.120436E-03 -6.200397E-04
200306 -6.168743E-04 -1.082636E-03
200307  3.473112E-04 -1.166629E-03
200308  1.142381E-03 -3.454213E-04
200309  7.994800E-04  8.413251E-04
200310 -4.545642E-04  1.031278E-03
200311 -1.115589E-03 -2.181414E-05
200312 -4.854589E-04 -9.964265E-04
200313  5.495754E-04 -9.300946E-04
200314  1.030140E-03 -1.947207E-04
200315  9.176538E-04  4.705458E-04
200316  6.416702E-04  7.951861E-04
200317  5.163353E-04  8.649294E-04
200318  6.380959E-04  7.484961E-04
200319  9.003661E-04  3.290425E-04
200320  8.236932E-04 -4.840769E-04
200321 -1.829176E-04 -9.377394E-04
200322 -8.614791E-04  2.525164E-04
200323  6.941692E-04  5.859373E-04
200324 -2.259049E-04 -8.668005E-04
200325  1.196674E-04  9.182554E-04
200326 -4.412531E-04 -7.263195E-04
200327  8.393088E-04  2.552114E-04
200328 -4.014812E-04  8.489939E-04
200329 -8.914737E-04 -1.010331E-04
200330 -5.486205E-04 -6.858753E-04
200331 -3.526812E-04 -8.061917E-04
200332 -5.504466E-04 -6.909195E-04
200333 -8.924923E-04 -1.074872E-04
200334 -3.984433E-04  8.464393E-04
200335  8.476818E-04  2.607352E-04
200336 -4.295545E-04 -7.118088E-04
200337  1.302536E-04  9.389249E-04
200338 -2.208550E-04 -8.453184E-04
200339  6.917056E-04  6.024720E-04
200340 -8.700241E-04  2.599135E-04
200341 -1.936404E-04 -9.409129E-04
200342  8.150496E-04 -4.962811E-04
200343  8.963811E-04  3.117248E-04
200344  6.387422E-04  7.312200E-04
200345  5.194227E-04  8.526825E-04
200346  6.442095E-04  7.914396E-04
200347  9.173450E-04  4.763283E-04
200348  1.026304E-03 -1.810235E-04
200349  5.432451E-04 -9.121520E-04
200350 -4.921350E-04 -9.788333E-04
200351 -1.120250E-03 -8.858900E-06
200352 -4.554509E-04  1.036543E-03
200353  8.030412E-04  8.375268E-04
200354  1.149864E-03 -3.579539E-04
200355  3.572121E-04 -1.186104E-03
200356 -6.065671E-04 -1.106163E-03
200357 -1.111603E-03 -6.441210E-04
200358 -1.249648E-03 -4.001474E-04
200359 -1.176373E-03 -6.458412E-04
200360 -5.266242E-04 -1.270820E-03
200361  1.186154E-03  7.937114E-04
200362  6.034335E-05  1.448265E-03
200363 -1.465464E-03 -2.447563E-04
200364  1.449045E-03 -4.889003E-04
200365 -1.494928E-03 -3.008075E-04
200366 -2.366951E-04  1.514912E-03
200367  5.733908E-04  1.430415E-03
200368 -2.472193E-04  1.519825E-03
200369 -1.511350E-03 -2.935894E-04
200370  1.433517E-03 -4.828021E-04
200371 -1.474533E-03 -2.417751E-04
200372  5.972501E-05  1.448678E-03
200373  1.192160E-03  7.940185E-04
200374  1.297370E-03  5.347401E-04
200375  9.186265E-04  1.013659E-03
200376 -3.247768E-04  1.295037E-03
200377 -1.283834E-03 -1.274283E-04
200378  3.996490E-04 -1.174585E-03
200379  8.411791E-04  8.961773E-04
200380 -1.179221E-03  1.190464E-04
200381  7.314538E-04 -8.891484E-04
200382  8.435461E-05  1.114015E-03
200383 -8.244791E-04 -7.247836E-04
200384  1.053151E-03 -1.947474E-04
200385 -3.795671E-04  9.502642E-04
200386 -7.579896E-04 -6.810074E-04
200387  7.306956E-04 -6.700289E-04
200388  7.785484E-04  5.955611E-04
200389 -1.240896E-04  9.688829E-04
200390 -6.899573E-04  6.602704E-04
200391 -8.305805E-04  4.122711E-04
200392 -7.546639E-04  4.880431E-04
200393 -3.487528E-04  7.958829E-04
200394  5.401483E-04  6.870159E-04
200395  7.276865E-04 -5.096746E-04
200396 -7.731838E-04 -3.753268E-04
200397  4.210077E-04  7.734626E-04
200398 -4.857318E-04 -6.705191E-04
200399  6.997673E-04  4.223945E-04
200400 -7.151752E-04  4.901232E-04
200401 -6.047857E-04 -6.884145E-04
200402  7.880882E-05 -9.766010E-04
200403  3.146831E-04 -9.460645E-04
200404  6.980416E-05 -9.939711E-04
200405 -6.146394E-04 -7.144961E-04
200406 -7.155719E-04  4.677378E-04
200407  7.137568E-04  4.132410E-04
200408 -4.614113E-04 -6.640747E-04
200409  4.452329E-04  7.907978E-04
200410 -7.592698E-04 -3.553439E-04
200411  7.271313E-04 -4.945970E-04
200412  5.285605E-04  6.929174E-04
200413 -3.633693E-04  7.920175E-04
200414 -7.647323E-04  4.765957E-04
200415 -8.327028E-04  3.970764E-04
200416 -6.856610E-04  6.458359E-04
200417 -1.178868E-04  9.593327E-04
200418  7.821368E-04  5.933888E-04
200419  7.293941E-04 -6.649504E-04
200420 -7.636196E-04 -6.714603E-04
200421 -3.870528E-04  9.600121E-04
200422  1.046635E-03 -1.887375E-04
200423 -8.280685E-04 -7.246736E-04
200424  8.435953E-05  1.108203E-03
200425  7.346538E-04 -8.994480E-04
200426 -1.173911E-03  1.060771E-04
200427  8.470515E-04  8.820284E-04
200428  4.042023E-04 -1.188785E-03
200429 -1.282488E-03 -1.405248E-04
200430 -3.278252E-04  1.284441E-03
200431  9.115779E-04  1.006810E-03
200432  1.288800E-03  5.318670E-04
200433  1.207207E-04 -1.443041E-03
200434  2.581511E-04 -1.466929E-03
200435  1.412992E-03 -5.513472E-04
200436 -2.066474E-04  1.510929E-03
200437  3.117415E-04 -1.546708E-03
200438 -1.562828E-03  1.632543E-04
200439 -1.169098E-03  1.063181E-03
200440 -1.575306E-03  1.733799E-04
200441  2.940373E-04 -1.532050E-03
200442 -2.196674E-04  1.522693E-03
200443  1.411472E-03 -5.472102E-04
200444  2.688000E-04 -1.470475E-03
200445  1.390496E-04 -1.451148E-03
200446  1.040906E-03 -9.546848E-04
200447  1.031689E-03  8.822874E-04
200448 -1.227204E-03  4.980851E-04
200449  6.747039E-04 -1.092561E-03
200450 -3.761158E-04  1.181311E-03
200451  3.907758E-04 -1.134627E-03
200452 -5.821711E-04  1.014301E-03
200453  8.319136E-04 -7.595433E-04
200454 -9.836620E-04  4.821443E-04
200455  1.047052E-03 -2.066356E-04
200456 -1.031692E-03  7.742196E-05
200457  9.980780E-04 -1.492713E-04
200458 -8.904796E-04  4.087438E-04
200459  4.937784E-04 -8.310130E-04
200460  3.482206E-04  8.717015E-04
200461 -9.192912E-04  1.083083E-04
200462 -2.279194E-04 -8.605081E-04
200463  5.904597E-04 -6.416085E-04
200464  8.272312E-04 -2.713924E-04
200465  8.296971E-04 -2.739770E-04
200466  5.940528E-04 -6.430362E-04
200467 -2.509473E-04 -8.020610E-04
200468 -7.687024E-04  3.320000E-04
200469  6.734081E-04  4.481150E-04
200470 -6.048020E-04 -5.648945E-04
200471  6.307123E-04  4.198601E-04
200472 -7.790907E-04  2.091259E-04
200473 -2.594558E-04 -9.498371E-04
200474  5.083599E-04 -9.550935E-04
200475  6.961481E-04 -8.277456E-04
200476  4.860493E-04 -9.810653E-04
200477 -2.875289E-04 -9.877633E-04
200478 -7.921989E-04  1.780133E-04
200479  6.425478E-04  4.075439E-04
200480 -5.749796E-04 -5.588447E-04
200481  7.035831E-04  4.628774E-04
200482 -7.537514E-04  3.446870E-04
200483 -2.553332E-04 -7.970067E-04
200484  5.780078E-04 -6.450330E-04
200485  8.143584E-04 -2.795462E-04
200486  8.213475E-04 -2.775908E-04
200487  5.950888E-04 -6.469869E-04
200488 -2.179438E-04 -8.640640E-04
200489 -9.107205E-04  1.079332E-04
200490  3.513726E-04  8.754083E-04
200491  4.918941E-04 -8.243630E-04
200492 -8.939608E-04  4.147812E-04
200493  9.965531E-04 -1.480691E-04
200494 -1.030015E-03  7.163206E-05
200495  1.050470E-03 -2.179200E-04
200496 -9.811579E-04  4.697841E-04
200497  8.316318E-04 -7.680808E-04
200498 -5.854280E-04  1.012491E-03
200499  3.854337E-04 -1.129863E-03
200500 -3.829294E-04  1.190187E-03
200501  6.658336E-04 -1.082441E-03
200502 -1.239615E-03  5.078854E-04
200503  1.014835E-03  8.917913E-04
200504  1.021061E-03 -9.452259E-04
200505  1.179711E-03 -7.877904E-04
200506  4.734571E-04 -1.390097E-03
200507  9.959003E-04 -1.135860E-03
200508  1.184524E-03  9.924302E-04
200509 -1.460733E-03 -5.725596E-04
200510  2.866539E-04  1.562030E-03
200511  1.238682E-03  1.009395E-03
200512  2.749733E-04  1.573842E-03
200513 -1.475147E-03 -5.565466E-04
200514  1.178162E-03  1.003226E-03
200515  1.002490E-03 -1.135084E-03
200516  4.898328E-04 -1.397733E-03
200517  1.198403E-03 -7.992295E-04
200518  8.013955E-04  1.142222E-03
200519 -1.347879E-03 -1.718565E-04
200520  1.295311E-03 -1.070741E-04
200521 -1.234478E-03 -2.986518E-04
200522  7.438651E-04  9.500571E-04
200523  3.501360E-04 -1.134243E-03
200524 -1.123544E-03  1.604156E-04
200525  5.385508E-04  9.707533E-04
200526  6.847034E-04 -8.087828E-04
200527 -1.004729E-03 -2.313644E-04
200528  3.606525E-04  9.457461E-04
200529  3.562847E-04 -9.061320E-04
200530 -7.203131E-04  6.202650E-04
200531  7.829656E-04 -5.101429E-04
200532 -6.372960E-04  6.302837E-04
200533  1.314707E-04 -8.846826E-04
200534  6.941591E-04  5.153240E-04
200535 -5.150049E-04  6.969371E-04
200536 -8.434783E-04 -8.434004E-05
200537 -6.728419E-04 -4.754724E-04
200538 -6.781094E-04 -4.284297E-04
200539 -7.723500E-04  9.387562E-05
200540 -1.219144E-04  7.916739E-04
200541  7.429348E-04 -1.159892E-04
200542 -7.818715E-04 -2.739512E-04
200543  6.798824E-04  2.329071E-04
200544 -7.093287E-04  2.241422E-04
200545 -1.522570E-04 -9.563911E-04
200546  6.434453E-04 -8.948230E-04
200547  8.118232E-04 -7.407291E-04
200548  6.078110E-04 -9.198722E-04
200549 -1.988044E-04 -9.889740E-04
200550 -7.366701E-04  2.050717E-04
200551  6.850831E-04  2.360175E-04
200552 -7.548252E-04 -2.570895E-04
200553  7.686025E-04 -1.018084E-04
200554 -1.147286E-04  7.924605E-04
200555 -7.840440E-04  8.293601E-05
200556 -6.959390E-04 -4.412960E-04
200557 -6.828139E-04 -4.816730E-04
200558 -8.401219E-04 -8.227146E-05
200559 -5.028959E-04  7.033154E-04
200560  7.058259E-04  5.218853E-04
200561  1.358842E-04 -8.787238E-04
200562 -6.405860E-04  6.369774E-04
200563  7.772321E-04 -5.029359E-04
200564 -7.217333E-04  6.245633E-04
200565  3.624602E-04 -9.089737E-04
200566  3.718425E-04  9.347829E-04
200567 -9.950562E-04 -2.463856E-04
200568  6.870056E-04 -8.207204E-04
200569  5.319490E-04  9.682098E-04
200570 -1.136042E-03  1.696873E-04
200571  3.367030E-04 -1.115356E-03
200572  7.332775E-04  9.732524E-04
200573 -1.241558E-03 -2.767056E-04
200574  1.289179E-03 -8.940126E-05
200575 -1.357089E-03 -1.579687E-04
200576  7.865992E-04  1.154564E-03
200577 -1.415548E-03 -8.960412E-05
200578 -5.944913E-04  1.354425E-03
200579 -4.384117E-04  1.447745E-03
200580 -1.519532E-03  2.361976E-04
200581  1.097279E-03 -1.110395E-03
200582 -1.562626E-03 -5.518725E-05
200583 -1.156545E-03  1.075041E-03
200584 -1.571336E-03 -4.493360E-05
200585  1.089286E-03 -1.098121E-03
200586 -1.517779E-03  2.415203E-04
200587 -4.269173E-04  1.443786E-03
200588 -5.814937E-04  1.345915E-03
200589 -1.410012E-03 -9.666882E-05
200590  8.798805E-04 -1.038686E-03
200591 -7.071269E-04  1.134054E-03
200592  1.121885E-03 -6.059866E-04
200593 -1.053046E-03 -6.548948E-04
200594 -4.818604E-04  1.074470E-03
200595  9.730585E-04  5.957090E-04
200596  8.403744E-04 -7.259563E-04
200597 -3.517512E-04 -1.012640E-03
200598 -1.035750E-03 -1.650252E-05
200599 -2.677069E-04  9.738385E-04
200600  9.127872E-04  3.398513E-04
200601  1.670707E-04 -9.202500E-04
200602 -8.881365E-04  2.580710E-04
200603  7.987648E-04  4.072477E-04
200604 -5.816983E-04 -6.598750E-04
200605  6.391110E-04  5.639721E-04
200606 -8.277693E-04 -1.478612E-04
200607  4.797862E-04 -6.579096E-04
200608  6.670980E-04  4.384669E-04
200609  7.272430E-05  7.966164E-04
200610 -1.419619E-04  7.660619E-04
200611  1.295798E-04  7.617334E-04
200612  7.059716E-04  3.370830E-04
200613  2.571847E-04 -6.916904E-04
200614 -7.425676E-04  3.161722E-04
200615  6.607172E-04 -2.235154E-04
200616 -4.568079E-04  5.246107E-04
200617 -3.789590E-04 -7.358717E-04
200618  4.495575E-04 -9.178577E-04
200619  6.791211E-04 -8.093801E-04
200620  4.071618E-04 -9.337997E-04
200621 -4.344846E-04 -7.500458E-04
200622 -4.912729E-04  5.303723E-04
200623  6.602322E-04 -1.969806E-04
200624 -7.231194E-04  3.456026E-04
200625  2.720526E-04 -6.801877E-04
200626  7.025646E-04  3.244287E-04
200627  1.130742E-04  7.368970E-04
200628 -1.560910E-04  7.475392E-04
200629  7.221408E-05  7.946214E-04
200630  6.793751E-04  4.495807E-04
200631  4.948743E-04 -6.444485E-04
200632 -8.203876E-04 -1.398919E-04
200633  6.347021E-04  5.665634E-04
200634 -5.937630E-04 -6.578904E-04
200635  7.883255E-04  4.111168E-04
200636 -8.886091E-04  2.609264E-04
200637  1.779624E-04 -9.231842E-04
200638  9.279911E-04  3.302091E-04
200639 -2.585586E-04  9.622037E-04
200640 -1.038526E-03 -2.316387E-05
200641 -3.642695E-04 -1.009724E-03
200642  8.253998E-04 -7.132915E-04
200643  9.627873E-04  6.145843E-04
200644 -4.833925E-04  1.094188E-03
200645 -1.045512E-03 -6.393609E-04
200646  1.135158E-03 -5.969874E-04
200647 -6.944367E-04  1.138264E-03
200648  8.851311E-04 -1.034711E-03
200649 -1.274351E-03 -4.841997E-04
200650 -3.871078E-04  1.381993E-03
200651  3.038020E-04  1.438971E-03
200652 -8.722734E-04  1.223671E-03
200653 -3.782484E-04 -1.481527E-03
200654 -6.496753E-04  1.389210E-03
200655  5.878183E-04  1.438038E-03
200656 -6.550852E-04  1.396899E-03
200657 -3.795626E-04 -1.474337E-03
200658 -8.634454E-04  1.222879E-03
200659  3.168923E-04  1.431067E-03
200660 -3.819747E-04  1.374540E-03
200661 -1.284808E-03 -4.848612E-04
200662  1.327040E-03 -1.350587E-04
200663 -1.252486E-03 -3.116946E-04
200664  3.229036E-04  1.207687E-03
200665  1.168667E-03 -2.807916E-04
200666  2.237371E-04 -1.134886E-03
200667 -6.919883E-04 -8.757163E-04
200668 -1.056780E-03 -2.247796E-04
200669 -9.506868E-04  4.203528E-04
200670 -4.701287E-04  8.787951E-04
200671  2.763535E-04  9.259914E-04
200672  8.932283E-04  2.999997E-04
200673  5.689528E-04 -7.037061E-04
200674 -6.763001E-04 -5.688031E-04
200675 -3.160209E-04  8.132711E-04
200676  7.942678E-04 -3.188087E-04
200677 -8.138495E-04  2.235022E-05
200678  7.982275E-04 -1.757706E-04
200679 -4.898603E-04  6.281235E-04
200680 -4.842635E-04 -6.205216E-04
200681  4.177376E-04 -6.285120E-04
200682  7.087340E-04 -2.741832E-04
200683  7.001148E-04 -3.177634E-04
200684  3.039671E-04 -6.839059E-04
200685 -6.374758E-04 -3.507202E-04
200686  2.517095E-05  7.362328E-04
200687  6.917433E-05 -7.036302E-04
200688  2.186850E-04  6.553254E-04
200689 -6.620688E-04 -6.739260E-05
200690 -1.924867E-04 -7.706000E-04
200691  7.617337E-05 -8.621381E-04
200692 -2.328646E-04 -7.749566E-04
200693 -7.138776E-04 -6.159058E-05
200694  1.872891E-04  6.828310E-04
200695  6.728505E-05 -6.619158E-04
200696  3.721057E-05  7.687522E-04
200697 -6.326074E-04 -3.466960E-04
200698  2.941533E-04 -7.066075E-04
200699  6.846431E-04 -3.467217E-04
200700  7.015168E-04 -2.882558E-04
200701  4.245522E-04 -6.217875E-04
200702 -4.692807E-04 -6.032902E-04
200703 -4.779107E-04  6.408652E-04
200704  7.991508E-04 -1.749280E-04
200705 -8.244877E-04  1.513264E-05
200706  7.783798E-04 -3.251586E-04
200707 -3.273817E-04  8.124670E-04
200708 -6.755569E-04 -5.671594E-04
200709  5.808336E-04 -7.053619E-04
200710  9.058228E-04  2.939118E-04
200711  2.782093E-04  9.201870E-04
200712 -4.808911E-04  8.786985E-04
200713 -9.653523E-04  4.271118E-04
200714 -1.065014E-03 -2.143611E-04
200715 -6.893733E-04 -8.659027E-04
200716  2.365853E-04 -1.128677E-03
200717  1.190265E-03 -2.798297E-04
200718  3.513627E-04  1.203133E-03
200719 -1.221967E-03 -3.195182E-04
200720  1.351442E-03 -1.411098E-04
200721  1.359095E-03  4.012264E-05
200722 -4.210156E-04 -1.305946E-03
200723 -1.223335E-03 -7.202075E-04
200724 -5.699817E-04 -1.345582E-03
200725  1.439610E-03  2.523998E-04
200726 -1.038348E-03 -1.065714E-03
200727 -1.477889E-03  8.857174E-05
200728 -1.042269E-03 -1.059767E-03
200729  1.442241E-03  2.560059E-04
200730 -5.569901E-04 -1.350685E-03
200731 -1.210619E-03 -7.306059E-04
200732 -4.222402E-04 -1.312292E-03
200733  1.340194E-03  4.338503E-05
200734 -1.281033E-03  1.976906E-04
200735  1.064490E-03  6.516750E-04
200736  4.488788E-04 -1.111050E-03
200737 -8.199678E-04 -8.018561E-04
200738 -1.109776E-03 -8.770695E-06
200739 -9.691503E-04  4.779107E-04
200740 -7.678716E-04  7.082779E-04
200741 -5.666194E-04  8.253571E-04
200742 -3.183581E-04  9.037972E-04
200743  4.342434E-05  9.254076E-04
200744  5.269113E-04  7.389888E-04
200745  8.772853E-04  1.139463E-04
200746  4.349034E-04 -7.279921E-04
200747 -7.108656E-04 -4.296372E-04
200748 -1.115207E-04  8.168871E-04
200749  5.943523E-04 -5.473680E-04
200750 -6.362393E-04  4.396703E-04
200751  3.975486E-04 -6.598559E-04
200752  3.306164E-04  6.728693E-04
200753 -6.463005E-04  3.914561E-04
200754 -7.058324E-04 -2.007329E-04
200755 -6.425944E-04 -2.996637E-04
200756 -6.854119E-04  9.215164E-05
200757 -1.017776E-04  7.008835E-04
200758  6.531931E-04 -1.985647E-04
200759 -7.353300E-04 -4.262810E-05
200760  6.225824E-04 -2.338139E-04
200761 -2.604172E-05  6.685559E-04
200762 -6.024236E-04  1.887383E-04
200763 -6.378585E-04 -8.727081E-05
200764 -6.342044E-04  1.936181E-04
200765 -6.448470E-05  6.873920E-04
200766  6.025913E-04 -1.973334E-04
200767 -7.333594E-04 -1.389481E-06
200768  6.619302E-04 -1.749001E-04
200769 -1.013069E-04  6.949917E-04
200770 -6.949499E-04  6.673167E-05
200771 -6.529085E-04 -3.215844E-04
200772 -7.076920E-04 -2.032026E-04
200773 -6.385970E-04  4.060668E-04
200774  3.413156E-04  6.896781E-04
200775  4.033935E-04 -6.543047E-04
200776 -6.389096E-04  4.312282E-04
200777  5.844345E-04 -5.621572E-04
200778 -1.240078E-04  8.061495E-04
200779 -7.188787E-04 -4.319870E-04
200780  4.373489E-04 -7.261817E-04
200781  8.880104E-04  1.133972E-04
200782  5.337816E-04  7.351766E-04
200783  3.572056E-05  9.236007E-04
200784 -3.364615E-04  9.087235E-04
200785 -5.791473E-04  8.353154E-04
200786 -7.640016E-04  7.163911E-04
200787 -9.519826E-04  4.785689E-04
200788 -1.087954E-03 -1.580725E-05
200789 -7.966637E-04 -8.134856E-04
200790  4.759428E-04 -1.124700E-03
200791  1.095780E-03  6.377112E-04
200792 -1.251145E-03  1.866514E-04
200793  4.361122E-04 -1.222383E-03
200794 -1.295638E-03  1.800382E-04
200795 -7.933444E-04  1.102162E-03
200796 -1.308496E-03  5.018362E-04
200797  1.887123E-04 -1.408846E-03
200798 -9.415266E-04  1.058367E-03
200799  2.028294E-04  1.418353E-03
200800 -9.468383E-04  1.063532E-03
200801  1.912885E-04 -1.407047E-03
200802 -1.294616E-03  4.943671E-04
200803 -7.817974E-04  1.090563E-03
200804 -1.299347E-03  1.747620E-04
200805  4.183838E-04 -1.217223E-03
200806 -3.638860E-04  1.184197E-03
200807  1.090733E-03 -4.955298E-04
200808 -4.492771E-04 -1.063706E-03
200809 -1.084180E-03 -2.064876E-04
200810 -1.004139E-03  3.782707E-04
200811 -8.663566E-04  5.847897E-04
200812 -8.105533E-04  6.036217E-04
200813 -7.939538E-04  5.588033E-04
200814 -7.613590E-04  5.357811E-04
200815 -6.672012E-04  5.976541E-04
200816 -4.361564E-04  7.518203E-04
200817  4.384968E-05  8.509313E-04
200818  6.772885E-04  4.863013E-04
200819  6.286951E-04 -4.980792E-04
200820 -5.927075E-04 -5.114370E-04
200821 -4.090048E-05  7.783992E-04
200822  3.214278E-04 -6.884695E-04
200823 -1.649692E-04  7.227594E-04
200824 -4.121582E-04 -6.078209E-04
200825  6.283673E-04 -3.366437E-04
200826  6.097683E-04  3.514211E-04
200827  4.798453E-04  5.153755E-04
200828  6.514263E-04  2.760390E-04
200829  5.121363E-04 -4.683703E-04
200830 -6.126513E-04 -3.050209E-04
200831  3.858432E-04  5.273723E-04
200832 -6.018897E-04 -3.674337E-04
200833  5.431942E-04 -3.626180E-04
200834  5.282351E-04  3.925826E-04
200835  3.267486E-04  5.696194E-04
200836  5.076225E-04  4.029000E-04
200837  5.222560E-04 -3.388336E-04
200838 -6.060258E-04 -3.334938E-04
200839  3.961089E-04  5.569020E-04
200840 -6.021271E-04 -2.959673E-04
200841  5.138690E-04 -4.818311E-04
200842  6.462778E-04  2.555212E-04
200843  4.746788E-04  5.068598E-04
200844  6.090647E-04  3.606397E-04
200845  6.316908E-04 -3.199812E-04
200846 -4.083444E-04 -5.981233E-04
200847 -1.637176E-04  7.190285E-04
200848  3.195444E-04 -7.020007E-04
200849 -4.525756E-05  7.638192E-04
200850 -5.985929E-04 -5.193584E-04
200851  6.247554E-04 -4.976780E-04
200852  6.805742E-04  4.898283E-04
200853  5.281239E-05  8.511809E-04
200854 -4.341648E-04  7.483094E-04
200855 -6.822173E-04  5.965262E-04
200856 -7.839017E-04  5.429008E-04
200857 -8.021363E-04  5.718744E-04
200858 -7.951673E-04  6.123099E-04
200859 -8.397356E-04  5.804328E-04
200860 -9.828090E-04  3.621422E-04
200861 -1.071473E-03 -2.263429E-04
200862 -4.375381E-04 -1.081400E-03
200863  1.108028E-03 -5.103744E-04
200864 -3.422075E-04  1.172305E-03
200865  9.945713E-04 -7.407897E-04
200866 -1.112149E-03 -5.734974E-04
200867 -1.230696E-03  4.142698E-04
200868 -1.293409E-03 -3.573298E-04
200869  9.551530E-04 -9.365100E-04
200870 -1.330797E-03  2.224790E-04
200871 -6.986096E-04  1.168557E-03
200872 -1.339839E-03  2.267058E-04
200873  9.546958E-04 -9.360801E-04
200874 -1.280638E-03 -3.661711E-04
200875 -1.220370E-03  4.024281E-04
200876 -1.115704E-03 -5.769786E-04
200877  9.830785E-04 -7.334624E-04
200878 -9.382107E-04  7.283240E-04
200879  1.121339E-03  2.216801E-04
200880  2.891905E-04 -1.079936E-03
200881 -6.497841E-04 -8.438005E-04
200882 -9.309863E-04 -4.319268E-04
200883 -9.584918E-04 -2.749290E-04
200884 -9.143231E-04 -3.119299E-04
200885 -8.321976E-04 -4.220026E-04
200886 -7.455757E-04 -5.081049E-04
200887 -7.111183E-04 -5.100833E-04
200888 -7.622872E-04 -3.757867E-04
200889 -8.238835E-04 -2.372344E-05
200890 -5.951491E-04  5.382015E-04
200891  2.411733E-04  7.504908E-04
200892  7.232776E-04 -2.435952E-04
200893 -5.638584E-04 -4.872759E-04
200894  2.434684E-04  6.975645E-04
200895 -2.835112E-04 -6.618210E-04
200896  6.308583E-04  3.240160E-04
200897 -4.539678E-04  5.265794E-04
200898 -6.696667E-04 -1.761811E-04
200899 -5.379463E-04 -4.164935E-04
200900 -6.273895E-04 -2.165075E-04
200901 -4.781427E-04  4.536672E-04
200902  5.658241E-04  3.405770E-04
200903 -3.407878E-04 -5.821373E-04
200904  4.395045E-04  4.376255E-04
200905 -6.463806E-04  2.069759E-04
200906 -4.387250E-04 -5.084311E-04
200907 -2.080098E-04 -6.244075E-04
200908 -4.491578E-04 -4.954601E-04
200909 -6.507968E-04  2.312903E-04
200910  4.514407E-04  4.648300E-04
200911 -3.202360E-04 -5.661035E-04
200912  5.812939E-04  3.371877E-04
200913 -4.726528E-04  4.378537E-04
200914 -6.282451E-04 -2.276517E-04
200915 -5.408181E-04 -4.117540E-04
200916 -6.725690E-04 -1.603485E-04
200917 -4.559627E-04  5.389921E-04
200918  6.301027E-04  3.236202E-04
200919 -2.833077E-04 -6.724674E-04
200920  2.444187E-04  6.852457E-04
200921 -5.630736E-04 -4.947803E-04
200922  7.219320E-04 -2.441093E-04
200923  2.388001E-04  7.554042E-04
200924 -5.928651E-04  5.437592E-04
200925 -8.166306E-04 -2.266257E-05
200926 -7.625566E-04 -3.798507E-04
200927 -7.292665E-04 -5.130267E-04
200928 -7.693798E-04 -5.015145E-04
200929 -8.363446E-04 -4.062026E-04
200930 -8.917915E-04 -3.002095E-04
200931 -9.290445E-04 -2.807428E-04
200932 -9.162443E-04 -4.539113E-04
200933 -6.517346E-04 -8.691685E-04
200934  2.826057E-04 -1.099416E-03
200935  1.120615E-03  2.075511E-04
200936 -9.302372E-04  7.162096E-04
200937  7.503710E-05  1.152076E-03
200938  1.104362E-03 -4.774062E-04
200939  5.463662E-04 -1.085467E-03
200940  1.123417E-03 -5.116661E-04
200941 -2.599050E-04  1.235289E-03
200942  9.569258E-04 -8.518595E-04
200943  4.365713E-06 -1.266738E-03
200944  9.434479E-04 -8.499119E-04
200945 -2.640683E-04  1.233564E-03
200946  1.135017E-03 -5.214775E-04
200947  5.558426E-04 -1.096803E-03
200948  1.101235E-03 -4.782847E-04
200949  6.932472E-05  1.162640E-03
200950 -2.413266E-04 -1.119788E-03
200951 -5.941491E-04  9.116210E-04
200952  9.192263E-04  5.299215E-04
200953  9.271889E-04 -4.607309E-04
200954  5.512135E-04 -8.263552E-04
200955  3.691666E-04 -8.812782E-04
200956  3.792453E-04 -8.419015E-04
200957  4.725529E-04 -7.599131E-04
200958  5.527336E-04 -6.706756E-04
200959  5.621333E-04 -6.325223E-04
200960  4.582503E-04 -6.892795E-04
200961  1.630779E-04 -7.951190E-04
200962 -3.744513E-04 -6.934285E-04
200963 -7.592524E-04  1.381455E-05
200964 -1.215776E-05  7.463561E-04
200965  6.594232E-04 -3.013972E-04
200966 -7.086648E-04 -9.868120E-05
200967  6.919222E-04  1.024066E-04
200968 -6.086803E-04  3.173923E-04
200969 -1.215650E-04 -6.702913E-04
200970  5.596850E-04 -3.707360E-04
200971  6.525148E-04 -7.657731E-05
200972  6.053234E-04 -2.427592E-04
200973  1.036936E-04 -6.349047E-04
200974 -6.346591E-04  5.490577E-05
200975  5.655251E-04  2.623398E-04
200976 -6.486008E-04 -1.307602E-04
200977  3.624710E-04 -5.088166E-04
200978  5.617363E-04  2.000044E-04
200979  4.227958E-04  4.262637E-04
200980  5.583835E-04  2.143138E-04
200981  3.700742E-04 -4.844413E-04
200982 -6.241313E-04 -1.079501E-04
200983  5.950975E-04  2.701136E-04
200984 -6.141545E-04  4.548824E-05
200985  1.121619E-04 -6.483421E-04
200986  6.060887E-04 -2.442197E-04
200987  6.488622E-04 -6.300862E-05
200988  5.537096E-04 -3.542438E-04
200989 -1.264058E-04 -6.652095E-04
200990 -6.098195E-04  3.084998E-04
200991  6.936689E-04  8.929232E-05
200992 -7.060406E-04 -1.055947E-04
200993  6.613026E-04 -2.997799E-04
200994 -1.327862E-05  7.530067E-04
200995 -7.629767E-04  2.178395E-05
200996 -3.746128E-04 -6.869225E-04
200997  1.687148E-04 -7.931252E-04
200998  4.579621E-04 -6.935513E-04
200999  5.446039E-04 -6.382330E-04
201000  5.299844E-04 -6.664660E-04
201001  4.706406E-04 -7.422293E-04
201002  4.039283E-04 -8.262887E-04
201003  3.971288E-04 -8.868674E-04
201004  5.588909E-04 -8.524267E-04
201005  9.141608E-04 -4.900666E-04
201006  8.997251E-04  5.094721E-04
201007 -6.084464E-04  8.979661E-04
201008 -2.448833E-04 -1.133116E-03
201009  1.807717E-04 -1.106833E-03
201010 -1.133511E-03  1.079069E-06
201011 -1.022563E-03  5.818265E-04
201012 -1.137307E-03 -3.801772E-04
201013  1.037246E-03 -5.950709E-04
201014 -1.176935E-03 -2.331826E-04
201015 -9.856692E-04  7.200800E-04
201016 -1.193732E-03 -2.352777E-04
201017  1.030859E-03 -5.999004E-04
201018 -1.125555E-03 -3.902832E-04
201019 -1.013417E-03  5.716786E-04
201020 -1.137477E-03  2.731459E-06
201021  1.774460E-04 -1.092958E-03
201022  1.807687E-04  1.054565E-03
201023  4.061459E-04 -9.778531E-04
201024 -9.980830E-04 -1.879562E-04
201025 -5.286428E-04  8.214941E-04
201026  1.144505E-04  9.443061E-04
201027  4.064087E-04  8.294891E-04
201028  4.774767E-04  7.615909E-04
201029  4.533540E-04  7.508206E-04
201030  4.138691E-04  7.468027E-04
201031  4.277073E-04  7.065347E-04
201032  5.422659E-04  5.824441E-04
201033  7.218809E-04  2.804357E-04
201034  7.133760E-04 -2.809063E-04
201035  7.385858E-05 -7.447650E-04
201036 -7.134067E-04 -8.375236E-05
201037  2.436074E-04  6.680805E-04
201038  1.533969E-04 -6.729371E-04
201039 -1.564283E-04  6.668659E-04
201040 -2.561377E-04 -6.195188E-04
201041  6.633282E-04 -6.284947E-05
201042  3.011982E-04  5.759584E-04
201043 -2.347069E-06  6.422110E-04
201044  1.634908E-04  6.187117E-04
201045  6.089305E-04  1.836924E-04
201046  3.910622E-05 -6.275628E-04
201047 -3.614503E-04  4.993615E-04
201048  1.926001E-04 -5.977008E-04
201049  3.874958E-04  4.471625E-04
201050 -3.291908E-04  5.245449E-04
201051 -5.226165E-04  3.609919E-04
201052 -3.291499E-04  5.396273E-04
201053  4.010170E-04  4.728551E-04
201054  2.235495E-04 -5.745178E-04
201055 -3.268322E-04  5.060035E-04
201056  6.243110E-05 -6.367222E-04
201057  6.180931E-04  1.749853E-04
201058  1.630529E-04  6.243485E-04
201059 -8.456385E-06  6.592127E-04
201060  2.932009E-04  5.891633E-04
201061  6.588590E-04 -6.450593E-05
201062 -2.546029E-04 -6.326978E-04
201063 -1.525838E-04  6.551529E-04
201064  1.550682E-04 -6.739427E-04
201065  2.423857E-04  6.762085E-04
201066 -7.175397E-04 -7.356020E-05
201067  6.753157E-05 -7.367378E-04
201068  7.105194E-04 -2.750756E-04
201069  7.258641E-04  2.833108E-04
201070  5.429698E-04  5.787538E-04
201071  4.131534E-04  6.982813E-04
201072  3.934560E-04  7.477658E-04
201073  4.515208E-04  7.693320E-04
201074  5.004757E-04  7.808413E-04
201075  4.315865E-04  8.248487E-04
201076  1.182146E-04  9.155407E-04
201077 -5.464269E-04  7.896148E-04
201078 -1.023215E-03 -2.087644E-04
201079  3.848939E-04 -9.914683E-04
201080  1.708714E-04  1.039357E-03
201081 -1.030449E-03  2.290205E-04
201082  1.486714E-04  1.081394E-03
201083  4.430619E-04  1.024794E-03
201084 -6.513804E-04  9.234037E-04
201085 -1.046948E-04 -1.133377E-03
201086 -7.394766E-04  8.743482E-04
201087  8.235753E-05  1.165185E-03
201088 -7.571429E-04  8.669707E-04
201089 -1.106882E-04 -1.141433E-03
201090 -6.379024E-04  9.144698E-04
201091  4.522975E-04  1.016525E-03
201092  1.424374E-04  1.084314E-03
201093 -1.034920E-03  2.448089E-04
201094  6.778708E-04 -7.734387E-04
201095 -8.597185E-04  5.071479E-04
201096  8.423716E-04  4.793947E-04
201097  5.778458E-04 -7.572111E-04
201098 -2.632597E-04 -8.843568E-04
201099 -6.801696E-04 -5.772038E-04
201100 -8.023031E-04 -3.120319E-04
201101 -8.210697E-04 -1.426774E-04
201102 -8.134884E-04 -9.841702E-06
201103 -7.825539E-04  1.538325E-04
201104 -6.674291E-04  3.941688E-04
201105 -3.348915E-04  6.639817E-04
201106  2.941877E-04  6.627832E-04
201107  7.262689E-04 -4.871191E-05
201108 -7.913651E-05 -6.992795E-04
201109 -5.340442E-04  4.305316E-04
201110  6.665958E-04 -1.080189E-04
201111 -6.534988E-04  1.495601E-04
201112  4.059939E-04 -5.115772E-04
201113  3.886184E-04  5.164899E-04
201114 -3.061852E-04  5.532907E-04
201115 -5.122255E-04  3.614478E-04
201116 -3.854848E-04  4.902203E-04
201117  2.272183E-04  5.766358E-04
201118  4.962324E-04 -3.590039E-04
201119 -6.143056E-04  4.319046E-05
201120  5.516815E-04 -2.230559E-04
201121 -9.671642E-05  5.887554E-04
201122 -6.077850E-04  1.108689E-04
201123 -6.079491E-04 -1.333207E-04
201124 -6.075045E-04  1.261432E-04
201125 -8.325072E-05  6.165550E-04
201126  5.822473E-04 -1.959361E-04
201127 -5.798654E-04  5.392693E-05
201128  5.193650E-04 -3.640204E-04
201129  2.350167E-04  5.727482E-04
201130 -3.887138E-04  4.994505E-04
201131 -5.209482E-04  3.776979E-04
201132 -3.145698E-04  5.618182E-04
201133  3.866171E-04  5.107113E-04
201134  4.111169E-04 -5.247274E-04
201135 -6.483513E-04  1.412695E-04
201136  6.653701E-04 -1.053650E-04
201137 -5.403039E-04  4.403351E-04
201138 -8.699637E-05 -6.899581E-04
201139  7.180295E-04 -4.328896E-05
201140  2.894389E-04  6.666404E-04
201141 -3.326571E-04  6.674152E-04
201142 -6.657582E-04  3.916499E-04
201143 -7.930631E-04  1.438420E-04
201144 -8.310062E-04 -1.226721E-05
201145 -8.246830E-04 -1.244644E-04
201146 -7.834764E-04 -2.898116E-04
201147 -6.573247E-04 -5.800774E-04
201148 -2.594022E-04 -9.141404E-04
201149  5.607143E-04 -7.903955E-04
201150  8.168134E-04  4.582907E-04
201151 -8.830340E-04  4.928293E-04
201152  6.662687E-04 -7.906025E-04
201153 -6.573015E-05  9.901591E-04
201154  9.198441E-04  4.684272E-04
201155  9.332823E-04  4.657563E-04
201156 -1.388250E-04  1.054171E-03
201157 -4.246932E-04 -9.855341E-04
201158 -5.075027E-04  9.616939E-04
201159  2.671483E-04  1.070487E-03
201160 -5.230686E-04  9.490117E-04
201161 -4.277371E-04 -9.956480E-04
201162 -1.228245E-04  1.048606E-03
201163  9.427625E-04  4.600659E-04
201164  9.107786E-04  4.705401E-04
201165 -7.354584E-05  1.005505E-03
201166 -7.563392E-04 -6.347521E-04
201167  7.523439E-04  5.803022E-04
201168 -1.692114E-04 -9.239491E-04
201169 -8.346236E-04  3.398476E-04
201170  9.247233E-05  8.677194E-04
201171  7.235108E-04  4.545912E-04
201172  8.344926E-04 -5.561593E-05
201173  6.968810E-04 -4.122860E-04
201174  4.478665E-04 -6.371474E-04
201175  1.054350E-04 -7.505174E-04
201176 -3.234207E-04 -6.763174E-04
201177 -6.869941E-04 -2.553154E-04
201178 -5.324733E-04  4.570929E-04
201179  3.733369E-04  5.909843E-04
201180  4.999379E-04 -4.791217E-04
201181 -6.585275E-04 -6.364113E-05
201182  5.879398E-04  3.062983E-04
201183 -6.266289E-04 -1.929977E-04
201184  5.624394E-04 -2.961199E-04
201185  1.949701E-04  5.996379E-04
201186 -4.214754E-04  4.535790E-04
201187 -5.515552E-04  2.622962E-04
201188 -4.261472E-04  4.325454E-04
201189  1.864409E-04  5.741054E-04
201190  4.877718E-04 -3.445057E-04
201191 -6.042085E-04  5.315279E-05
201192  5.298132E-04 -2.393389E-04
201193 -5.510678E-05  5.853647E-04
201194 -5.783710E-04  1.557835E-04
201195 -5.951313E-04 -8.174783E-05
201196 -5.799149E-04  1.703164E-04
201197 -4.635971E-05  6.145351E-04
201198  5.538790E-04 -2.075920E-04
201199 -5.749588E-04  6.993564E-05
201200  5.080404E-04 -3.440601E-04
201201  1.918150E-04  5.739387E-04
201202 -4.323663E-04  4.423608E-04
201203 -5.621785E-04  2.754098E-04
201204 -4.289923E-04  4.577734E-04
201205  1.960208E-04  5.926069E-04
201206  5.704742E-04 -3.062239E-04
201207 -6.212106E-04 -1.974839E-04
201208  5.836012E-04  3.095343E-04
201209 -6.690035E-04 -5.670952E-05
201210  4.899040E-04 -4.739898E-04
201211  3.650718E-04  5.924172E-04
201212 -5.378031E-04  4.583651E-04
201213 -6.865273E-04 -2.518612E-04
201214 -3.213051E-04 -6.774886E-04
201215  9.921114E-05 -7.612363E-04
201216  4.334828E-04 -6.427010E-04
201217  6.902172E-04 -3.956597E-04
201218  8.474810E-04 -3.132682E-05
201219  7.446553E-04  4.547001E-04
201220  9.968179E-05  8.389804E-04
201221 -8.473259E-04  3.061118E-04
201222 -1.921259E-04 -9.463865E-04
201223  7.299616E-04  5.636931E-04
201224 -7.664548E-04 -6.538336E-04
