Mesh2HRTF 1.0.0-dev
    1
    1  1225
200000  8.448159E-04  8.073093E-04
200001 -3.638078E-04 -1.149932E-03
200002 -3.208888E-04 -1.162269E-03
200003 -1.902639E-04 -1.189617E-03
200004  3.006359E-05 -1.202874E-03
200005  3.317589E-04 -1.154922E-03
200006  6.809297E-04 -9.885188E-04
200007  1.004521E-03 -6.562790E-04
200008  1.190579E-03 -1.540188E-04
200009  1.116986E-03  4.429852E-04
200010  7.138457E-04  9.666455E-04
200011  3.901175E-05  1.197483E-03
200012 -6.850604E-04  9.715329E-04
200013 -1.131510E-03  3.113695E-04
200014 -1.036626E-03 -5.121060E-04
200015 -3.927755E-04 -1.074060E-03
200016  4.801117E-04 -1.036096E-03
200017  1.083791E-03 -3.880158E-04
200018  1.049818E-03  5.013744E-04
200019  3.942899E-04  1.098743E-03
200020 -4.813988E-04  1.050829E-03
200021 -1.054804E-03  4.079930E-04
200022 -1.015288E-03 -4.319276E-04
200023 -4.282915E-04 -9.979580E-04
200024  3.561713E-04 -1.025696E-03
200025  9.448855E-04 -5.624183E-04
200026  1.110679E-03  1.259969E-04
200027  8.571542E-04  7.377810E-04
200028  3.490213E-04  1.079043E-03
200029 -2.084214E-04  1.107809E-03
200030 -6.620844E-04  8.954255E-04
200031 -9.450645E-04  5.576801E-04
200032 -1.063375E-03  1.990610E-04
200033 -1.063142E-03 -1.132223E-04
200034 -1.000461E-03 -3.500339E-04
200035 -9.232772E-04 -5.083140E-04
200036 -8.647400E-04 -5.968135E-04
200037 -8.432921E-04 -6.250319E-04
200038 -8.647402E-04 -5.968139E-04
200039 -9.232775E-04 -5.083147E-04
200040 -1.000461E-03 -3.500349E-04
200041 -1.063143E-03 -1.132235E-04
200042 -1.063375E-03  1.990597E-04
200043 -9.450642E-04  5.576788E-04
200044 -6.620836E-04  8.954244E-04
200045 -2.084199E-04  1.107808E-03
200046  3.490237E-04  1.079042E-03
200047  8.571577E-04  7.377812E-04
200048  1.110684E-03  1.259978E-04
200049  9.448916E-04 -5.624166E-04
200050  3.561789E-04 -1.025693E-03
200051 -4.282825E-04 -9.979544E-04
200052 -1.015277E-03 -4.319231E-04
200053 -1.054792E-03  4.079985E-04
200054 -4.813854E-04  1.050835E-03
200055  3.943046E-04  1.098750E-03
200056  1.049833E-03  5.013824E-04
200057  1.083807E-03 -3.880071E-04
200058  4.801291E-04 -1.036087E-03
200059 -3.927575E-04 -1.074050E-03
200060 -1.036607E-03 -5.120962E-04
200061 -1.131492E-03  3.113794E-04
200062 -6.850426E-04  9.715427E-04
200063  3.902892E-05  1.197493E-03
200064  7.138620E-04  9.666546E-04
200065  1.117001E-03  4.429936E-04
200066  1.190593E-03 -1.540110E-04
200067  1.004533E-03 -6.562721E-04
200068  6.809402E-04 -9.885129E-04
200069  3.317675E-04 -1.154917E-03
200070  3.007016E-05 -1.202870E-03
200071 -1.902594E-04 -1.189615E-03
200072 -3.208866E-04 -1.162267E-03
200073 -9.112665E-04  8.970300E-04
200074 -9.785564E-04  8.234654E-04
200075 -1.142780E-03  5.759189E-04
200076 -1.276441E-03  1.060407E-04
200077 -1.155345E-03 -5.535275E-04
200078 -5.610712E-04 -1.147843E-03
200079  4.338954E-04 -1.190939E-03
200080  1.200568E-03 -3.540782E-04
200081  8.871425E-04  8.618640E-04
200082 -4.395184E-04  1.147424E-03
200083 -1.221147E-03 -6.275623E-05
200084 -2.183647E-04 -1.191886E-03
200085  1.132298E-03 -3.993436E-04
200086  5.103316E-04  1.079252E-03
200087 -1.031397E-03  5.679548E-04
200088 -5.713127E-04 -1.001361E-03
200089  1.007784E-03 -5.554761E-04
200090  5.626486E-04  1.015112E-03
200091 -9.823588E-04  5.679027E-04
200092 -5.435503E-04 -9.491555E-04
200093  9.524780E-04 -5.540620E-04
200094  6.543905E-04  9.203498E-04
200095 -7.874131E-04  7.758865E-04
200096 -8.562707E-04 -6.105788E-04
200097  4.215888E-04 -9.526846E-04
200098  1.070033E-03  1.158133E-04
200099  3.505155E-04  1.037065E-03
200100 -7.062865E-04  8.062714E-04
200101 -1.023338E-03 -1.296678E-04
200102 -5.199494E-04 -8.607516E-04
200103  2.528188E-04 -9.712019E-04
200104  8.136285E-04 -6.069920E-04
200105  1.023501E-03 -9.528494E-05
200106  9.802241E-04  3.368393E-04
200107  8.389143E-04  6.157143E-04
200108  7.150865E-04  7.579959E-04
200109  6.681324E-04  8.000794E-04
200110  7.150831E-04  7.579931E-04
200111  8.389076E-04  6.157090E-04
200112  9.802146E-04  3.368317E-04
200113  1.023490E-03 -9.529440E-05
200114  8.136154E-04 -6.070028E-04
200115  2.528052E-04 -9.712135E-04
200116 -5.199627E-04 -8.607632E-04
200117 -1.023350E-03 -1.296789E-04
200118 -7.062963E-04  8.062614E-04
200119  3.505088E-04  1.037057E-03
200120  1.070030E-03  1.158074E-04
200121  4.215903E-04 -9.526878E-04
200122 -8.562644E-04 -6.105791E-04
200123 -7.874017E-04  7.758895E-04
200124  6.544071E-04  9.203560E-04
200125  9.524997E-04 -5.540525E-04
200126 -5.435236E-04 -9.491429E-04
200127 -9.823276E-04  5.679181E-04
200128  5.626837E-04  1.015130E-03
200129  1.007822E-03 -5.554559E-04
200130 -5.712717E-04 -1.001339E-03
200131 -1.031354E-03  5.679778E-04
200132  5.103754E-04  1.079275E-03
200133  1.132342E-03 -3.993198E-04
200134 -2.183215E-04 -1.191863E-03
200135 -1.221106E-03 -6.273360E-05
200136 -4.394790E-04  1.147446E-03
200137  8.871790E-04  8.618838E-04
200138  1.200601E-03 -3.540603E-04
200139  4.339246E-04 -1.190923E-03
200140 -5.610464E-04 -1.147830E-03
200141 -1.155325E-03 -5.535167E-04
200142 -1.276426E-03  1.060489E-04
200143 -1.142769E-03  5.759244E-04
200144 -9.785512E-04  8.234682E-04
200145  6.567045E-04  1.165115E-03
200146  5.066905E-04  1.236196E-03
200147  2.388362E-05  1.333306E-03
200148 -7.463366E-04  1.106511E-03
200149 -1.329055E-03  1.873052E-04
200150 -8.314182E-04 -1.059100E-03
200151  7.278106E-04 -1.109781E-03
200152  1.150839E-03  5.784553E-04
200153 -6.614712E-04  1.089521E-03
200154 -9.336618E-04 -8.829958E-04
200155  1.115447E-03 -5.778472E-04
200156 -1.080192E-05  1.222989E-03
200157 -1.023915E-03 -6.736583E-04
200158  1.127222E-03 -4.156242E-04
200159 -4.147767E-04  1.103133E-03
200160 -5.238394E-04 -1.038964E-03
200161  1.100370E-03  3.391442E-04
200162 -9.821273E-04  5.617018E-04
200163  2.693398E-04 -1.067714E-03
200164  6.416837E-04  9.169338E-04
200165 -1.074548E-03 -3.118754E-05
200166  6.615303E-04 -8.182978E-04
200167  4.078260E-04  1.011722E-03
200168 -1.034511E-03 -1.699942E-05
200169  3.971463E-04 -9.201838E-04
200170  8.459576E-04  6.216666E-04
200171 -6.538575E-04  8.041466E-04
200172 -7.794538E-04 -5.972195E-04
200173  4.831193E-04 -8.455927E-04
200174  9.722391E-04  2.026817E-04
200175  2.775232E-04  9.575171E-04
200176 -5.965390E-04  7.879190E-04
200177 -9.715958E-04  1.457631E-04
200178 -8.815952E-04 -4.331329E-04
200179 -6.201702E-04 -7.634078E-04
200180 -4.047733E-04 -8.970653E-04
200181 -3.262608E-04 -9.285714E-04
200182 -4.047824E-04 -8.970714E-04
200183 -6.201878E-04 -7.634195E-04
200184 -8.816203E-04 -4.331496E-04
200185 -9.716268E-04  1.457424E-04
200186 -5.965741E-04  7.878954E-04
200187  2.774861E-04  9.574919E-04
200188  9.722021E-04  2.026563E-04
200189  4.830847E-04 -8.456170E-04
200190 -7.794841E-04 -5.972414E-04
200191 -6.538817E-04  8.041281E-04
200192  8.459410E-04  6.216525E-04
200193  3.971384E-04 -9.201929E-04
200194 -1.034510E-03 -1.700291E-05
200195  4.078375E-04  1.011725E-03
200196  6.615518E-04 -8.182897E-04
200197 -1.074517E-03 -3.117386E-05
200198  6.417239E-04  9.169527E-04
200199  2.693882E-04 -1.067691E-03
200200 -9.820718E-04  5.617295E-04
200201  1.100431E-03  3.391752E-04
200202 -5.237737E-04 -1.038931E-03
200203 -4.147082E-04  1.103168E-03
200204  1.127292E-03 -4.155888E-04
200205 -1.023846E-03 -6.736233E-04
200206 -1.073445E-05  1.223023E-03
200207  1.115512E-03 -5.778153E-04
200208 -9.336020E-04 -8.829663E-04
200209 -6.614168E-04  1.089547E-03
200210  1.150887E-03  5.784787E-04
200211  7.278523E-04 -1.109761E-03
200212 -8.313834E-04 -1.059083E-03
200213 -1.329027E-03  1.873182E-04
200214 -7.463159E-04  1.106520E-03
200215  2.389732E-05  1.333312E-03
200216  5.066973E-04  1.236199E-03
200217  1.069946E-03  9.261611E-04
200218  8.939577E-04  1.093251E-03
200219  2.407376E-04  1.385269E-03
200220 -8.754376E-04  1.097470E-03
200221 -1.362255E-03 -3.588296E-04
200222  1.768703E-04 -1.387503E-03
200223  1.299331E-03  3.819785E-04
200224 -8.895334E-04  9.961801E-04
200225 -2.756319E-04 -1.314272E-03
200226  1.031421E-03  7.637905E-04
200227 -1.275659E-03 -1.482902E-04
200228  1.190726E-03 -3.878080E-04
200229 -1.030273E-03  6.571376E-04
200230  8.544681E-04 -8.593990E-04
200231 -7.284100E-04  9.169616E-04
200232  6.195372E-04 -9.857054E-04
200233 -5.263983E-04  9.996749E-04
200234  4.224174E-04 -1.030658E-03
200235 -2.753576E-04  1.062852E-03
200236  8.635834E-05 -1.057966E-03
200237  1.964149E-04  1.057658E-03
200238 -5.150978E-04 -8.719725E-04
200239  8.584248E-04  5.990055E-04
200240 -1.000472E-03  2.222792E-05
200241  7.665743E-04 -6.051165E-04
200242 -2.850681E-06  1.017891E-03
200243 -8.235383E-04 -4.799590E-04
200244  7.697510E-04 -5.482243E-04
200245  4.027538E-04  8.754462E-04
200246 -8.656549E-04  4.016279E-04
200247 -5.621791E-04 -7.716253E-04
200248  4.730330E-04 -8.178143E-04
200249  9.042180E-04 -8.054608E-05
200250  6.704351E-04  5.536970E-04
200251  2.509127E-04  8.138962E-04
200252 -4.857500E-05  8.487710E-04
200253 -1.494802E-04  8.383785E-04
200254 -4.859050E-05  8.487625E-04
200255  2.508828E-04  8.138798E-04
200256  6.703927E-04  5.536738E-04
200257  9.041659E-04 -8.057462E-05
200258  4.729746E-04 -8.178463E-04
200259 -5.622402E-04 -7.716588E-04
200260 -8.657151E-04  4.015949E-04
200261  4.026979E-04  8.754155E-04
200262  7.697024E-04 -5.482511E-04
200263 -8.235770E-04 -4.799807E-04
200264 -2.877716E-06  1.017875E-03
200265  7.665603E-04 -6.051256E-04
200266 -1.000472E-03  2.222572E-05
200267  8.584382E-04  5.990102E-04
200268 -5.150709E-04 -8.719610E-04
200269  1.964547E-04  1.057675E-03
200270  8.641007E-05 -1.057942E-03
200271 -2.752953E-04  1.062880E-03
200272  4.224887E-04 -1.030625E-03
200273 -5.263198E-04  9.997113E-04
200274  6.196210E-04 -9.856667E-04
200275 -7.283231E-04  9.170014E-04
200276  8.545558E-04 -8.593593E-04
200277 -1.030187E-03  6.571762E-04
200278  1.190809E-03 -3.877717E-04
200279 -1.275582E-03 -1.482570E-04
200280  1.031491E-03  7.638200E-04
200281 -2.755701E-04 -1.314246E-03
200282 -8.894805E-04  9.962014E-04
200283  1.299375E-03  3.819956E-04
200284  1.769051E-04 -1.387489E-03
200285 -1.362228E-03 -3.588197E-04
200286 -8.754187E-04  1.097476E-03
200287  2.407497E-04  1.385273E-03
200288  8.939635E-04  1.093253E-03
200289  4.272017E-05  1.490117E-03
200290 -2.832600E-04  1.461037E-03
200291 -1.110931E-03  9.803108E-04
200292 -1.380171E-03 -5.129687E-04
200293  3.804473E-04 -1.405766E-03
200294  1.210528E-03  7.513328E-04
200295 -1.312793E-03  5.009701E-04
200296  7.578122E-04 -1.160215E-03
200297 -3.357218E-04  1.295423E-03
200298  1.959083E-04 -1.319169E-03
200299 -3.355873E-04  1.229332E-03
200300  6.314268E-04 -1.103231E-03
200301 -9.908278E-04  7.144697E-04
200302  1.180038E-03 -1.939340E-04
200303 -1.079064E-03 -4.810678E-04
200304  6.237633E-04  9.382155E-04
200305 -2.111999E-06 -1.128910E-03
200306 -5.740014E-04  9.193168E-04
200307  9.299102E-04 -5.302563E-04
200308 -1.037200E-03  1.008560E-04
200309  1.002769E-03  2.470097E-04
200310 -9.038725E-04 -4.085172E-04
200311  8.697321E-04  5.075881E-04
200312 -8.786513E-04 -3.695375E-04
200313  9.473694E-04  2.005230E-04
200314 -9.092601E-04  2.782382E-04
200315  5.842936E-04 -6.933520E-04
200316  1.366708E-04  9.302622E-04
200317 -8.626935E-04 -3.161291E-04
200318  5.327243E-04 -7.270639E-04
200319  6.521211E-04  5.525510E-04
200320 -4.826466E-04  7.054689E-04
200321 -9.127586E-04 -1.802972E-04
200322 -5.098896E-04 -8.480260E-04
200323  2.540879E-05 -9.966736E-04
200324  3.469473E-04 -9.163824E-04
200325  4.433002E-04 -8.629433E-04
200326  3.469266E-04 -9.163912E-04
200327  2.536904E-05 -9.966903E-04
200328 -5.099454E-04 -8.480493E-04
200329 -9.128261E-04 -1.803251E-04
200330 -4.827210E-04  7.054387E-04
200331  6.520451E-04  5.525209E-04
200332  5.326515E-04 -7.270919E-04
200333 -8.627589E-04 -3.161532E-04
200334  1.366163E-04  9.302433E-04
200335  5.842524E-04 -6.933649E-04
200336 -9.092865E-04  2.782315E-04
200337  9.473584E-04  2.005225E-04
200338 -8.786471E-04 -3.695322E-04
200339  8.697510E-04  5.075988E-04
200340 -9.038398E-04 -4.085016E-04
200341  1.002815E-03  2.470298E-04
200342 -1.037143E-03  1.008803E-04
200343  9.299775E-04 -5.302283E-04
200344 -5.739253E-04  9.193480E-04
200345 -2.028640E-06 -1.128876E-03
200346  6.238519E-04  9.382508E-04
200347 -1.078972E-03 -4.810319E-04
200348  1.180130E-03 -1.938985E-04
200349 -9.907380E-04  7.145035E-04
200350  6.315117E-04 -1.103200E-03
200351 -3.355098E-04  1.229359E-03
200352  1.959763E-04 -1.319146E-03
200353 -3.356648E-04  1.295441E-03
200354  7.578578E-04 -1.160201E-03
200355 -1.312759E-03  5.009803E-04
200356  1.210552E-03  7.513396E-04
200357  3.804629E-04 -1.405762E-03
200358 -1.380162E-03 -5.129664E-04
200359 -1.110926E-03  9.803119E-04
200360 -2.832581E-04  1.461038E-03
200361 -1.277101E-03 -8.577447E-04
200362 -9.985038E-04 -1.164325E-03
200363  1.476063E-04 -1.516928E-03
200364  1.498112E-03 -2.329343E-04
200365 -1.116197E-04  1.492631E-03
200366 -1.052457E-03 -1.012067E-03
200367  1.371859E-03  4.230078E-04
200368 -1.371025E-03 -2.762736E-04
200369  1.246615E-03  5.501810E-04
200370 -8.165469E-04 -1.053835E-03
200371 -7.268702E-05  1.280072E-03
200372  1.015202E-03 -7.435977E-04
200373 -1.125808E-03 -4.939967E-04
200374  4.915305E-05  1.168153E-03
200375  1.035900E-03 -5.110603E-04
200376 -8.262110E-04 -7.812001E-04
200377 -3.836794E-04  1.007481E-03
200378  1.059037E-03 -1.036728E-04
200379 -5.838730E-04 -8.699422E-04
200380 -3.573951E-04  9.442130E-04
200381  9.287379E-04 -3.593530E-04
200382 -9.178339E-04 -2.954611E-04
200383  6.362084E-04  7.340720E-04
200384 -3.379670E-04 -8.444647E-04
200385  2.094699E-04  9.296348E-04
200386 -2.571676E-04 -8.343871E-04
200387  4.835787E-04  7.804588E-04
200388 -7.956113E-04 -3.767123E-04
200389  8.171885E-04 -2.564928E-04
200390 -2.226337E-04  8.209774E-04
200391 -7.748132E-04 -4.655501E-04
200392  3.817229E-04 -8.205713E-04
200393  7.793664E-04  8.428304E-05
200394  2.189206E-04  6.522987E-04
200395 -3.799929E-04  6.001306E-04
200396 -6.759440E-04  3.714357E-04
200397 -7.506947E-04  2.692343E-04
200398 -6.759672E-04  3.714292E-04
200399 -3.800372E-04  6.001184E-04
200400  2.188595E-04  6.522824E-04
200401  7.792941E-04  8.426487E-05
200402  3.816457E-04 -8.205891E-04
200403 -7.748889E-04 -4.655653E-04
200404 -2.227024E-04  8.209666E-04
200405  8.171313E-04 -2.564981E-04
200406 -7.956542E-04 -3.767117E-04
200407  4.835514E-04  7.804650E-04
200408 -2.571793E-04 -8.343762E-04
200409  2.094728E-04  9.296493E-04
200410 -3.379512E-04 -8.444479E-04
200411  6.362353E-04  7.340901E-04
200412 -9.177974E-04 -2.954423E-04
200413  9.287828E-04 -3.593338E-04
200414 -3.573425E-04  9.442329E-04
200415 -5.838133E-04 -8.699214E-04
200416  1.059103E-03 -1.036508E-04
200417 -3.836072E-04  1.007505E-03
200418 -8.261338E-04 -7.811755E-04
200419  1.035980E-03 -5.110350E-04
200420  4.923445E-05  1.168178E-03
200421 -1.125728E-03 -4.939727E-04
200422  1.015277E-03 -7.435759E-04
200423 -7.262028E-05  1.280091E-03
200424 -8.164908E-04 -1.053820E-03
200425  1.246659E-03  5.501925E-04
200426 -1.370995E-03 -2.762657E-04
200427  1.371876E-03  4.230125E-04
200428 -1.052451E-03 -1.012065E-03
200429 -1.116213E-04  1.492632E-03
200430  1.498106E-03 -2.329347E-04
200431  1.475999E-04 -1.516929E-03
200432 -9.985078E-04 -1.164325E-03
200433  5.767268E-04  1.485781E-03
200434  9.149009E-05  1.586014E-03
200435 -1.202817E-03  1.003442E-03
200436 -1.007773E-03 -1.149584E-03
200437  1.495746E-03 -2.613114E-04
200438 -1.133045E-03  9.586259E-04
200439  1.074972E-03 -9.630866E-04
200440 -1.306477E-03  5.134757E-04
200441  1.283118E-03  4.796002E-04
200442 -2.549534E-04 -1.295313E-03
200443 -1.120211E-03  6.217437E-04
200444  7.315947E-04  9.986195E-04
200445  9.746990E-04 -7.054691E-04
200446 -5.843219E-04 -1.019002E-03
200447 -1.055747E-03  4.026267E-04
200448  2.374380E-04  1.055272E-03
200449  1.055528E-03 -1.213334E-04
200450 -4.275232E-05 -1.050767E-03
200451 -1.006969E-03  5.557795E-05
200452  2.160916E-04  9.478290E-04
200453  8.386569E-04 -4.798278E-04
200454 -7.740662E-04 -5.255191E-04
200455  5.403085E-05  9.278841E-04
200456  5.586379E-04 -6.921624E-04
200457 -8.087483E-04  3.843483E-04
200458  8.598449E-04 -1.046136E-04
200459 -8.526386E-04  1.650805E-04
200460  7.658736E-04 -3.148281E-04
200461 -5.024688E-04  6.897425E-04
200462 -1.833654E-04 -8.266568E-04
200463  7.642213E-04  1.639839E-04
200464 -3.662301E-04  6.563488E-04
200465 -8.193978E-04 -3.443787E-04
200466 -1.955448E-04 -9.556144E-04
200467  4.088835E-04 -8.534277E-04
200468  6.558890E-04 -5.874153E-04
200469  7.043705E-04 -4.767760E-04
200470  6.558664E-04 -5.874179E-04
200471  4.088409E-04 -8.534321E-04
200472 -1.956020E-04 -9.556192E-04
200473 -8.194630E-04 -3.443819E-04
200474 -3.662959E-04  6.563492E-04
200475  7.641618E-04  1.639896E-04
200476 -1.834130E-04 -8.266447E-04
200477 -5.025008E-04  6.897611E-04
200478  7.658585E-04 -3.148035E-04
200479 -8.526376E-04  1.651094E-04
200480  8.598594E-04 -1.045827E-04
200481 -8.087236E-04  3.843789E-04
200482  5.586692E-04 -6.921342E-04
200483  5.406569E-05  9.279083E-04
200484 -7.740299E-04 -5.254995E-04
200485  8.386938E-04 -4.798126E-04
200486  2.161294E-04  9.478407E-04
200487 -1.006929E-03  5.558754E-05
200488 -4.270947E-05 -1.050758E-03
200489  1.055575E-03 -1.213239E-04
200490  2.374900E-04  1.055283E-03
200491 -1.055691E-03  4.026390E-04
200492 -5.842627E-04 -1.018988E-03
200493  9.747585E-04 -7.054551E-04
200494  7.316513E-04  9.986332E-04
200495 -1.120161E-03  6.217563E-04
200496 -2.549136E-04 -1.295302E-03
200497  1.283145E-03  4.796093E-04
200498 -1.306464E-03  5.134828E-04
200499  1.074971E-03 -9.630813E-04
200500 -1.133058E-03  9.586299E-04
200501  1.495726E-03 -2.613085E-04
200502 -1.007795E-03 -1.149582E-03
200503 -1.202835E-03  1.003443E-03
200504  9.147960E-05  1.586015E-03
200505  1.504992E-03  5.436192E-04
200506  1.221865E-03  1.030172E-03
200507 -2.837577E-04  1.557372E-03
200508 -1.449125E-03 -5.175730E-04
200509  1.389970E-03 -6.117578E-04
200510 -1.200530E-03  8.696651E-04
200511  1.385031E-03 -4.066244E-04
200512 -1.233072E-03 -6.322014E-04
200513 -7.898142E-05  1.358416E-03
200514  1.309890E-03 -4.102928E-05
200515  1.457508E-04 -1.247572E-03
200516 -1.093433E-03 -5.330580E-04
200517 -9.491199E-04  7.008117E-04
200518  7.807105E-05  1.135015E-03
200519  9.457022E-04  5.552606E-04
200520  9.620248E-04 -4.604554E-04
200521  1.195386E-04 -1.037753E-03
200522 -8.311774E-04 -5.812091E-04
200523 -8.092137E-04  5.334657E-04
200524  3.350762E-04  8.753946E-04
200525  8.933135E-04 -2.731743E-04
200526 -3.450664E-04 -8.457353E-04
200527 -6.692160E-04  5.786833E-04
200528  8.285445E-04  2.802769E-04
200529 -3.862508E-04 -7.399701E-04
200530 -4.664005E-05  8.669911E-04
200531  2.426856E-04 -7.539329E-04
200532 -2.248862E-04  8.157977E-04
200533 -6.472358E-05 -7.839303E-04
200534  4.972494E-04  6.009327E-04
200535 -8.076137E-04  3.406961E-05
200536  1.256687E-04 -8.438992E-04
200537  7.322125E-04  9.757315E-07
200538  1.263997E-04  5.898345E-04
200539 -5.028253E-04  4.167014E-04
200540 -7.476494E-04  8.574068E-05
200541 -7.904034E-04 -4.738089E-05
200542 -7.476688E-04  8.574226E-05
200543 -5.028608E-04  4.167052E-04
200544  1.263538E-04  5.898415E-04
200545  7.321637E-04  9.873957E-07
200546  1.256249E-04 -8.438815E-04
200547 -8.076456E-04  3.409442E-05
200548  4.972344E-04  6.009650E-04
200549 -6.471965E-05 -7.838910E-04
200550 -2.248642E-04  8.158422E-04
200551  2.427221E-04 -7.538857E-04
200552 -4.659428E-05  8.670378E-04
200553 -3.862019E-04 -7.399274E-04
200554  8.285910E-04  2.803128E-04
200555 -6.691761E-04  5.787106E-04
200556 -3.450353E-04 -8.457172E-04
200557  8.933358E-04 -2.731647E-04
200558  3.350917E-04  8.753974E-04
200559 -8.092021E-04  5.334642E-04
200560 -8.311661E-04 -5.812125E-04
200561  1.195528E-04 -1.037756E-03
200562  9.620443E-04 -4.604567E-04
200563  9.457280E-04  5.552622E-04
200564  7.810265E-05  1.135019E-03
200565 -9.490845E-04  7.008189E-04
200566 -1.093398E-03 -5.330486E-04
200567  1.457831E-04 -1.247561E-03
200568  1.309914E-03 -4.101731E-05
200569 -7.896897E-05  1.358429E-03
200570 -1.233074E-03 -6.321885E-04
200571  1.385015E-03 -4.066114E-04
200572 -1.200558E-03  8.696776E-04
200573  1.389935E-03 -6.117464E-04
200574 -1.449161E-03 -5.175634E-04
200575 -2.837865E-04  1.557379E-03
200576  1.221849E-03  1.030175E-03
200577  5.738662E-04  1.479355E-03
200578 -2.667843E-05  1.580906E-03
200579 -1.434442E-03  6.094646E-04
200580 -1.128471E-04 -1.521038E-03
200581  9.004017E-04  1.212684E-03
200582 -7.928711E-04 -1.215121E-03
200583 -4.832838E-05  1.427162E-03
200584  1.250321E-03 -5.704415E-04
200585 -6.380282E-04 -1.149399E-03
200586 -1.235880E-03  3.217851E-04
200587 -3.320804E-04  1.196393E-03
200588  6.504867E-04  1.005658E-03
200589  1.103195E-03  3.234363E-04
200590  1.037869E-03 -3.772328E-04
200591  6.187098E-04 -8.679250E-04
200592  7.596226E-06 -1.034696E-03
200593 -6.093159E-04 -8.016152E-04
200594 -9.594951E-04 -1.756681E-04
200595 -7.266081E-04  5.921033E-04
200596  1.293392E-04  8.951558E-04
200597  8.734806E-04  1.946958E-04
200598  3.559707E-04 -8.159241E-04
200599 -7.962858E-04 -3.194252E-04
200600 -6.922446E-05  8.361353E-04
200601  7.346429E-04 -3.564923E-04
200602 -7.793567E-04 -2.006770E-04
200603  5.847832E-04  5.663580E-04
200604 -5.033818E-04 -5.730389E-04
200605  5.721918E-04  5.372757E-04
200606 -7.588444E-04 -1.640033E-04
200607  6.088830E-04 -4.500651E-04
200608  1.304183E-04  6.764836E-04
200609 -7.619925E-04  8.770297E-06
200610 -3.544803E-04 -8.138754E-04
200611  2.925030E-04 -8.494680E-04
200612  5.879712E-04 -6.088840E-04
200613  6.491595E-04 -4.983826E-04
200614  5.879569E-04 -6.088792E-04
200615  2.924778E-04 -8.494581E-04
200616 -3.545105E-04 -8.138598E-04
200617 -7.620199E-04  8.792118E-06
200618  1.304015E-04  6.765124E-04
200619  6.088831E-04 -4.500288E-04
200620 -7.588235E-04 -1.639596E-04
200621  5.722337E-04  5.373259E-04
200622 -5.033223E-04 -5.729842E-04
200623  5.848541E-04  5.664142E-04
200624 -7.792824E-04 -2.006230E-04
200625  7.347123E-04 -3.564444E-04
200626 -6.916711E-05  8.361740E-04
200627 -7.962453E-04 -3.193979E-04
200628  3.559924E-04 -8.159086E-04
200629  8.734849E-04  1.947005E-04
200630  1.293298E-04  8.951520E-04
200631 -7.266261E-04  5.920940E-04
200632 -9.595160E-04 -1.756797E-04
200633 -6.093346E-04 -8.016264E-04
200634  7.583827E-06 -1.034704E-03
200635  6.187059E-04 -8.679297E-04
200636  1.037874E-03 -3.772329E-04
200637  1.103207E-03  3.234409E-04
200638  6.505039E-04  1.005667E-03
200639 -3.320630E-04  1.196406E-03
200640 -1.235868E-03  3.218023E-04
200641 -6.380250E-04 -1.149379E-03
200642  1.250311E-03 -5.704184E-04
200643 -4.835255E-05  1.427187E-03
200644 -7.929077E-04 -1.215096E-03
200645  9.003576E-04  1.212708E-03
200646 -1.128912E-04 -1.521018E-03
200647 -1.434477E-03  6.094798E-04
200648 -2.669832E-05  1.580914E-03
200649 -1.280849E-03 -8.657337E-04
200650 -8.238459E-04 -1.301005E-03
200651  9.347254E-04 -1.202459E-03
200652  6.905274E-04  1.332415E-03
200653 -1.138153E-03 -9.177519E-04
200654  8.607950E-04  1.143522E-03
200655  2.556789E-04 -1.354341E-03
200656 -1.330807E-03  8.116752E-05
200657 -1.592265E-04  1.287109E-03
200658  9.905851E-04  7.649455E-04
200659  1.192575E-03 -1.328670E-04
200660  8.926238E-04 -7.242732E-04
200661  4.855615E-04 -9.910982E-04
200662  1.105316E-04 -1.057333E-03
200663 -2.192505E-04 -1.003980E-03
200664 -5.183917E-04 -8.512933E-04
200665 -7.778515E-04 -5.775333E-04
200666 -9.284027E-04 -1.527112E-04
200667 -8.225144E-04  3.877673E-04
200668 -3.077642E-04  8.199100E-04
200669  4.897811E-04  6.987822E-04
200670  8.321257E-04 -1.796450E-04
200671 -1.574128E-05 -8.421378E-04
200672 -8.063432E-04  7.555784E-05
200673  3.497542E-04  7.157390E-04
200674  3.458162E-04 -6.807391E-04
200675 -6.834541E-04  3.880346E-04
200676  7.374813E-04 -1.063332E-04
200677 -7.359956E-04  1.950244E-04
200678  6.052889E-04 -3.920647E-04
200679 -1.938432E-04  7.029590E-04
200680 -5.442933E-04 -5.300930E-04
200681  5.364977E-04 -5.453662E-04
200682  5.686614E-04  2.959252E-04
200683 -1.425159E-05  5.588956E-04
200684 -4.003957E-04  4.224211E-04
200685 -5.072671E-04  3.305883E-04
200686 -4.004044E-04  4.224277E-04
200687 -1.426571E-05  5.589085E-04
200688  5.686478E-04  2.959445E-04
200689  5.364919E-04 -5.453406E-04
200690 -5.442841E-04 -5.300610E-04
200691 -1.938135E-04  7.029974E-04
200692  6.053414E-04 -3.920200E-04
200693 -7.359218E-04  1.950747E-04
200694  7.375711E-04 -1.062790E-04
200695 -6.833570E-04  3.880900E-04
200696  3.459108E-04 -6.806862E-04
200697  3.498363E-04  7.157856E-04
200698 -8.062815E-04  7.559481E-05
200699 -1.570475E-05 -8.421126E-04
200700  8.321359E-04 -1.796319E-04
200701  4.897677E-04  6.987841E-04
200702 -3.077959E-04  8.199033E-04
200703 -8.225574E-04  3.877550E-04
200704 -9.284498E-04 -1.527258E-04
200705 -7.778963E-04 -5.775471E-04
200706 -5.184293E-04 -8.513042E-04
200707 -2.192778E-04 -1.003986E-03
200708  1.105156E-04 -1.057334E-03
200709  4.855562E-04 -9.910931E-04
200710  8.926265E-04 -7.242619E-04
200711  1.192582E-03 -1.328495E-04
200712  9.905909E-04  7.649692E-04
200713 -1.592273E-04  1.287138E-03
200714 -1.330819E-03  8.120147E-05
200715  2.556534E-04 -1.354303E-03
200716  8.607568E-04  1.143560E-03
200717 -1.138199E-03 -9.177154E-04
200718  6.904805E-04  1.332447E-03
200719  9.346872E-04 -1.202436E-03
200720 -8.238675E-04 -1.300992E-03
200721  4.051275E-05  1.486924E-03
200722 -5.775176E-04  1.367479E-03
200723 -1.469612E-03 -1.371126E-04
200724  8.018419E-04 -1.207672E-03
200725 -3.741591E-04  1.363850E-03
200726  8.062576E-04 -1.118383E-03
200727 -1.335423E-03 -2.002801E-05
200728  9.768949E-05  1.290437E-03
200729  1.202884E-03  3.383956E-04
200730  9.964376E-04 -6.699519E-04
200731  4.379102E-04 -1.066017E-03
200732  9.430786E-06 -1.107208E-03
200733 -2.410095E-04 -1.037716E-03
200734 -3.792726E-04 -9.539611E-04
200735 -4.707475E-04 -8.722692E-04
200736 -5.616098E-04 -7.779631E-04
200737 -6.761630E-04 -6.407833E-04
200738 -8.052095E-04 -4.160447E-04
200739 -8.791332E-04 -5.788183E-05
200740 -7.435554E-04  4.162788E-04
200741 -2.278671E-04  7.895214E-04
200742  5.364749E-04  5.991499E-04
200743  7.434346E-04 -3.124318E-04
200744 -2.353675E-04 -7.605626E-04
200745 -6.732365E-04  3.728500E-04
200746  6.383796E-04  4.040530E-04
200747 -2.067341E-04 -6.916193E-04
200748 -1.080139E-04  7.568265E-04
200749  1.503215E-04 -6.706043E-04
200750  4.197502E-05  7.401132E-04
200751 -4.609900E-04 -5.294608E-04
200752  6.909952E-04 -1.220133E-04
200753 -2.658018E-05  6.418363E-04
200754 -6.871715E-04  2.631839E-05
200755 -4.810118E-04 -6.224833E-04
200756 -1.234039E-04 -8.225654E-04
200757  1.109646E-05 -8.395366E-04
200758 -1.234074E-04 -8.225587E-04
200759 -4.810158E-04 -6.224702E-04
200760 -6.871707E-04  2.633712E-05
200761 -2.656790E-05  6.418600E-04
200762  6.910252E-04 -1.219849E-04
200763 -4.609380E-04 -5.294278E-04
200764  4.205000E-05  7.401509E-04
200765  1.504164E-04 -6.705620E-04
200766 -1.079059E-04  7.568723E-04
200767 -2.066227E-04 -6.915719E-04
200768  6.384833E-04  4.040988E-04
200769 -6.731508E-04  3.728908E-04
200770 -2.353078E-04 -7.605300E-04
200771  7.434640E-04 -3.124095E-04
200772  5.364738E-04  5.991613E-04
200773 -2.278948E-04  7.895228E-04
200774 -7.436030E-04  4.162725E-04
200775 -8.791929E-04 -5.789296E-05
200776 -8.052731E-04 -4.160578E-04
200777 -6.762238E-04 -6.407956E-04
200778 -5.616626E-04 -7.779727E-04
200779 -4.707893E-04 -8.722743E-04
200780 -3.793019E-04 -9.539607E-04
200781 -2.410265E-04 -1.037709E-03
200782  9.424116E-06 -1.107194E-03
200783  4.379105E-04 -1.065996E-03
200784  9.964400E-04 -6.699231E-04
200785  1.202883E-03  3.384315E-04
200786  9.767969E-05  1.290479E-03
200787 -1.335445E-03 -1.998181E-05
200788  8.062230E-04 -1.118335E-03
200789 -3.742026E-04  1.363895E-03
200790  8.017968E-04 -1.207632E-03
200791 -1.469649E-03 -1.370834E-04
200792 -5.775388E-04  1.367494E-03
200793  1.070128E-03  9.306874E-04
200794  5.777801E-04  1.289842E-03
200795 -1.071280E-03  9.138400E-04
200796 -2.651936E-04 -1.369224E-03
200797  6.171414E-04  1.200753E-03
200798 -9.384987E-05 -1.323286E-03
200799 -1.046026E-03  7.416220E-04
200800  7.394566E-04  9.942762E-04
200801  1.171733E-03 -2.518055E-04
200802  6.364902E-04 -9.642093E-04
200803  1.063026E-04 -1.106600E-03
200804 -1.865957E-04 -1.052958E-03
200805 -2.991894E-04 -9.844207E-04
200806 -3.139959E-04 -9.394679E-04
200807 -2.931532E-04 -9.088881E-04
200808 -2.840576E-04 -8.782286E-04
200809 -3.236396E-04 -8.346680E-04
200810 -4.354764E-04 -7.549473E-04
200811 -6.148220E-04 -5.881186E-04
200812 -7.885355E-04 -2.581632E-04
200813 -7.611875E-04  2.573629E-04
200814 -2.779261E-04  7.225028E-04
200815  5.301007E-04  5.437388E-04
200816  6.352895E-04 -4.252532E-04
200817 -4.678774E-04 -5.897089E-04
200818 -3.486476E-04  6.486971E-04
200819  6.927093E-04 -1.559782E-04
200820 -6.891736E-04 -1.537203E-04
200821  6.391657E-04  3.132120E-04
200822 -6.779543E-04 -1.079840E-04
200823  6.382226E-04 -2.357330E-04
200824 -1.527267E-04  6.570655E-04
200825 -6.029766E-04 -3.293361E-04
200826  1.921111E-04 -7.080353E-04
200827  6.453794E-04 -2.768355E-04
200828  6.353869E-04  1.016072E-04
200829  5.796571E-04  2.170805E-04
200830  6.353875E-04  1.016131E-04
200831  6.453832E-04 -2.768243E-04
200832  1.921226E-04 -7.080198E-04
200833 -6.029519E-04 -3.293173E-04
200834 -1.526835E-04  6.570868E-04
200835  6.382873E-04 -2.357091E-04
200836 -6.778682E-04 -1.079570E-04
200837  6.392692E-04  3.132426E-04
200838 -6.890602E-04 -1.536862E-04
200839  6.928226E-04 -1.559417E-04
200840 -3.485454E-04  6.487334E-04
200841 -4.677963E-04 -5.896757E-04
200842  6.353422E-04 -4.252261E-04
200843  5.301216E-04  5.437578E-04
200844 -2.779363E-04  7.225131E-04
200845 -7.612241E-04  2.573652E-04
200846 -7.885913E-04 -2.581672E-04
200847 -6.148887E-04 -5.881265E-04
200848 -4.355461E-04 -7.549567E-04
200849 -3.237058E-04 -8.346768E-04
200850 -2.841158E-04 -8.782350E-04
200851 -2.932004E-04 -9.088907E-04
200852 -3.140309E-04 -9.394656E-04
200853 -2.992121E-04 -9.844125E-04
200854 -1.866075E-04 -1.052942E-03
200855  1.062994E-04 -1.106577E-03
200856  6.364913E-04 -9.641783E-04
200857  1.171733E-03 -2.517667E-04
200858  7.394506E-04  9.943216E-04
200859 -1.046042E-03  7.416721E-04
200860 -9.387805E-05 -1.323235E-03
200861  6.171040E-04  1.200803E-03
200862 -2.652337E-04 -1.369181E-03
200863 -1.071314E-03  9.138719E-04
200864  5.777606E-04  1.289859E-03
200865  6.574485E-04  1.173377E-03
200866  1.055909E-04  1.338099E-03
200867 -1.250667E-03  4.878509E-04
200868  1.709344E-04 -1.316858E-03
200869  2.030759E-04  1.268116E-03
200870  2.909234E-04 -1.232772E-03
200871 -1.167473E-03  3.775955E-04
200872  3.881096E-04  1.116685E-03
200873  1.140259E-03  1.139027E-04
200874  8.772125E-04 -6.785806E-04
200875  4.682993E-04 -9.621185E-04
200876  2.240862E-04 -1.006035E-03
200877  1.434594E-04 -9.818783E-04
200878  1.623824E-04 -9.419055E-04
200879  2.200220E-04 -8.954723E-04
200880  2.676366E-04 -8.508162E-04
200881  2.684858E-04 -8.226752E-04
200882  1.928918E-04 -8.199184E-04
200883  1.243914E-05 -8.225320E-04
200884 -2.860781E-04 -7.532528E-04
200885 -6.318803E-04 -4.709907E-04
200886 -7.547787E-04  1.124417E-04
200887 -2.652793E-04  6.838534E-04
200888  5.961902E-04  4.083480E-04
200889  3.919237E-04 -6.129898E-04
200890 -6.943125E-04 -1.684229E-04
200891  2.868876E-04  6.450056E-04
200892  8.384822E-05 -6.598328E-04
200893 -2.218015E-04  6.720316E-04
200894  1.145244E-04 -6.322332E-04
200895  2.454320E-04  6.418061E-04
200896 -6.289503E-04 -1.737764E-04
200897  3.371599E-04 -5.836744E-04
200898  6.129070E-04  2.005045E-04
200899  1.166819E-04  5.760994E-04
200900 -2.718242E-04  5.053195E-04
200901 -3.848669E-04  4.304225E-04
200902 -2.718210E-04  5.053241E-04
200903  1.166904E-04  5.761079E-04
200904  6.129246E-04  2.005158E-04
200905  3.371910E-04 -5.836615E-04
200906 -6.289018E-04 -1.737627E-04
200907  2.454999E-04  6.418208E-04
200908  1.146108E-04 -6.322167E-04
200909 -2.217009E-04  6.720510E-04
200910  8.395570E-05 -6.598098E-04
200911  2.869924E-04  6.450316E-04
200912 -6.942204E-04 -1.683957E-04
200913  3.919943E-04 -6.129641E-04
200914  5.962330E-04  4.083697E-04
200915 -2.652666E-04  6.838693E-04
200916 -7.547946E-04  1.124510E-04
200917 -6.319200E-04 -4.709874E-04
200918 -2.861345E-04 -7.532542E-04
200919  1.237398E-05 -8.225364E-04
200920  1.928249E-04 -8.199240E-04
200921  2.684229E-04 -8.226804E-04
200922  2.675813E-04 -8.508196E-04
200923  2.199764E-04 -8.954728E-04
200924  1.623476E-04 -9.419020E-04
200925  1.434356E-04 -9.818696E-04
200926  2.240727E-04 -1.006020E-03
200927  4.682943E-04 -9.620962E-04
200928  8.772131E-04 -6.785506E-04
200929  1.140261E-03  1.139403E-04
200930  3.881073E-04  1.116729E-03
200931 -1.167484E-03  3.776441E-04
200932  2.909023E-04 -1.232721E-03
200933  2.030459E-04  1.268164E-03
200934  1.709010E-04 -1.316816E-03
200935 -1.250696E-03  4.878819E-04
200936  1.055740E-04  1.338116E-03
200937 -9.136333E-04  8.989505E-04
200938 -1.201961E-03  4.486919E-04
200939 -8.117369E-04 -9.905952E-04
200940  1.217661E-03 -2.694497E-04
200941 -1.050479E-03  6.355312E-04
200942  1.168085E-03 -2.543738E-04
200943 -8.556912E-04 -8.055161E-04
200944 -7.183253E-04  8.736226E-04
200945  5.241703E-04  9.579263E-04
200946  1.021970E-03  2.767221E-04
200947  9.980138E-04 -2.360785E-04
200948  8.733974E-04 -4.692494E-04
200949  7.986996E-04 -5.285738E-04
200950  7.803710E-04 -4.981023E-04
200951  7.868596E-04 -4.295065E-04
200952  7.902531E-04 -3.635014E-04
200953  7.753056E-04 -3.368318E-04
200954  7.298101E-04 -3.785488E-04
200955  6.249309E-04 -5.003884E-04
200956  4.006311E-04 -6.716934E-04
200957 -6.055231E-06 -7.674284E-04
200958 -5.205356E-04 -5.425402E-04
200959 -7.122488E-04  1.413334E-04
200960 -5.516820E-05  6.961136E-04
200961  6.939591E-04  3.850708E-05
200962 -1.689267E-04 -6.727192E-04
200963 -4.374415E-04  5.290055E-04
200964  6.384344E-04 -1.740040E-04
200965 -6.596109E-04  6.261802E-05
200966  6.440353E-04 -9.965778E-05
200967 -4.850347E-04  4.443623E-04
200968 -2.183367E-05 -6.314154E-04
200969  6.306160E-04  1.346749E-04
200970 -4.848621E-05  6.060913E-04
200971 -5.607493E-04  2.314535E-04
200972 -6.135962E-04 -1.624674E-04
200973 -5.782065E-04 -2.921602E-04
200974 -6.135918E-04 -1.624642E-04
200975 -5.607388E-04  2.314592E-04
200976 -4.846692E-05  6.060986E-04
200977  6.306475E-04  1.346826E-04
200978 -2.178719E-05 -6.314079E-04
200979 -4.849720E-04  4.443698E-04
200980  6.441131E-04 -9.964911E-05
200981 -6.595223E-04  6.262918E-05
200982  6.385272E-04 -1.739894E-04
200983 -4.373527E-04  5.290234E-04
200984 -1.688504E-04 -6.726993E-04
200985  6.940158E-04  3.852661E-05
200986 -5.513598E-05  6.961306E-04
200987 -7.122426E-04  1.413462E-04
200988 -5.205535E-04 -5.425322E-04
200989 -6.092721E-06 -7.674249E-04
200990  4.005804E-04 -6.716933E-04
200991  6.248738E-04 -5.003905E-04
200992  7.297526E-04 -3.785516E-04
200993  7.752520E-04 -3.368343E-04
200994  7.902060E-04 -3.635026E-04
200995  7.868206E-04 -4.295056E-04
200996  7.803406E-04 -4.980984E-04
200997  7.986779E-04 -5.285658E-04
200998  8.733844E-04 -4.692362E-04
200999  9.980084E-04 -2.360590E-04
201000  1.021971E-03  2.767485E-04
201001  5.241726E-04  9.579595E-04
201002 -7.183252E-04  8.736614E-04
201003 -8.556974E-04 -8.054734E-04
201004  1.168070E-03 -2.543297E-04
201005 -1.050502E-03  6.355735E-04
201006  1.217634E-03 -2.694128E-04
201007 -8.117604E-04 -9.905678E-04
201008 -1.201974E-03  4.487066E-04
201009 -3.722664E-04 -1.164753E-03
201010  1.157705E-04 -1.211775E-03
201011  1.154068E-03 -3.125512E-04
201012 -1.992819E-04  1.159422E-03
201013 -2.974360E-04 -1.133579E-03
201014 -9.512131E-06  1.130488E-03
201015  8.423903E-04 -7.238732E-04
201016 -8.321042E-04 -6.999874E-04
201017 -8.780969E-04  5.733246E-04
201018 -9.222021E-05  1.008278E-03
201019  4.692002E-04  8.617777E-04
201020  7.116780E-04  6.326643E-04
201021  7.834593E-04  4.907911E-04
201022  7.841162E-04  4.381202E-04
201023  7.582258E-04  4.338771E-04
201024  7.298779E-04  4.361257E-04
201025  7.183666E-04  4.106264E-04
201026  7.348484E-04  3.275007E-04
201027  7.661170E-04  1.546727E-04
201028  7.482484E-04 -1.339462E-04
201029  5.485057E-04 -5.016324E-04
201030  4.168054E-05 -7.305525E-04
201031 -5.813269E-04 -4.187803E-04
201032 -5.466828E-04  4.187141E-04
201033  4.203364E-04  5.224308E-04
201034  3.679469E-04 -5.623963E-04
201035 -6.636317E-04  3.386837E-05
201036  5.546058E-04  3.518436E-04
201037 -4.544137E-04 -4.362826E-04
201038  5.088251E-04  4.097282E-04
201039 -6.190764E-04 -7.097230E-05
201040  4.627041E-04 -4.185459E-04
201041  2.966819E-04  5.501538E-04
201042 -4.988225E-04  3.402972E-04
201043 -5.554056E-04 -2.809263E-04
201044 -3.030869E-04 -5.698078E-04
201045 -1.870054E-04 -6.252866E-04
201046 -3.030825E-04 -5.698059E-04
201047 -5.553957E-04 -2.809229E-04
201048 -4.988053E-04  3.403013E-04
201049  2.967089E-04  5.501578E-04
201050  4.627428E-04 -4.185424E-04
201051 -6.190252E-04 -7.096893E-05
201052  5.088874E-04  4.097324E-04
201053 -4.543437E-04 -4.362762E-04
201054  5.546781E-04  3.518531E-04
201055 -6.635635E-04  3.388099E-05
201056  3.680043E-04 -5.623818E-04
201057  4.203778E-04  5.224453E-04
201058 -5.466607E-04  4.187267E-04
201059 -5.813249E-04 -4.187708E-04
201060  4.166402E-05 -7.305465E-04
201061  5.484747E-04 -5.016297E-04
201062  7.482079E-04 -1.339458E-04
201063  7.660724E-04  1.546716E-04
201064  7.348041E-04  3.274993E-04
201065  7.183258E-04  4.106253E-04
201066  7.298423E-04  4.361256E-04
201067  7.581961E-04  4.338784E-04
201068  7.840927E-04  4.381237E-04
201069  7.834420E-04  4.907976E-04
201070  7.116670E-04  6.326749E-04
201071  4.691950E-04  8.617933E-04
201072 -9.222069E-05  1.008299E-03
201073 -8.780950E-04  5.733510E-04
201074 -8.321033E-04 -6.999565E-04
201075  8.423869E-04 -7.238394E-04
201076 -9.522042E-06  1.130522E-03
201077 -2.974522E-04 -1.133546E-03
201078 -1.993015E-04  1.159451E-03
201079  1.154050E-03 -3.125295E-04
201080  1.157598E-04 -1.211763E-03
201081  8.307199E-04  7.731034E-04
201082  4.676706E-04  1.031033E-03
201083 -7.697338E-04  8.289893E-04
201084 -5.250879E-04 -9.983388E-04
201085  9.190880E-04  5.915995E-04
201086 -8.185292E-04 -7.167301E-04
201087  1.163377E-04  1.041704E-03
201088  9.342250E-04 -4.267331E-04
201089 -2.722004E-04 -9.699642E-04
201090 -9.425093E-04 -2.580729E-04
201091 -8.498138E-04  4.139318E-04
201092 -5.487313E-04  7.338370E-04
201093 -3.057712E-04  8.362170E-04
201094 -1.586794E-04  8.518951E-04
201095 -7.385838E-05  8.409257E-04
201096 -8.302778E-06  8.226911E-04
201097  7.584461E-05  7.982705E-04
201098  2.078720E-04  7.529629E-04
201099  3.996126E-04  6.465134E-04
201100  6.158971E-04  4.080389E-04
201101  7.196069E-04 -2.163753E-05
201102  4.645878E-04 -5.338501E-04
201103 -2.285555E-04 -6.605018E-04
201104 -6.775535E-04  4.479419E-05
201105  7.093538E-05  6.513052E-04
201106  5.857881E-04 -2.880677E-04
201107 -5.784521E-04 -2.879799E-04
201108  3.209473E-04  5.573534E-04
201109 -1.887604E-04 -5.852795E-04
201110  2.755135E-04  5.763649E-04
201111 -5.045026E-04 -3.316067E-04
201112  5.888099E-04 -1.774442E-04
201113  3.292404E-05  6.089037E-04
201114 -5.899403E-04  9.855413E-05
201115 -3.925494E-04 -4.719245E-04
201116 -5.594834E-05 -6.238749E-04
201117  6.793574E-05 -6.255103E-04
201118 -5.594509E-05 -6.238742E-04
201119 -3.925423E-04 -4.719232E-04
201120 -5.899280E-04  9.855564E-05
201121  3.294289E-05  6.089052E-04
201122  5.888367E-04 -1.774430E-04
201123 -5.044676E-04 -3.316053E-04
201124  2.755559E-04  5.763673E-04
201125 -1.887131E-04 -5.852750E-04
201126  3.209956E-04  5.573604E-04
201127 -5.784071E-04 -2.879706E-04
201128  5.858255E-04 -2.880572E-04
201129  7.096166E-05  6.513155E-04
201130 -6.775404E-04  4.480281E-05
201131 -2.285558E-04 -6.604957E-04
201132  4.645755E-04 -5.338467E-04
201133  7.195853E-04 -2.163636E-05
201134  6.158696E-04  4.080386E-04
201135  3.995829E-04  6.465123E-04
201136  2.078430E-04  7.529618E-04
201137  7.581819E-05  7.982698E-04
201138 -8.325699E-06  8.226913E-04
201139 -7.387755E-05  8.409270E-04
201140 -1.586949E-04  8.518978E-04
201141 -3.057829E-04  8.362216E-04
201142 -5.487394E-04  7.338444E-04
201143 -8.498181E-04  4.139426E-04
201144 -9.425105E-04 -2.580583E-04
201145 -2.721997E-04 -9.699459E-04
201146  9.342255E-04 -4.267120E-04
201147  1.163357E-04  1.041727E-03
201148 -8.185354E-04 -7.167066E-04
201149  9.190774E-04  5.916220E-04
201150 -5.251011E-04 -9.983191E-04
201151 -7.697459E-04  8.290041E-04
201152  4.676632E-04  1.031041E-03
201153 -8.580567E-04 -6.680332E-04
201154 -5.551093E-04 -9.321614E-04
201155  5.821922E-04 -9.004368E-04
201156  6.977172E-04  7.865366E-04
201157 -1.023296E-03 -2.339786E-04
201158  9.928922E-04  2.283810E-04
201159 -6.909531E-04 -7.379758E-04
201160 -3.401021E-04  9.157017E-04
201161  9.005959E-04  3.051843E-04
201162  5.923075E-04 -7.202716E-04
201163 -1.801801E-04 -8.915487E-04
201164 -6.556916E-04 -5.913399E-04
201165 -8.222080E-04 -2.395985E-04
201166 -8.311030E-04  3.012382E-05
201167 -7.778729E-04  2.223453E-04
201168 -6.948485E-04  3.727104E-04
201169 -5.769846E-04  5.097571E-04
201170 -3.976372E-04  6.391713E-04
201171 -1.224893E-04  7.255855E-04
201172  2.520605E-04  6.720120E-04
201173  6.097498E-04  3.420831E-04
201174  6.324705E-04 -2.640525E-04
201175  3.187850E-05 -6.778894E-04
201176 -6.449756E-04 -1.639047E-04
201177 -1.000841E-04  6.350061E-04
201178  6.183223E-04 -1.545664E-04
201179 -5.104838E-04 -3.703972E-04
201180  2.472556E-04  5.765759E-04
201181 -1.317292E-04 -5.910104E-04
201182  2.389066E-04  5.730689E-04
201183 -4.835108E-04 -3.442090E-04
201184  5.768861E-04 -1.714171E-04
201185  3.509722E-05  5.962092E-04
201186 -5.785086E-04  1.128570E-04
201187 -4.021208E-04 -4.430608E-04
201188 -8.078009E-05 -5.995036E-04
201189  3.926804E-05 -6.048676E-04
201190 -8.077859E-05 -5.995041E-04
201191 -4.021176E-04 -4.430616E-04
201192 -5.785031E-04  1.128561E-04
201193  3.510567E-05  5.962083E-04
201194  5.768982E-04 -1.714176E-04
201195 -4.834947E-04 -3.442087E-04
201196  2.389263E-04  5.730706E-04
201197 -1.317071E-04 -5.910070E-04
201198  2.472782E-04  5.765812E-04
201199 -5.104630E-04 -3.703905E-04
201200  6.183392E-04 -1.545594E-04
201201 -1.000725E-04  6.350123E-04
201202 -6.449702E-04 -1.639001E-04
201203  3.187765E-05 -6.778867E-04
201204  6.324642E-04 -2.640516E-04
201205  6.097394E-04  3.420825E-04
201206  2.520477E-04  6.720107E-04
201207 -1.225028E-04  7.255841E-04
201208 -3.976501E-04  6.391701E-04
201209 -5.769960E-04  5.097566E-04
201210 -6.948583E-04  3.727107E-04
201211 -7.778811E-04  2.223464E-04
201212 -8.311098E-04  3.012569E-05
201213 -8.222135E-04 -2.395957E-04
201214 -6.556960E-04 -5.913359E-04
201215 -1.801831E-04 -8.915429E-04
201216  5.923058E-04 -7.202639E-04
201217  9.005952E-04  3.051937E-04
201218 -3.401026E-04  9.157123E-04
201219 -6.909545E-04 -7.379647E-04
201220  9.928888E-04  2.283922E-04
201221 -1.023301E-03 -2.339678E-04
201222  6.977102E-04  7.865462E-04
201223  5.821857E-04 -9.004294E-04
201224 -5.551133E-04 -9.321574E-04
