Mesh2HRTF 1.0.0-dev
    1
    1  1225
200000 -1.067117E-03  1.162102E-03
200001  1.411842E-04 -1.630615E-03
200002  2.227510E-04 -1.621478E-03
200003  4.620718E-04 -1.568937E-03
200004  8.312549E-04 -1.402961E-03
200005  1.248069E-03 -1.029905E-03
200006  1.545543E-03 -3.883201E-04
200007  1.487713E-03  4.568486E-04
200008  8.858281E-04  1.228692E-03
200009 -1.873433E-04  1.478407E-03
200010 -1.235676E-03  8.632306E-04
200011 -1.507736E-03 -4.264048E-04
200012 -6.104171E-04 -1.511107E-03
200013  8.692951E-04 -1.392989E-03
200014  1.583607E-03 -1.962173E-05
200015  7.143927E-04  1.318977E-03
200016 -9.034042E-04  1.157732E-03
200017 -1.455217E-03 -3.903443E-04
200018 -2.495573E-04 -1.537444E-03
200019  1.311470E-03 -8.877321E-04
200020  1.371817E-03  8.112705E-04
200021 -1.098271E-04  1.576367E-03
200022 -1.383239E-03  6.021317E-04
200023 -1.064784E-03 -9.093223E-04
200024  3.895302E-04 -1.311318E-03
200025  1.451726E-03 -2.873341E-04
200026  1.207899E-03  1.111684E-03
200027  1.722970E-05  1.729516E-03
200028 -1.142414E-03  1.265957E-03
200029 -1.590760E-03  2.128624E-04
200030 -1.279973E-03 -7.629196E-04
200031 -5.616390E-04 -1.284149E-03
200032  1.794606E-04 -1.333021E-03
200033  7.260069E-04 -1.087506E-03
200034  1.037756E-03 -7.471100E-04
200035  1.173634E-03 -4.475507E-04
200036  1.215025E-03 -2.540719E-04
200037  1.221678E-03 -1.882220E-04
200038  1.214731E-03 -2.538817E-04
200039  1.173062E-03 -4.471721E-04
200040  1.036937E-03 -7.465469E-04
200041  7.249878E-04 -1.086765E-03
200042  1.782996E-04 -1.332111E-03
200043 -5.628739E-04 -1.283084E-03
200044 -1.281209E-03 -7.617145E-04
200045 -1.591923E-03  2.141893E-04
200046 -1.143438E-03  1.267387E-03
200047  1.639964E-05  1.731030E-03
200048  1.207299E-03  1.113267E-03
200049  1.451371E-03 -2.856964E-04
200050  3.894100E-04 -1.309635E-03
200051 -1.064704E-03 -9.076003E-04
200052 -1.383013E-03  6.038897E-04
200053 -1.095253E-04  1.578159E-03
200054  1.372117E-03  8.130969E-04
200055  1.311690E-03 -8.858736E-04
200056 -2.494848E-04 -1.535557E-03
200057 -1.455342E-03 -3.884341E-04
200058 -9.037572E-04  1.159657E-03
200059  7.138070E-04  1.320906E-03
200060  1.582807E-03 -1.770124E-05
200061  8.683168E-04 -1.391092E-03
200062 -6.115223E-04 -1.509248E-03
200063 -1.508910E-03 -4.246036E-04
200064 -1.236861E-03  8.649552E-04
200065 -1.884854E-04  1.480033E-03
200066  8.847728E-04  1.230196E-03
200067  1.486777E-03  4.582058E-04
200068  1.544749E-03 -3.871361E-04
200069  1.247430E-03 -1.028920E-03
200070  8.307763E-04 -1.402199E-03
200071  4.617539E-04 -1.568417E-03
200072  2.225926E-04 -1.621214E-03
200073  3.218364E-04  1.591394E-03
200074  1.581527E-04  1.617021E-03
200075 -3.345540E-04  1.591268E-03
200076 -1.058705E-03  1.227058E-03
200077 -1.580292E-03  2.458200E-04
200078 -1.136978E-03 -1.072205E-03
200079  4.592444E-04 -1.469461E-03
200080  1.564904E-03  4.076216E-05
200081  1.997596E-04  1.595659E-03
200082 -1.565638E-03  2.242955E-04
200083  4.519035E-05 -1.516410E-03
200084  1.457207E-03  5.241336E-04
200085 -1.023159E-03  1.208181E-03
200086 -5.958141E-04 -1.405164E-03
200087  1.488301E-03  2.714936E-04
200088 -1.100048E-03  1.058950E-03
200089 -1.987267E-04 -1.544606E-03
200090  1.281957E-03  7.362006E-04
200091 -1.411333E-03  4.020842E-04
200092  5.412303E-04 -1.494744E-03
200093  8.480019E-04  1.168987E-03
200094 -1.426232E-03 -1.143855E-04
200095  8.736978E-04 -1.258968E-03
200096  7.928721E-04  1.305715E-03
200097 -1.398152E-03  2.921851E-04
200098  2.342467E-04 -1.290633E-03
200099  1.379570E-03  6.381642E-04
200100 -5.385212E-04  1.593487E-03
200101 -1.523864E-03 -1.255654E-04
200102 -2.133405E-04 -1.296806E-03
200103  1.050976E-03 -5.694722E-04
200104  8.869703E-04  6.420621E-04
200105 -1.274395E-04  1.101611E-03
200106 -1.079507E-03  7.912182E-04
200107 -1.623501E-03  2.130921E-04
200108 -1.839461E-03 -2.412785E-04
200109 -1.888911E-03 -4.051972E-04
200110 -1.839120E-03 -2.412084E-04
200111 -1.622901E-03  2.132606E-04
200112 -1.078789E-03  7.915321E-04
200113 -1.267556E-04  1.102119E-03
200114  8.874968E-04  6.427927E-04
200115  1.051282E-03 -5.685319E-04
200116 -2.132527E-04 -1.295721E-03
200117 -1.523930E-03 -1.244476E-04
200118 -5.386358E-04  1.594499E-03
200119  1.379538E-03  6.389376E-04
200120  2.344336E-04 -1.290197E-03
200121 -1.397625E-03  2.922402E-04
200122  7.938220E-04  1.305404E-03
200123  8.750834E-04 -1.259584E-03
200124 -1.424487E-03 -1.152176E-04
200125  8.499319E-04  1.168033E-03
200126  5.430934E-04 -1.495739E-03
200127 -1.409827E-03  4.011022E-04
200128  1.282836E-03  7.352525E-04
200129 -1.986652E-04 -1.545533E-03
200130 -1.100869E-03  1.058005E-03
200131  1.486678E-03  2.704810E-04
200132 -5.980274E-04 -1.406281E-03
200133 -1.025663E-03  1.206954E-03
200134  1.454734E-03  5.228361E-04
200135  4.302894E-05 -1.517696E-03
200136 -1.567301E-03  2.231271E-04
200137  1.986638E-04  1.594709E-03
200138  1.564334E-03  4.009687E-05
200139  4.590816E-04 -1.469824E-03
200140 -1.136885E-03 -1.072303E-03
200141 -1.580086E-03  2.459106E-04
200142 -1.058491E-03  1.227241E-03
200143 -3.343915E-04  1.591450E-03
200144  1.582375E-04  1.617131E-03
200145  1.511058E-04 -1.595687E-03
200146  3.910801E-04 -1.554724E-03
200147  1.031436E-03 -1.223702E-03
200148  1.575738E-03 -1.835843E-04
200149  9.172801E-04  1.262091E-03
200150 -1.032570E-03  1.153288E-03
200151 -1.116549E-03 -1.105977E-03
200152  1.369049E-03 -7.711378E-04
200153 -5.372491E-05  1.517464E-03
200154 -1.061935E-03 -1.138539E-03
200155  1.517838E-03  2.582384E-04
200156 -1.463853E-03  3.407626E-04
200157  1.326595E-03 -7.601788E-04
200158 -1.173596E-03  9.438812E-04
200159  1.130128E-03 -9.496790E-04
200160 -1.165758E-03  9.686510E-04
200161  1.212719E-03 -7.781995E-04
200162 -1.325138E-03  7.021483E-04
200163  1.346513E-03 -4.670862E-04
200164 -1.422862E-03  3.799100E-04
200165  1.392394E-03 -2.729187E-04
200166 -1.405134E-03  2.809797E-04
200167  1.356546E-03 -4.849839E-04
200168 -1.191846E-03  6.465983E-04
200169  9.337004E-04 -1.164585E-03
200170 -2.078504E-04  1.305928E-03
200171 -5.897766E-04 -1.256070E-03
200172  1.391737E-03  3.605565E-04
200173 -9.159282E-04  1.122713E-03
200174 -6.923886E-04 -1.016511E-03
200175  1.185130E-03 -3.756062E-04
200176  6.748103E-04  1.333338E-03
200177 -8.736500E-04  1.315990E-03
200178 -1.537925E-03  2.191326E-04
200179 -1.358744E-03 -7.079267E-04
200180 -1.005915E-03 -1.149118E-03
200181 -8.576852E-04 -1.262264E-03
200182 -1.004882E-03 -1.149100E-03
200183 -1.357018E-03 -7.079815E-04
200184 -1.536004E-03  2.189286E-04
200185 -8.719393E-04  1.315687E-03
200186  6.761688E-04  1.333127E-03
200187  1.186246E-03 -3.755037E-04
200188 -6.913335E-04 -1.015992E-03
200189 -9.149070E-04  1.123556E-03
200190  1.392495E-03  3.614883E-04
200191 -5.896731E-04 -1.255296E-03
200192 -2.087237E-04  1.306414E-03
200193  9.318148E-04 -1.164364E-03
200194 -1.194429E-03  6.466790E-04
200195  1.353811E-03 -4.849105E-04
200196 -1.407457E-03  2.811208E-04
200197  1.390869E-03 -2.726960E-04
200198 -1.423474E-03  3.802170E-04
200199  1.346664E-03 -4.666544E-04
200200 -1.324567E-03  7.027799E-04
200201  1.213293E-03 -7.773246E-04
200202 -1.165536E-03  9.696974E-04
200203  1.129834E-03 -9.486754E-04
200204 -1.174315E-03  9.445582E-04
200205  1.325752E-03 -7.600375E-04
200206 -1.464449E-03  3.403655E-04
200207  1.517754E-03  2.575376E-04
200208 -1.061479E-03 -1.139162E-03
200209 -5.295863E-05  1.517282E-03
200210  1.369721E-03 -7.706776E-04
200211 -1.116395E-03 -1.104904E-03
200212 -1.033196E-03  1.154753E-03
200213  9.158968E-04  1.263639E-03
200214  1.573930E-03 -1.822358E-04
200215  1.029746E-03 -1.222739E-03
200216  3.900607E-04 -1.554231E-03
200217 -1.127446E-03  1.081597E-03
200218 -1.314627E-03  8.379846E-04
200219 -1.548628E-03 -3.895291E-05
200220 -8.135853E-04 -1.302587E-03
200221  1.111602E-03 -1.050329E-03
200222  8.579288E-04  1.273042E-03
200223 -1.521147E-03  1.476696E-04
200224  1.027684E-03 -1.078305E-03
200225 -5.005442E-04  1.456038E-03
200226  2.599896E-04 -1.448139E-03
200227 -4.384510E-04  1.430906E-03
200228  8.609894E-04 -1.206976E-03
200229 -1.331501E-03  5.875735E-04
200230  1.410267E-03  3.618836E-04
200231 -6.868368E-04 -1.276285E-03
200232 -5.618032E-04  1.297848E-03
200233  1.405588E-03 -3.019607E-04
200234 -9.559119E-04 -1.051773E-03
200235 -3.031044E-04  1.331597E-03
200236  1.298414E-03 -5.088668E-04
200237 -1.194611E-03 -6.668759E-04
200238  2.959245E-04  1.373134E-03
200239  5.731376E-04 -1.168925E-03
200240 -1.158319E-03  7.594054E-04
200241  1.289914E-03 -2.480840E-04
200242 -1.342034E-03  1.138371E-05
200243  1.320059E-03 -1.034429E-04
200244 -1.225577E-03  3.651030E-04
200245  9.059809E-04 -1.046225E-03
200246  1.503606E-04  1.236840E-03
200247 -1.121158E-03 -5.748044E-04
200248  8.082321E-04 -1.067436E-03
200249  1.173867E-03  6.512870E-04
200250 -7.479363E-05  1.342435E-03
200251 -9.946542E-04  8.815603E-04
200252 -1.259428E-03  3.229228E-04
200253 -1.280859E-03  1.178415E-04
200254 -1.258968E-03  3.238375E-04
200255 -9.943243E-04  8.825143E-04
200256 -7.536369E-05  1.342398E-03
200257  1.172030E-03  6.498723E-04
200258  8.055389E-04 -1.069758E-03
200259 -1.123637E-03 -5.771856E-04
200260  1.492313E-04  1.234969E-03
200261  9.066831E-04 -1.047560E-03
200262 -1.223541E-03  3.640311E-04
200263  1.322300E-03 -1.044146E-04
200264 -1.340578E-03  1.065328E-05
200265  1.290311E-03 -2.482616E-04
200266 -1.158586E-03  7.599707E-04
200267  5.727520E-04 -1.167762E-03
200268  2.956832E-04  1.374422E-03
200269 -1.194710E-03 -6.660288E-04
200270  1.298501E-03 -5.088010E-04
200271 -3.025898E-04  1.330988E-03
200272 -9.547336E-04 -1.052536E-03
200273  1.407324E-03 -3.022458E-04
200274 -5.600094E-04  1.298379E-03
200275 -6.855438E-04 -1.275125E-03
200276  1.410857E-03  3.630888E-04
200277 -1.331383E-03  5.882655E-04
200278  8.610122E-04 -1.206957E-03
200279 -4.383346E-04  1.430534E-03
200280  2.601204E-04 -1.448435E-03
200281 -5.006149E-04  1.456181E-03
200282  1.027187E-03 -1.077587E-03
200283 -1.522274E-03  1.488922E-04
200284  8.560193E-04  1.274547E-03
200285  1.108926E-03 -1.048845E-03
200286 -8.166804E-04 -1.301402E-03
200287 -1.551439E-03 -3.820477E-05
200288 -1.316319E-03  8.383204E-04
200289  1.490381E-03 -1.810969E-04
200290  1.488903E-03  1.742105E-04
200291  1.010939E-03  1.099250E-03
200292 -6.246586E-04  1.349778E-03
200293 -1.305822E-03 -7.044879E-04
200294  1.234262E-03 -8.279392E-04
200295 -4.599074E-04  1.365289E-03
200296  9.537604E-05 -1.480244E-03
200297 -2.009151E-04  1.426493E-03
200298  7.751230E-04 -1.207147E-03
200299 -1.375187E-03  4.088103E-04
200300  1.087389E-03  9.052532E-04
200301  4.512770E-04 -1.333431E-03
200302 -1.381697E-03 -1.895110E-04
200303 -1.612535E-04  1.395533E-03
200304  1.327149E-03  2.695487E-04
200305  4.126277E-04 -1.268299E-03
200306 -1.184943E-03 -6.240053E-04
200307 -8.012243E-04  1.055984E-03
200308  9.511594E-04  9.146972E-04
200309  9.590698E-04 -9.114717E-04
200310 -9.405350E-04 -9.040428E-04
200311 -6.294506E-04  1.078591E-03
200312  1.282715E-03  1.532361E-04
200313 -5.516170E-04 -1.141270E-03
200314 -3.800273E-04  1.231086E-03
200315  8.607902E-04 -8.402500E-04
200316 -1.076511E-03  7.093263E-04
200317  9.579966E-04 -7.225721E-04
200318 -6.394433E-04  1.076694E-03
200319 -2.742136E-04 -1.204939E-03
200320  1.163032E-03  3.247512E-04
200321 -4.916668E-04  1.084156E-03
200322 -1.178661E-03 -2.616620E-04
200323 -4.751377E-04 -1.152021E-03
200324  2.173349E-04 -1.250324E-03
200325  4.464830E-04 -1.193597E-03
200326  2.177394E-04 -1.249583E-03
200327 -4.746448E-04 -1.151528E-03
200328 -1.178483E-03 -2.622847E-04
200329 -4.920440E-04  1.082661E-03
200330  1.162137E-03  3.235158E-04
200331 -2.753463E-04 -1.205055E-03
200332 -6.404465E-04  1.077483E-03
200333  9.572962E-04 -7.218029E-04
200334 -1.077140E-03  7.094166E-04
200335  8.598441E-04 -8.407144E-04
200336 -3.811941E-04  1.230701E-03
200337 -5.521962E-04 -1.141001E-03
200338  1.283495E-03  1.542743E-04
200339 -6.276069E-04  1.079965E-03
200340 -9.390330E-04 -9.030795E-04
200341  9.588690E-04 -9.115170E-04
200342  9.491267E-04  9.135604E-04
200343 -8.038992E-04  1.054168E-03
200344 -1.186794E-03 -6.258726E-04
200345  4.121249E-04 -1.269651E-03
200346  1.327320E-03  2.689912E-04
200347 -1.613149E-04  1.395582E-03
200348 -1.382040E-03 -1.894149E-04
200349  4.513322E-04 -1.333722E-03
200350  1.088153E-03  9.046727E-04
200351 -1.374271E-03  4.083392E-04
200352  7.754983E-04 -1.207350E-03
200353 -2.010380E-04  1.426388E-03
200354  9.545639E-05 -1.480348E-03
200355 -4.590339E-04  1.365415E-03
200356  1.235845E-03 -8.272789E-04
200357 -1.304187E-03 -7.033363E-04
200358 -6.236379E-04  1.350956E-03
200359  1.011203E-03  1.099990E-03
200360  1.488810E-03  1.744725E-04
200361 -1.379874E-03  3.727008E-04
200362 -1.428963E-03 -7.502112E-06
200363 -9.868988E-04 -1.035005E-03
200364  7.627951E-04 -1.204680E-03
200365  9.455992E-04  1.063238E-03
200366 -1.424635E-03 -1.986625E-05
200367  1.321411E-03 -4.094435E-04
200368 -1.369755E-03  2.781012E-04
200369  1.323096E-03  4.087278E-04
200370 -5.120569E-04 -1.272329E-03
200371 -1.006274E-03  9.223430E-04
200372  9.764394E-04  9.286410E-04
200373  1.096241E-03 -7.907570E-04
200374 -2.925388E-04 -1.297865E-03
200375 -1.235807E-03 -4.200777E-04
200376 -1.079133E-03  7.034941E-04
200377 -2.016125E-04  1.262276E-03
200378  7.590697E-04  1.026304E-03
200379  1.246384E-03  1.664566E-04
200380  9.116876E-04 -8.280134E-04
200381 -1.636984E-04 -1.216947E-03
200382 -1.156129E-03 -4.326389E-04
200383 -7.850084E-04  9.420285E-04
200384  8.223571E-04  8.895849E-04
200385  8.011322E-04 -9.035780E-04
200386 -1.099559E-03 -4.372861E-04
200387  3.553027E-04  1.113643E-03
200388  4.098436E-04 -1.139821E-03
200389 -6.497652E-04  9.401474E-04
200390  5.900518E-04 -1.003288E-03
200391 -1.023140E-04  1.169958E-03
200392 -8.006044E-04 -8.169281E-04
200393  1.034671E-03 -4.455440E-04
200394  5.289467E-04  1.030565E-03
200395 -6.474724E-04  9.852702E-04
200396 -1.105965E-03  4.166201E-04
200397 -1.167432E-03  1.768423E-04
200398 -1.106575E-03  4.154619E-04
200399 -6.484897E-04  9.829206E-04
200400  5.280256E-04  1.027715E-03
200401  1.034473E-03 -4.473489E-04
200402 -7.999596E-04 -8.164594E-04
200403 -1.015846E-04  1.172299E-03
200404  5.898654E-04 -1.000872E-03
200405 -6.511742E-04  9.411291E-04
200406  4.076663E-04 -1.140325E-03
200407  3.530093E-04  1.112528E-03
200408 -1.101308E-03 -4.382753E-04
200409  8.005999E-04 -9.040724E-04
200410  8.230994E-04  8.897600E-04
200411 -7.840997E-04  9.426281E-04
200412 -1.156446E-03 -4.322520E-04
200413 -1.654563E-04 -1.217082E-03
200414  9.095072E-04 -8.283060E-04
200415  1.244937E-03  1.664290E-04
200416  7.589504E-04  1.026437E-03
200417 -2.006233E-04  1.262196E-03
200418 -1.078146E-03  7.031446E-04
200419 -1.235848E-03 -4.205106E-04
200420 -2.931057E-04 -1.298528E-03
200421  1.096578E-03 -7.919776E-04
200422  9.777771E-04  9.270748E-04
200423 -1.005458E-03  9.210084E-04
200424 -5.127088E-04 -1.273227E-03
200425  1.321734E-03  4.081498E-04
200426 -1.370559E-03  2.777909E-04
200427  1.321718E-03 -4.094745E-04
200428 -1.423488E-03 -1.948569E-05
200429  9.468387E-04  1.064118E-03
200430  7.634812E-04 -1.203878E-03
200431 -9.867956E-04 -1.035097E-03
200432 -1.429053E-03 -8.131052E-06
200433 -6.277936E-04 -1.186063E-03
200434 -2.544274E-04 -1.313920E-03
200435  8.591732E-04 -1.030247E-03
200436  1.137759E-03  7.228485E-04
200437 -1.125960E-03  6.912150E-04
200438  5.506566E-04 -1.227917E-03
200439 -4.357652E-04  1.270570E-03
200440  8.731031E-04 -9.884493E-04
200441 -1.314349E-03  1.741943E-05
200442  4.382751E-04  1.234372E-03
200443  1.222615E-03 -3.971252E-04
200444  2.571403E-05 -1.278857E-03
200445 -1.028959E-03 -7.493106E-04
200446 -1.259657E-03  1.353119E-04
200447 -9.893913E-04  7.700405E-04
200448 -5.684492E-04  1.094913E-03
200449 -1.473453E-04  1.209652E-03
200450  2.469927E-04  1.180941E-03
200451  6.252887E-04  1.015770E-03
200452  9.688837E-04  6.836160E-04
200453  1.173250E-03  1.462752E-04
200454  1.022421E-03 -5.582873E-04
200455  2.858060E-04 -1.109917E-03
200456 -8.134771E-04 -8.107374E-04
200457 -1.019789E-03  5.405721E-04
200458  5.071208E-04  1.010085E-03
200459  7.801859E-04 -7.820380E-04
200460 -1.105203E-03 -1.459580E-04
200461  8.361366E-04  7.174952E-04
200462 -6.949292E-04 -8.444679E-04
200463  8.887532E-04  6.568729E-04
200464 -1.061911E-03 -3.406006E-05
200465  5.448031E-04 -9.708583E-04
200466  9.398697E-04  5.535184E-04
200467 -1.343388E-04  1.065988E-03
200468 -7.867893E-04  7.211998E-04
200469 -9.319361E-04  5.167365E-04
200470 -7.874453E-04  7.206628E-04
200471 -1.353388E-04  1.064571E-03
200472  9.387537E-04  5.517699E-04
200473  5.439504E-04 -9.714694E-04
200474 -1.062149E-03 -3.268606E-05
200475  8.888127E-04  6.593227E-04
200476 -6.951584E-04 -8.428292E-04
200477  8.356125E-04  7.173469E-04
200478 -1.105502E-03 -1.473506E-04
200479  7.804998E-04 -7.838083E-04
200480  5.081148E-04  1.008282E-03
200481 -1.018108E-03  5.391513E-04
200482 -8.114617E-04 -8.110886E-04
200483  2.871382E-04 -1.109307E-03
200484  1.022590E-03 -5.575707E-04
200485  1.173400E-03  1.469361E-04
200486  9.702545E-04  6.845896E-04
200487  6.273771E-04  1.016818E-03
200488  2.486653E-04  1.181546E-03
200489 -1.461347E-04  1.209614E-03
200490 -5.675686E-04  1.094441E-03
200491 -9.894419E-04  7.697534E-04
200492 -1.260351E-03  1.353360E-04
200493 -1.028851E-03 -7.496687E-04
200494  2.654290E-05 -1.279788E-03
200495  1.222509E-03 -3.982065E-04
200496  4.370478E-04  1.233336E-03
200497 -1.315437E-03  1.683037E-05
200498  8.725921E-04 -9.884862E-04
200499 -4.357841E-04  1.269889E-03
200500  5.512541E-04 -1.229562E-03
200501 -1.125307E-03  6.905001E-04
200502  1.137914E-03  7.235089E-04
200503  8.594748E-04 -1.030470E-03
200504 -2.537749E-04 -1.315283E-03
200505 -1.265244E-03 -2.145237E-05
200506 -1.211584E-03 -4.028385E-04
200507 -4.308280E-04 -1.200477E-03
200508  1.174328E-03 -4.434417E-04
200509 -2.402530E-04  1.245048E-03
200510 -3.120421E-04 -1.237501E-03
200511  1.936086E-04  1.244027E-03
200512  5.550540E-04 -1.133738E-03
200513 -1.232535E-03  5.111628E-05
200514  1.429303E-04  1.226058E-03
200515  1.208012E-03  2.338891E-04
200516  9.186473E-04 -8.144437E-04
200517  2.512588E-04 -1.177878E-03
200518 -2.282506E-04 -1.167632E-03
200519 -4.734876E-04 -1.078469E-03
200520 -5.639044E-04 -1.017982E-03
200521 -5.610759E-04 -1.005333E-03
200522 -5.233589E-04 -1.014583E-03
200523 -4.992561E-04 -1.010618E-03
200524 -5.303211E-04 -9.769239E-04
200525 -6.603501E-04 -8.845545E-04
200526 -8.846085E-04 -6.496745E-04
200527 -1.068617E-03 -1.588298E-04
200528 -8.871195E-04  5.786306E-04
200529  4.230174E-06  1.062929E-03
200530  1.024299E-03  3.109139E-04
200531  2.664569E-04 -1.022565E-03
200532 -1.049359E-03  1.523066E-04
200533  8.210703E-04  6.242521E-04
200534 -5.574522E-04 -8.788561E-04
200535  5.788010E-04  8.470180E-04
200536 -9.404732E-04 -4.668429E-04
200537  8.851812E-04 -4.715579E-04
200538  3.363588E-04  9.745635E-04
200539 -7.900056E-04  6.521880E-04
200540 -1.013845E-03 -5.689670E-05
200541 -9.681087E-04 -3.060851E-04
200542 -1.013671E-03 -5.577890E-05
200543 -7.889395E-04  6.530660E-04
200544  3.375250E-04  9.748078E-04
200545  8.854385E-04 -4.712835E-04
200546 -9.411298E-04 -4.660338E-04
200547  5.775525E-04  8.483659E-04
200548 -5.585983E-04 -8.772864E-04
200549  8.205805E-04  6.256987E-04
200550 -1.049499E-03  1.531945E-04
200551  2.660786E-04 -1.022675E-03
200552  1.023656E-03  3.099096E-04
200553  4.011391E-06  1.061935E-03
200554 -8.863421E-04  5.786608E-04
200555 -1.067265E-03 -1.581229E-04
200556 -8.834993E-04 -6.492435E-04
200557 -6.595941E-04 -8.838184E-04
200558 -5.296231E-04 -9.755740E-04
200559 -4.988750E-04 -1.010043E-03
200560 -5.237547E-04 -1.014872E-03
200561 -5.617138E-04 -1.005441E-03
200562 -5.639130E-04 -1.018171E-03
200563 -4.736109E-04 -1.078687E-03
200564 -2.294257E-04 -1.167224E-03
200565  2.502044E-04 -1.177374E-03
200566  9.185873E-04 -8.141872E-04
200567  1.208208E-03  2.340986E-04
200568  1.434714E-04  1.225804E-03
200569 -1.231511E-03  5.102346E-05
200570  5.554621E-04 -1.132850E-03
200571  1.939386E-04  1.243947E-03
200572 -3.102050E-04 -1.239384E-03
200573 -2.384322E-04  1.244886E-03
200574  1.174391E-03 -4.407668E-04
200575 -4.304581E-04 -1.199230E-03
200576 -1.210035E-03 -4.041844E-04
200577  4.094753E-04 -1.143306E-03
200578  7.750350E-04 -9.762066E-04
200579  1.226320E-03  4.767714E-05
200580 -1.236987E-04  1.211534E-03
200581 -9.003238E-04 -7.905199E-04
200582  1.101716E-03  4.554618E-04
200583 -9.942595E-04 -6.799252E-04
200584  2.407629E-04  1.155179E-03
200585  1.006887E-03 -6.013172E-04
200586 -4.977225E-04 -1.055216E-03
200587 -1.154506E-03 -1.014232E-04
200588 -9.263794E-04  6.720389E-04
200589 -5.772663E-04  9.837250E-04
200590 -3.911851E-04  1.046407E-03
200591 -4.139746E-04  1.024389E-03
200592 -5.770014E-04  9.340503E-04
200593 -7.769041E-04  7.453226E-04
200594 -9.498484E-04  4.818831E-04
200595 -1.051086E-03  2.087170E-04
200596 -1.070111E-03 -7.557384E-06
200597 -1.053650E-03 -1.149526E-04
200598 -1.050687E-03 -6.118691E-05
200599 -1.024112E-03  2.024840E-04
200600 -8.015495E-04  6.489952E-04
200601 -1.319232E-04  1.007256E-03
200602  8.206182E-04  5.884658E-04
200603  7.141618E-04 -7.193607E-04
200604 -8.298193E-04 -5.323597E-04
200605  8.118553E-05  9.855440E-04
200606  4.566956E-04 -8.816070E-04
200607 -4.978410E-04  8.381454E-04
200608  1.458484E-04 -9.584278E-04
200609  6.348583E-04  7.467259E-04
200610 -8.513813E-04  4.578126E-04
200611 -6.923895E-04 -6.967982E-04
200612 -2.873101E-05 -9.795008E-04
200613  2.154804E-04 -9.495800E-04
200614 -2.849164E-05 -9.779725E-04
200615 -6.907114E-04 -6.956417E-04
200616 -8.498966E-04  4.583219E-04
200617  6.351545E-04  7.469909E-04
200618  1.455009E-04 -9.587151E-04
200619 -4.988740E-04  8.375357E-04
200620  4.555616E-04 -8.815124E-04
200621  8.075275E-05  9.870176E-04
200622 -8.297746E-04 -5.303355E-04
200623  7.137517E-04 -7.180544E-04
200624  8.195123E-04  5.889841E-04
200625 -1.325494E-04  1.007574E-03
200626 -8.008859E-04  6.497238E-04
200627 -1.022617E-03  2.032886E-04
200628 -1.049254E-03 -6.113039E-05
200629 -1.053397E-03 -1.144499E-04
200630 -1.071306E-03 -6.081498E-06
200631 -1.052179E-03  2.091798E-04
200632 -9.498464E-04  4.816206E-04
200633 -7.765840E-04  7.458573E-04
200634 -5.762880E-04  9.342144E-04
200635 -4.130774E-04  1.023965E-03
200636 -3.918241E-04  1.046823E-03
200637 -5.787480E-04  9.843435E-04
200638 -9.266128E-04  6.720740E-04
200639 -1.153189E-03 -1.015602E-04
200640 -4.953249E-04 -1.056008E-03
200641  1.008754E-03 -6.021722E-04
200642  2.400157E-04  1.156141E-03
200643 -9.961141E-04 -6.785444E-04
200644  1.101721E-03  4.552363E-04
200645 -9.000760E-04 -7.904125E-04
200646 -1.253530E-04  1.213045E-03
200647  1.225373E-03  4.772588E-05
200648  7.760887E-04 -9.780182E-04
200649 -1.182197E-03  2.981267E-04
200650 -1.102522E-03 -1.545499E-04
200651 -3.926306E-04 -1.077198E-03
200652  1.068029E-03 -3.774284E-04
200653 -3.840321E-04  1.065753E-03
200654  1.154316E-04 -1.125626E-03
200655 -4.295829E-04  1.044810E-03
200656  1.058905E-03 -3.827597E-04
200657 -5.976783E-04 -9.262328E-04
200658 -1.041086E-03  3.828375E-04
200659 -3.027909E-04  1.042974E-03
200660  3.086107E-04  1.039713E-03
200661  5.607704E-04  9.100311E-04
200662  5.788773E-04  8.891810E-04
200663  3.964867E-04  9.770839E-04
200664  6.343049E-05  1.042859E-03
200665 -3.479647E-04  9.699183E-04
200666 -7.311501E-04  7.102124E-04
200667 -9.545827E-04  3.111551E-04
200668 -9.909046E-04 -7.833603E-05
200669 -9.268911E-04 -3.366755E-04
200670 -8.786326E-04 -4.366549E-04
200671 -9.140956E-04 -3.515503E-04
200672 -9.762418E-04 -3.458461E-05
200673 -8.156127E-04  5.206521E-04
200674 -7.257789E-05  9.542797E-04
200675  8.818918E-04  3.291181E-04
200676  2.305856E-04 -9.113828E-04
200677 -9.180175E-04  2.357187E-04
200678  8.687219E-04  3.489774E-04
200679 -7.897319E-04 -4.900437E-04
200680  9.073943E-04  2.325750E-04
200681 -7.635964E-04  4.847550E-04
200682 -2.455402E-04 -8.891739E-04
200683  7.918376E-04 -4.665114E-04
200684  8.926120E-04  2.469943E-04
200685  8.026411E-04  4.735773E-04
200686  8.921930E-04  2.482044E-04
200687  7.924642E-04 -4.662278E-04
200688 -2.459933E-04 -8.894121E-04
200689 -7.648081E-04  4.851467E-04
200690  9.070283E-04  2.328467E-04
200691 -7.898941E-04 -4.905079E-04
200692  8.683414E-04  3.484359E-04
200693 -9.182768E-04  2.360592E-04
200694  2.313935E-04 -9.104044E-04
200695  8.827839E-04  3.299254E-04
200696 -7.287245E-05  9.550931E-04
200697 -8.153261E-04  5.217071E-04
200698 -9.747582E-04 -3.323173E-05
200699 -9.128753E-04 -3.504394E-04
200700 -8.777125E-04 -4.369206E-04
200701 -9.264276E-04 -3.368159E-04
200702 -9.916850E-04 -7.698542E-05
200703 -9.551140E-04  3.121471E-04
200704 -7.299119E-04  7.104260E-04
200705 -3.467989E-04  9.703391E-04
200706  6.401575E-05  1.042818E-03
200707  3.976942E-04  9.768012E-04
200708  5.794173E-04  8.896864E-04
200709  5.605937E-04  9.104878E-04
200710  3.090988E-04  1.039239E-03
200711 -3.013252E-04  1.042297E-03
200712 -1.038927E-03  3.820750E-04
200713 -5.967087E-04 -9.272466E-04
200714  1.056746E-03 -3.824657E-04
200715 -4.331381E-04  1.045972E-03
200716  1.135069E-04 -1.125697E-03
200717 -3.847556E-04  1.064566E-03
200718  1.067306E-03 -3.784109E-04
200719 -3.930136E-04 -1.077856E-03
200720 -1.102356E-03 -1.552108E-04
200721 -1.018063E-03  6.689469E-04
200722 -1.055387E-03  2.585409E-04
200723 -6.940176E-04 -8.063499E-04
200724  8.234360E-04 -6.722886E-04
200725 -5.010509E-05  1.070053E-03
200726 -1.967846E-04 -1.047732E-03
200727 -1.506806E-04  1.054907E-03
200728  9.092309E-04 -5.575175E-04
200729 -6.965541E-04 -7.804162E-04
200730 -9.351999E-04  4.532932E-04
200731 -2.401209E-04  9.993672E-04
200732  2.705313E-04  9.942779E-04
200733  4.551479E-04  9.059391E-04
200734  3.948714E-04  9.277710E-04
200735  1.205992E-04  9.923554E-04
200736 -2.831162E-04  9.445214E-04
200737 -7.065728E-04  6.864238E-04
200738 -9.639238E-04  2.213861E-04
200739 -9.161279E-04 -3.069486E-04
200740 -6.527661E-04 -6.952469E-04
200741 -3.567323E-04 -8.687385E-04
200742 -1.565289E-04 -9.202069E-04
200743 -1.399375E-04 -9.209196E-04
200744 -3.475201E-04 -8.508563E-04
200745 -7.149692E-04 -5.571030E-04
200746 -8.893571E-04  1.728923E-04
200747 -1.683346E-04  8.898380E-04
200748  8.808328E-04  1.480692E-04
200749 -2.438815E-04 -8.677715E-04
200750 -3.795452E-04  8.001479E-04
200751  5.362749E-04 -7.049291E-04
200752 -3.582024E-04  8.059865E-04
200753 -3.022411E-04 -8.357922E-04
200754  8.634945E-04 -5.122692E-05
200755  2.322338E-04  8.501629E-04
200756 -4.366222E-04  7.657415E-04
200757 -6.177731E-04  6.171275E-04
200758 -4.370269E-04  7.662523E-04
200759  2.327054E-04  8.498296E-04
200760  8.624919E-04 -5.182495E-05
200761 -3.036466E-04 -8.351269E-04
200762 -3.587616E-04  8.070479E-04
200763  5.361493E-04 -7.044469E-04
200764 -3.796100E-04  8.004410E-04
200765 -2.444023E-04 -8.673307E-04
200766  8.819300E-04  1.483319E-04
200767 -1.669567E-04  8.894783E-04
200768 -8.900334E-04  1.725241E-04
200769 -7.149636E-04 -5.566135E-04
200770 -3.463297E-04 -8.495829E-04
200771 -1.399281E-04 -9.200526E-04
200772 -1.566705E-04 -9.212485E-04
200773 -3.558835E-04 -8.697567E-04
200774 -6.522858E-04 -6.942110E-04
200775 -9.161541E-04 -3.056920E-04
200776 -9.630678E-04  2.215208E-04
200777 -7.060215E-04  6.862372E-04
200778 -2.837157E-04  9.443727E-04
200779  1.204289E-04  9.920562E-04
200780  3.951594E-04  9.272647E-04
200781  4.558606E-04  9.056246E-04
200782  2.710525E-04  9.938414E-04
200783 -2.400034E-04  9.986714E-04
200784 -9.344196E-04  4.531581E-04
200785 -6.961665E-04 -7.808333E-04
200786  9.076414E-04 -5.580486E-04
200787 -1.524169E-04  1.054526E-03
200788 -1.969754E-04 -1.048519E-03
200789 -4.965196E-05  1.068811E-03
200790  8.246346E-04 -6.727913E-04
200791 -6.936941E-04 -8.053518E-04
200792 -1.056456E-03  2.598065E-04
200793 -1.008893E-03 -2.558427E-04
200794 -8.060078E-04 -5.806860E-04
200795  7.830175E-05 -1.025477E-03
200796  9.849445E-04  1.373879E-04
200797 -7.666753E-04  6.675219E-04
200798  5.663981E-04 -8.357989E-04
200799 -8.188639E-04  5.950771E-04
200800  9.648105E-04  2.510948E-04
200801  7.066246E-05 -9.925081E-04
200802 -9.202388E-04 -3.591104E-04
200803 -8.605614E-04  4.635464E-04
200804 -5.342055E-04  8.171557E-04
200805 -3.664284E-04  8.828172E-04
200806 -4.341488E-04  8.494854E-04
200807 -6.555122E-04  6.760333E-04
200808 -8.648574E-04  3.221799E-04
200809 -9.123419E-04 -1.688457E-04
200810 -6.718196E-04 -6.422543E-04
200811 -2.033391E-04 -8.908881E-04
200812  2.632451E-04 -8.618187E-04
200813  5.738570E-04 -6.730648E-04
200814  7.260074E-04 -5.030805E-04
200815  7.560339E-04 -4.638127E-04
200816  6.459573E-04 -5.918150E-04
200817  3.055101E-04 -8.164540E-04
200818 -3.687331E-04 -7.774839E-04
200819 -8.542364E-04  3.208495E-05
200820  2.343905E-05  8.564440E-04
200821  7.853162E-04 -3.380569E-04
200822 -7.967102E-04 -2.613221E-04
200823  7.061887E-04  4.628532E-04
200824 -7.956002E-04 -2.882777E-04
200825  7.721518E-04 -3.224053E-04
200826  4.457535E-05  8.293172E-04
200827 -8.029944E-04  2.360456E-04
200828 -7.114809E-04 -4.316662E-04
200829 -5.725002E-04 -6.165089E-04
200830 -7.112641E-04 -4.318512E-04
200831 -8.021137E-04  2.359162E-04
200832  4.420535E-05  8.292009E-04
200833  7.719161E-04 -3.214721E-04
200834 -7.958624E-04 -2.875205E-04
200835  7.060873E-04  4.628047E-04
200836 -7.965837E-04 -2.609248E-04
200837  7.842213E-04 -3.372142E-04
200838  2.408742E-05  8.568506E-04
200839 -8.532557E-04  3.130162E-05
200840 -3.698563E-04 -7.788090E-04
200841  3.050901E-04 -8.167311E-04
200842  6.461756E-04 -5.911785E-04
200843  7.548312E-04 -4.635755E-04
200844  7.251482E-04 -5.043212E-04
200845  5.744900E-04 -6.740861E-04
200846  2.641149E-04 -8.610426E-04
200847 -2.032113E-04 -8.900075E-04
200848 -6.717805E-04 -6.426028E-04
200849 -9.125207E-04 -1.690880E-04
200850 -8.660725E-04  3.223345E-04
200851 -6.568705E-04  6.754091E-04
200852 -4.347858E-04  8.480126E-04
200853 -3.659617E-04  8.823451E-04
200854 -5.343260E-04  8.174546E-04
200855 -8.614655E-04  4.628742E-04
200856 -9.200567E-04 -3.590065E-04
200857  7.142786E-05 -9.922365E-04
200858  9.645165E-04  2.503707E-04
200859 -8.182039E-04  5.941541E-04
200860  5.682883E-04 -8.361096E-04
200861 -7.660433E-04  6.675052E-04
200862  9.859415E-04  1.383841E-04
200863  7.832672E-05 -1.023633E-03
200864 -8.076643E-04 -5.791235E-04
200865  2.462638E-04 -9.526190E-04
200866  5.476428E-04 -8.171146E-04
200867  9.685510E-04 -9.402833E-06
200868 -6.023798E-05  9.680351E-04
200869 -6.964829E-04 -6.526703E-04
200870  8.396798E-04  4.358494E-04
200871 -6.637176E-04 -6.747283E-04
200872 -7.851998E-05  9.458395E-04
200873  9.263927E-04 -1.228840E-04
200874  1.195879E-04 -9.301822E-04
200875 -6.551293E-04 -6.690048E-04
200876 -8.980474E-04 -2.440120E-04
200877 -9.168223E-04 -5.517955E-05
200878 -9.089599E-04 -9.153031E-05
200879 -8.388051E-04 -3.279679E-04
200880 -6.227926E-04 -6.309957E-04
200881 -2.345796E-04 -8.521659E-04
200882  2.638143E-04 -8.484792E-04
200883  6.652837E-04 -5.703347E-04
200884  8.425214E-04 -1.746891E-04
200885  8.394377E-04  1.609467E-04
200886  7.659696E-04  3.585195E-04
200887  7.444040E-04  3.927285E-04
200888  7.939300E-04  2.337854E-04
200889  8.104728E-04 -1.647581E-04
200890  4.505524E-04 -6.955455E-04
200891 -4.534831E-04 -6.900602E-04
200892 -6.885902E-04  4.345498E-04
200893  6.612837E-04  4.789581E-04
200894 -1.662118E-04 -7.786091E-04
200895 -3.613412E-05  8.113878E-04
200896 -1.408760E-04 -7.831103E-04
200897  6.385008E-04  4.967905E-04
200898 -6.678343E-04  4.520160E-04
200899 -5.685695E-04 -5.487277E-04
200900  1.979593E-05 -8.057321E-04
200901  2.302758E-04 -7.777286E-04
200902  2.039617E-05 -8.062642E-04
200903 -5.679601E-04 -5.486145E-04
200904 -6.681239E-04  4.519758E-04
200905  6.389970E-04  4.974978E-04
200906 -1.406815E-04 -7.831054E-04
200907 -3.567288E-05  8.104375E-04
200908 -1.655793E-04 -7.788194E-04
200909  6.597894E-04  4.794341E-04
200910 -6.885989E-04  4.349377E-04
200911 -4.530016E-04 -6.907548E-04
200912  4.497811E-04 -6.968742E-04
200913  8.102343E-04 -1.652027E-04
200914  7.934904E-04  2.337744E-04
200915  7.429259E-04  3.925223E-04
200916  7.651190E-04  3.580722E-04
200917  8.394134E-04  1.606858E-04
200918  8.429978E-04 -1.742161E-04
200919  6.656025E-04 -5.699206E-04
200920  2.635361E-04 -8.491448E-04
200921 -2.351662E-04 -8.521246E-04
200922 -6.238223E-04 -6.306335E-04
200923 -8.400524E-04 -3.287958E-04
200924 -9.099311E-04 -9.271540E-05
200925 -9.170070E-04 -5.511251E-05
200926 -8.986660E-04 -2.431769E-04
200927 -6.558905E-04 -6.697561E-04
200928  1.197354E-04 -9.300932E-04
200929  9.272009E-04 -1.219865E-04
200930 -7.846744E-05  9.454776E-04
200931 -6.626464E-04 -6.751216E-04
200932  8.413744E-04  4.364406E-04
200933 -6.969773E-04 -6.522009E-04
200934 -6.024558E-05  9.693943E-04
200935  9.686345E-04 -8.238455E-06
200936  5.466132E-04 -8.163894E-04
200937  8.134359E-04  4.422255E-04
200938  6.142244E-04  6.806842E-04
200939 -2.356219E-04  8.859447E-04
200940 -8.725231E-04 -2.535291E-04
200941  7.472611E-04 -5.251939E-04
200942 -5.439644E-04  7.226508E-04
200943  7.202861E-04 -5.594922E-04
200944 -8.960314E-04 -1.125881E-04
200945  1.291114E-04  8.877348E-04
200946  8.945734E-04  4.233118E-05
200947  5.294251E-04 -7.081938E-04
200948  3.564590E-05 -8.760947E-04
200949 -2.140886E-04 -8.502503E-04
200950 -2.382591E-04 -8.303548E-04
200951 -7.104646E-05 -8.592018E-04
200952  2.182252E-04 -8.205873E-04
200953  5.454015E-04 -6.411838E-04
200954  7.979161E-04 -3.045435E-04
200955  8.322064E-04  1.102039E-04
200956  6.914609E-04  4.498978E-04
200957  5.108915E-04  6.466370E-04
200958  3.635931E-04  7.282765E-04
200959  3.605164E-04  7.260409E-04
200960  5.182482E-04  6.083025E-04
200961  7.463892E-04  2.633110E-04
200962  6.973580E-04 -3.762230E-04
200963 -9.697306E-05 -7.883812E-04
200964 -7.800437E-04  9.252028E-05
200965  3.921871E-04  6.668311E-04
200966  1.346525E-04 -7.594131E-04
200967 -3.152281E-04  7.035245E-04
200968  1.347384E-04 -7.523402E-04
200969  4.202678E-04  6.537167E-04
200970 -7.462621E-04  2.038731E-04
200971 -3.525253E-04 -6.742162E-04
200972  2.509831E-04 -7.244361E-04
200973  4.339517E-04 -6.304850E-04
200974  2.516804E-04 -7.249273E-04
200975 -3.522813E-04 -6.742329E-04
200976 -7.465957E-04  2.032158E-04
200977  4.208927E-04  6.538388E-04
200978  1.352797E-04 -7.528085E-04
200979 -3.142484E-04  7.025426E-04
200980  1.357916E-04 -7.598365E-04
200981  3.907675E-04  6.665858E-04
200982 -7.803338E-04  9.257220E-05
200983 -9.665276E-05 -7.889035E-04
200984  6.972581E-04 -3.770268E-04
200985  7.465588E-04  2.630443E-04
200986  5.177344E-04  6.078934E-04
200987  3.595938E-04  7.257204E-04
200988  3.630748E-04  7.287923E-04
200989  5.102863E-04  6.470021E-04
200990  6.915706E-04  4.500289E-04
200991  8.326992E-04  1.105412E-04
200992  7.977062E-04 -3.051819E-04
200993  5.447127E-04 -6.410458E-04
200994  2.176299E-04 -8.202927E-04
200995 -7.160220E-05 -8.599535E-04
200996 -2.391432E-04 -8.306785E-04
200997 -2.146691E-04 -8.499596E-04
200998  3.505705E-05 -8.754366E-04
200999  5.293950E-04 -7.088893E-04
201000  8.946694E-04  4.234464E-05
201001  1.293669E-04  8.888078E-04
201002 -8.962750E-04 -1.127060E-04
201003  7.206209E-04 -5.593849E-04
201004 -5.434232E-04  7.233576E-04
201005  7.461558E-04 -5.252806E-04
201006 -8.729800E-04 -2.524652E-04
201007 -2.350598E-04  8.863373E-04
201008  6.141252E-04  6.806940E-04
201009 -6.276608E-04  6.042438E-04
201010 -7.981743E-04  3.770371E-04
201011 -7.814669E-04 -4.239561E-04
201012  4.275665E-04 -7.601602E-04
201013  3.760634E-04  7.848049E-04
201014 -6.383736E-04 -5.949862E-04
201015  5.195349E-04  7.002907E-04
201016  7.264755E-05 -8.576088E-04
201017 -8.191840E-04  2.305815E-04
201018  1.525392E-04  8.402772E-04
201019  8.017964E-04  2.677628E-04
201020  7.809653E-04 -3.113919E-04
201021  5.934271E-04 -5.900111E-04
201022  5.003033E-04 -6.517008E-04
201023  5.458398E-04 -6.142684E-04
201024  6.586587E-04 -4.670869E-04
201025  7.705618E-04 -2.222711E-04
201026  8.066360E-04  8.984770E-05
201027  6.988061E-04  3.841814E-04
201028  5.222296E-04  5.878335E-04
201029  3.789787E-04  6.954331E-04
201030  2.914186E-04  7.241446E-04
201031  3.531341E-04  6.948966E-04
201032  5.565169E-04  5.436797E-04
201033  7.548623E-04  1.353277E-04
201034  5.710453E-04 -5.016234E-04
201035 -3.081376E-04 -6.993610E-04
201036 -6.717873E-04  3.440662E-04
201037  6.040591E-04  4.302269E-04
201038 -2.075821E-04 -7.182035E-04
201039  5.545976E-05  7.303577E-04
201040 -2.596047E-04 -6.947655E-04
201041  6.713949E-04  3.197793E-04
201042 -5.028615E-04  5.476141E-04
201043 -6.530122E-04 -3.548851E-04
201044 -2.021634E-04 -7.111119E-04
201045 -3.231622E-06 -7.334050E-04
201046 -2.014777E-04 -7.113243E-04
201047 -6.526903E-04 -3.549562E-04
201048 -5.028123E-04  5.465446E-04
201049  6.720085E-04  3.196142E-04
201050 -2.587570E-04 -6.951958E-04
201051  5.648857E-05  7.299516E-04
201052 -2.063210E-04 -7.182924E-04
201053  6.030313E-04  4.295047E-04
201054 -6.720375E-04  3.438885E-04
201055 -3.077849E-04 -6.996698E-04
201056  5.713247E-04 -5.018687E-04
201057  7.553160E-04  1.352333E-04
201058  5.562454E-04  5.431241E-04
201059  3.528861E-04  6.946646E-04
201060  2.910669E-04  7.251308E-04
201061  3.780753E-04  6.959352E-04
201062  5.222752E-04  5.877706E-04
201063  6.992606E-04  3.847071E-04
201064  8.065803E-04  8.941626E-05
201065  7.700342E-04 -2.222229E-04
201066  6.583916E-04 -4.669248E-04
201067  5.457739E-04 -6.148086E-04
201068  4.994979E-04 -6.514615E-04
201069  5.928762E-04 -5.899254E-04
201070  7.807424E-04 -3.110968E-04
201071  8.023460E-04  2.674497E-04
201072  1.526258E-04  8.402418E-04
201073 -8.193783E-04  2.313519E-04
201074  7.219245E-05 -8.577588E-04
201075  5.191821E-04  7.004870E-04
201076 -6.384634E-04 -5.948032E-04
201077  3.753447E-04  7.840619E-04
201078  4.269849E-04 -7.594383E-04
201079 -7.806563E-04 -4.238780E-04
201080 -7.977012E-04  3.767471E-04
201081 -5.937296E-04 -6.021742E-04
201082 -3.889910E-04 -7.534735E-04
201083  3.608761E-04 -7.483812E-04
201084  7.595528E-04  3.478984E-04
201085 -7.016295E-04  4.528706E-04
201086  4.205686E-04 -7.102644E-04
201087 -4.922859E-04  6.586594E-04
201088  7.786940E-04 -2.484393E-04
201089 -5.650824E-04 -5.830410E-04
201090 -5.688603E-04  5.826236E-04
201091  3.364252E-04  7.361893E-04
201092  7.718506E-04  2.431253E-04
201093  7.832841E-04 -1.868500E-04
201094  6.935479E-04 -3.817662E-04
201095  6.584673E-04 -4.345211E-04
201096  6.790945E-04 -3.761034E-04
201097  7.339320E-04 -2.394803E-04
201098  7.708509E-04 -4.804701E-05
201099  7.486123E-04  1.390218E-04
201100  6.996870E-04  2.834297E-04
201101  6.722617E-04  3.664945E-04
201102  6.658165E-04  3.416924E-04
201103  7.218159E-04  1.982335E-04
201104  7.386419E-04 -1.177410E-04
201105  4.764382E-04 -5.663515E-04
201106 -2.215458E-04 -6.905343E-04
201107 -7.281769E-04  5.896332E-05
201108  1.676462E-04  7.099107E-04
201109  5.167550E-04 -5.158990E-04
201110 -7.096771E-04  1.288771E-04
201111  7.199096E-04 -3.571316E-05
201112 -6.785608E-04  2.505933E-04
201113  2.838033E-04 -6.610381E-04
201114  5.570111E-04  4.322693E-04
201115 -2.832118E-04  6.495329E-04
201116 -6.716364E-04  2.646238E-04
201117 -7.095325E-04  8.980303E-05
201118 -6.710418E-04  2.647030E-04
201119 -2.827253E-04  6.497238E-04
201120  5.575266E-04  4.313737E-04
201121  2.842725E-04 -6.610689E-04
201122 -6.775757E-04  2.506231E-04
201123  7.206044E-04 -3.557696E-05
201124 -7.086843E-04  1.292256E-04
201125  5.161721E-04 -5.167774E-04
201126  1.674628E-04  7.096908E-04
201127 -7.278221E-04  5.884639E-05
201128 -2.212881E-04 -6.904557E-04
201129  4.770010E-04 -5.663183E-04
201130  7.386480E-04 -1.182754E-04
201131  7.219400E-04  1.981137E-04
201132  6.653856E-04  3.426020E-04
201133  6.712903E-04  3.667838E-04
201134  6.997790E-04  2.833573E-04
201135  7.488236E-04  1.396915E-04
201136  7.709010E-04 -4.825544E-05
201137  7.336607E-04 -2.395041E-04
201138  6.789900E-04 -3.760170E-04
201139  6.585612E-04 -4.348694E-04
201140  6.927161E-04 -3.814218E-04
201141  7.829374E-04 -1.869877E-04
201142  7.719100E-04  2.433108E-04
201143  3.370726E-04  7.364028E-04
201144 -5.686928E-04  5.826544E-04
201145 -5.653391E-04 -5.826909E-04
201146  7.782526E-04 -2.487268E-04
201147 -4.929668E-04  6.586141E-04
201148  4.205681E-04 -7.106511E-04
201149 -7.015748E-04  4.519248E-04
201150  7.589042E-04  3.482275E-04
201151  3.616533E-04 -7.483590E-04
201152 -3.882639E-04 -7.537532E-04
201153  2.056393E-04 -7.708638E-04
201154  4.198248E-04 -6.729301E-04
201155  7.791214E-04 -7.438149E-05
201156  1.408397E-04  7.843306E-04
201157 -7.633615E-04 -2.537037E-04
201158  7.630468E-04 -1.700902E-04
201159 -7.694154E-04  1.661418E-04
201160  7.469939E-04  2.222981E-04
201161 -2.322787E-04 -7.432831E-04
201162 -6.964218E-04  3.517067E-04
201163  1.961735E-04  7.509528E-04
201164  7.369645E-04  2.417612E-04
201165  7.177261E-04 -2.888385E-04
201166  5.122095E-04 -5.563042E-04
201167  3.574426E-04 -6.677641E-04
201168  2.862970E-04 -6.959668E-04
201169  2.952085E-04 -6.869771E-04
201170  3.398684E-04 -6.569531E-04
201171  3.850905E-04 -6.281414E-04
201172  4.068299E-04 -6.116179E-04
201173  3.804776E-04 -6.184506E-04
201174  2.525736E-04 -6.809358E-04
201175  1.231025E-06 -7.178600E-04
201176 -3.883434E-04 -5.882195E-04
201177 -6.975823E-04 -1.100954E-04
201178 -3.930275E-04  5.944245E-04
201179  5.406428E-04  4.517912E-04
201180  3.054151E-04 -6.280539E-04
201181 -6.828872E-04  1.283306E-04
201182  6.586904E-04  2.211675E-04
201183 -6.380361E-04 -2.743112E-04
201184  6.831909E-04  5.700044E-06
201185 -4.491509E-04  5.220238E-04
201186 -4.210047E-04 -5.558745E-04
201187  4.092216E-04 -5.585211E-04
201188  6.671260E-04 -1.042429E-04
201189  6.813284E-04  8.442810E-05
201190  6.676035E-04 -1.039661E-04
201191  4.095691E-04 -5.579952E-04
201192 -4.202850E-04 -5.563063E-04
201193 -4.489859E-04  5.221902E-04
201194  6.839294E-04  6.258543E-06
201195 -6.377927E-04 -2.739855E-04
201196  6.592455E-04  2.217326E-04
201197 -6.830649E-04  1.274616E-04
201198  3.052644E-04 -6.282904E-04
201199  5.409752E-04  4.517780E-04
201200 -3.929516E-04  5.945493E-04
201201 -6.970639E-04 -1.099060E-04
201202 -3.881309E-04 -5.886229E-04
201203  1.463619E-06 -7.179450E-04
201204  2.520098E-04 -6.804352E-04
201205  3.796141E-04 -6.185208E-04
201206  4.069275E-04 -6.116378E-04
201207  3.849909E-04 -6.275000E-04
201208  3.399594E-04 -6.569775E-04
201209  2.951176E-04 -6.869812E-04
201210  2.862640E-04 -6.959058E-04
201211  3.575284E-04 -6.679882E-04
201212  5.113045E-04 -5.561678E-04
201213  7.175069E-04 -2.890965E-04
201214  7.370341E-04  2.420126E-04
201215  1.965433E-04  7.515219E-04
201216 -6.962075E-04  3.519069E-04
201217 -2.323807E-04 -7.432302E-04
201218  7.467117E-04  2.218824E-04
201219 -7.700496E-04  1.657059E-04
201220  7.635416E-04 -1.706936E-04
201221 -7.626652E-04 -2.544033E-04
201222  1.402754E-04  7.842220E-04
201223  7.797959E-04 -7.429362E-05
201224  4.206190E-04 -6.729701E-04
