1225
200000 0.0 0.0 5.0
200001 0.4357787137382908 0.0 4.9809734904587275
200002 0.4341204441673258 0.037980617469479845 4.9809734904587275
200003 0.4291582558871564 0.0756721795066931 4.9809734904587275
200004 0.4209299141468459 0.11278783056574916 4.9809734904587275
200005 0.4094980415954466 0.14904509813104577 4.9809734904587275
200006 0.3949496416858281 0.18416804250367433 4.9809734904587275
200007 0.3773954365258666 0.21788935686914537 4.9809734904587275
200008 0.35696902421634824 0.24995240166365146 4.9809734904587275
200009 0.33382586208875353 0.28011315775611056 4.9809734904587275
200010 0.30814208358109674 0.3081420835810967 4.9809734904587275
200011 0.2801131577561106 0.33382586208875353 4.9809734904587275
200012 0.24995240166365146 0.35696902421634824 4.9809734904587275
200013 0.21788935686914546 0.37739543652586655 4.9809734904587275
200014 0.18416804250367433 0.3949496416858281 4.9809734904587275
200015 0.14904509813104583 0.4094980415954466 4.9809734904587275
200016 0.11278783056574916 0.4209299141468459 4.9809734904587275
200017 0.07567217950669312 0.4291582558871564 4.9809734904587275
200018 0.03798061746947993 0.4341204441673258 4.9809734904587275
200019 0.0 0.4357787137382908 4.9809734904587275
200020 -0.03798061746947987 0.4341204441673258 4.9809734904587275
200021 -0.07567217950669308 0.4291582558871564 4.9809734904587275
200022 -0.1127878305657492 0.4209299141468459 4.9809734904587275
200023 -0.14904509813104577 0.4094980415954466 4.9809734904587275
200024 -0.18416804250367427 0.39494964168582813 4.9809734904587275
200025 -0.21788935686914532 0.3773954365258666 4.9809734904587275
200026 -0.24995240166365137 0.35696902421634835 4.9809734904587275
200027 -0.2801131577561106 0.33382586208875353 4.9809734904587275
200028 -0.3081420835810967 0.30814208358109674 4.9809734904587275
200029 -0.3338258620887535 0.2801131577561107 4.9809734904587275
200030 -0.3569690242163483 0.24995240166365143 4.9809734904587275
200031 -0.3773954365258666 0.21788935686914537 4.9809734904587275
200032 -0.3949496416858281 0.18416804250367433 4.9809734904587275
200033 -0.4094980415954466 0.14904509813104586 4.9809734904587275
200034 -0.4209299141468459 0.11278783056574929 4.9809734904587275
200035 -0.4291582558871564 0.07567217950669326 4.9809734904587275
200036 -0.4341204441673258 0.03798061746947985 4.9809734904587275
200037 -0.4357787137382908 0.0 4.9809734904587275
200038 -0.4341204441673258 -0.03798061746947975 4.9809734904587275
200039 -0.4291582558871564 -0.07567217950669315 4.9809734904587275
200040 -0.42092991414684594 -0.112787830565749 4.9809734904587275
200041 -0.4094980415954466 -0.14904509813104574 4.9809734904587275
200042 -0.39494964168582813 -0.18416804250367425 4.9809734904587275
200043 -0.37739543652586655 -0.21788935686914546 4.9809734904587275
200044 -0.35696902421634835 -0.24995240166365137 4.9809734904587275
200045 -0.33382586208875353 -0.28011315775611056 4.9809734904587275
200046 -0.3081420835810968 -0.3081420835810967 4.9809734904587275
200047 -0.2801131577561107 -0.3338258620887535 4.9809734904587275
200048 -0.24995240166365162 -0.3569690242163482 4.9809734904587275
200049 -0.2178893568691456 -0.3773954365258665 4.9809734904587275
200050 -0.1841680425036742 -0.39494964168582813 4.9809734904587275
200051 -0.14904509813104608 -0.40949804159544656 4.9809734904587275
200052 -0.1127878305657491 -0.4209299141468459 4.9809734904587275
200053 -0.0756721795066931 -0.4291582558871564 4.9809734904587275
200054 -0.03798061746947988 -0.4341204441673258 4.9809734904587275
200055 0.0 -0.4357787137382908 4.9809734904587275
200056 0.03798061746947972 -0.4341204441673258 4.9809734904587275
200057 0.07567217950669294 -0.42915825588715645 4.9809734904587275
200058 0.11278783056574897 -0.42092991414684594 4.9809734904587275
200059 0.1490450981310459 -0.4094980415954466 4.9809734904587275
200060 0.18416804250367405 -0.39494964168582825 4.9809734904587275
200061 0.21788935686914546 -0.37739543652586655 4.9809734904587275
200062 0.24995240166365146 -0.35696902421634824 4.9809734904587275
200063 0.28011315775611056 -0.33382586208875353 4.9809734904587275
200064 0.3081420835810966 -0.3081420835810968 4.9809734904587275
200065 0.3338258620887534 -0.28011315775611073 4.9809734904587275
200066 0.3569690242163482 -0.24995240166365165 4.9809734904587275
200067 0.3773954365258665 -0.2178893568691456 4.9809734904587275
200068 0.39494964168582813 -0.18416804250367422 4.9809734904587275
200069 0.4094980415954465 -0.1490450981310461 4.9809734904587275
200070 0.4209299141468459 -0.11278783056574913 4.9809734904587275
200071 0.4291582558871564 -0.07567217950669312 4.9809734904587275
200072 0.4341204441673258 -0.03798061746947991 4.9809734904587275
200073 0.8682408883346516 0.0 4.92403876506104
200074 0.8649369696254472 0.0756721795066931 4.92403876506104
200075 0.8550503583141716 0.150768448035229 4.92403876506104
200076 0.8386562974826031 0.22471727763773888 4.92403876506104
200077 0.815879555832674 0.29695587306942345 4.92403876506104
200078 0.7868934781213132 0.3669344550001912 4.92403876506104
200079 0.7519186659021765 0.43412044416732576 4.92403876506104
200080 0.7112212986146201 0.49800251462525597 4.92403876506104
200081 0.665111107797445 0.5580944852447481 4.92403876506104
200082 0.6139390198448642 0.6139390198448641 4.92403876506104
200083 0.5580944852447483 0.665111107797445 4.92403876506104
200084 0.49800251462525597 0.7112212986146201 4.92403876506104
200085 0.4341204441673259 0.7519186659021764 4.92403876506104
200086 0.3669344550001912 0.7868934781213132 4.92403876506104
200087 0.29695587306942356 0.8158795558326739 4.92403876506104
200088 0.22471727763773888 0.8386562974826031 4.92403876506104
200089 0.15076844803522907 0.8550503583141716 4.92403876506104
200090 0.07567217950669326 0.8649369696254472 4.92403876506104
200091 0.0 0.8682408883346516 4.92403876506104
200092 -0.07567217950669315 0.8649369696254472 4.92403876506104
200093 -0.15076844803522899 0.8550503583141716 4.92403876506104
200094 -0.22471727763773897 0.8386562974826031 4.92403876506104
200095 -0.29695587306942345 0.815879555832674 4.92403876506104
200096 -0.3669344550001911 0.7868934781213133 4.92403876506104
200097 -0.43412044416732565 0.7519186659021765 4.92403876506104
200098 -0.4980025146252558 0.7112212986146204 4.92403876506104
200099 -0.5580944852447483 0.665111107797445 4.92403876506104
200100 -0.6139390198448641 0.6139390198448642 4.92403876506104
200101 -0.6651111077974449 0.5580944852447484 4.92403876506104
200102 -0.7112212986146202 0.4980025146252559 4.92403876506104
200103 -0.7519186659021765 0.43412044416732576 4.92403876506104
200104 -0.7868934781213132 0.36693445500019123 4.92403876506104
200105 -0.8158795558326739 0.2969558730694236 4.92403876506104
200106 -0.838656297482603 0.2247172776377391 4.92403876506104
200107 -0.8550503583141716 0.15076844803522935 4.92403876506104
200108 -0.8649369696254472 0.07567217950669312 4.92403876506104
200109 -0.8682408883346516 0.0 4.92403876506104
200110 -0.8649369696254472 -0.0756721795066929 4.92403876506104
200111 -0.8550503583141716 -0.15076844803522912 4.92403876506104
200112 -0.8386562974826032 -0.22471727763773852 4.92403876506104
200113 -0.815879555832674 -0.29695587306942345 4.92403876506104
200114 -0.7868934781213133 -0.36693445500019106 4.92403876506104
200115 -0.7519186659021764 -0.4341204441673259 4.92403876506104
200116 -0.7112212986146204 -0.4980025146252558 4.92403876506104
200117 -0.665111107797445 -0.5580944852447481 4.92403876506104
200118 -0.6139390198448643 -0.6139390198448641 4.92403876506104
200119 -0.5580944852447484 -0.6651111077974449 4.92403876506104
200120 -0.4980025146252563 -0.7112212986146199 4.92403876506104
200121 -0.4341204441673262 -0.7519186659021762 4.92403876506104
200122 -0.36693445500019095 -0.7868934781213133 4.92403876506104
200123 -0.29695587306942406 -0.8158795558326739 4.92403876506104
200124 -0.22471727763773877 -0.8386562974826031 4.92403876506104
200125 -0.150768448035229 -0.8550503583141716 4.92403876506104
200126 -0.07567217950669317 -0.8649369696254472 4.92403876506104
200127 0.0 -0.8682408883346516 4.92403876506104
200128 0.07567217950669286 -0.8649369696254472 4.92403876506104
200129 0.15076844803522868 -0.8550503583141718 4.92403876506104
200130 0.2247172776377385 -0.8386562974826032 4.92403876506104
200131 0.2969558730694237 -0.8158795558326739 4.92403876506104
200132 0.3669344550001907 -0.7868934781213135 4.92403876506104
200133 0.4341204441673259 -0.7519186659021764 4.92403876506104
200134 0.49800251462525597 -0.7112212986146201 4.92403876506104
200135 0.5580944852447481 -0.6651111077974451 4.92403876506104
200136 0.613939019844864 -0.6139390198448643 4.92403876506104
200137 0.6651111077974448 -0.5580944852447485 4.92403876506104
200138 0.7112212986146199 -0.49800251462525635 4.92403876506104
200139 0.7519186659021762 -0.4341204441673262 4.92403876506104
200140 0.7868934781213133 -0.366934455000191 4.92403876506104
200141 0.8158795558326738 -0.2969558730694241 4.92403876506104
200142 0.8386562974826031 -0.22471727763773883 4.92403876506104
200143 0.8550503583141716 -0.15076844803522904 4.92403876506104
200144 0.8649369696254472 -0.07567217950669324 4.92403876506104
200145 1.2940952255126037 0.0 4.8296291314453415
200146 1.2891708024814976 0.11278783056574916 4.8296291314453415
200147 1.2744350112208938 0.22471727763773888 4.8296291314453415
200148 1.25 0.33493649053890334 4.8296291314453415
200149 1.2160517340084698 0.4426066345068843 4.8296291314453415
200150 1.1728485800490223 0.546908274733075 4.8296291314453415
200151 1.1207193402100668 0.6470476127563017 4.8296291314453415
200152 1.0600607494832732 0.7422625277484225 4.8296291314453415
200153 0.9913344563707308 0.8318283767140094 4.8296291314453415
200154 0.9150635094610966 0.9150635094610965 4.8296291314453415
200155 0.8318283767140097 0.9913344563707308 4.8296291314453415
200156 0.7422625277484225 1.0600607494832732 4.8296291314453415
200157 0.647047612756302 1.1207193402100668 4.8296291314453415
200158 0.546908274733075 1.1728485800490223 4.8296291314453415
200159 0.4426066345068844 1.2160517340084696 4.8296291314453415
200160 0.33493649053890334 1.25 4.8296291314453415
200161 0.224717277637739 1.2744350112208938 4.8296291314453415
200162 0.11278783056574943 1.2891708024814976 4.8296291314453415
200163 0.0 1.2940952255126037 4.8296291314453415
200164 -0.11278783056574926 1.2891708024814976 4.8296291314453415
200165 -0.22471727763773885 1.2744350112208938 4.8296291314453415
200166 -0.33493649053890345 1.25 4.8296291314453415
200167 -0.4426066345068843 1.2160517340084698 4.8296291314453415
200168 -0.5469082747330749 1.1728485800490225 4.8296291314453415
200169 -0.6470476127563016 1.1207193402100668 4.8296291314453415
200170 -0.7422625277484223 1.0600607494832734 4.8296291314453415
200171 -0.8318283767140097 0.9913344563707308 4.8296291314453415
200172 -0.9150635094610965 0.9150635094610966 4.8296291314453415
200173 -0.9913344563707306 0.8318283767140098 4.8296291314453415
200174 -1.0600607494832732 0.7422625277484224 4.8296291314453415
200175 -1.1207193402100668 0.6470476127563017 4.8296291314453415
200176 -1.1728485800490223 0.5469082747330751 4.8296291314453415
200177 -1.2160517340084696 0.44260663450688453 4.8296291314453415
200178 -1.2499999999999998 0.3349364905389037 4.8296291314453415
200179 -1.2744350112208938 0.22471727763773938 4.8296291314453415
200180 -1.2891708024814976 0.1127878305657492 4.8296291314453415
200181 -1.2940952255126037 0.0 4.8296291314453415
200182 -1.2891708024814976 -0.11278783056574888 4.8296291314453415
200183 -1.2744350112208938 -0.22471727763773905 4.8296291314453415
200184 -1.25 -0.33493649053890284 4.8296291314453415
200185 -1.2160517340084698 -0.4426066345068842 4.8296291314453415
200186 -1.1728485800490225 -0.5469082747330748 4.8296291314453415
200187 -1.1207193402100668 -0.647047612756302 4.8296291314453415
200188 -1.0600607494832734 -0.7422625277484223 4.8296291314453415
200189 -0.9913344563707308 -0.8318283767140094 4.8296291314453415
200190 -0.9150635094610967 -0.9150635094610965 4.8296291314453415
200191 -0.8318283767140098 -0.9913344563707306 4.8296291314453415
200192 -0.7422625277484229 -1.0600607494832728 4.8296291314453415
200193 -0.6470476127563024 -1.1207193402100664 4.8296291314453415
200194 -0.5469082747330747 -1.1728485800490225 4.8296291314453415
200195 -0.44260663450688514 -1.2160517340084696 4.8296291314453415
200196 -0.3349364905389032 -1.25 4.8296291314453415
200197 -0.22471727763773888 -1.2744350112208938 4.8296291314453415
200198 -0.11278783056574927 -1.2891708024814976 4.8296291314453415
200199 -2.3772143635738234e-16 -1.2940952255126037 4.8296291314453415
200200 0.11278783056574881 -1.2891708024814976 4.8296291314453415
200201 0.2247172776377384 -1.274435011220894 4.8296291314453415
200202 0.33493649053890273 -1.25 4.8296291314453415
200203 0.44260663450688464 -1.2160517340084696 4.8296291314453415
200204 0.5469082747330742 -1.1728485800490227 4.8296291314453415
200205 0.647047612756302 -1.1207193402100668 4.8296291314453415
200206 0.7422625277484225 -1.0600607494832732 4.8296291314453415
200207 0.8318283767140094 -0.9913344563707309 4.8296291314453415
200208 0.9150635094610963 -0.9150635094610967 4.8296291314453415
200209 0.9913344563707305 -0.8318283767140099 4.8296291314453415
200210 1.0600607494832728 -0.742262527748423 4.8296291314453415
200211 1.1207193402100664 -0.6470476127563024 4.8296291314453415
200212 1.1728485800490225 -0.5469082747330747 4.8296291314453415
200213 1.2160517340084693 -0.4426066345068852 4.8296291314453415
200214 1.25 -0.33493649053890323 4.8296291314453415
200215 1.2744350112208938 -0.22471727763773894 4.8296291314453415
200216 1.2891708024814976 -0.11278783056574937 4.8296291314453415
200217 1.7101007166283435 0.0 4.698463103929543
200218 1.7035932671080503 0.14904509813104577 4.698463103929543
200219 1.6841204441673256 0.29695587306942345 4.698463103929543
200220 1.6518304477467605 0.44260663450688426 4.698463103929543
200221 1.6069690242163484 0.5848888922025548 4.698463103929543
200222 1.549877596097223 0.722719792262995 4.698463103929543
200223 1.480990663630119 0.8550503583141716 4.698463103929543
200224 1.4008324979661775 0.9808734748450553 4.698463103929543
200225 1.3100131511469246 1.0992315519647706 4.698463103929543
200226 1.2092238132398763 1.209223813239876 4.698463103929543
200227 1.0992315519647708 1.3100131511469246 4.698463103929543
200228 0.9808734748450553 1.4008324979661775 4.698463103929543
200229 0.855050358314172 1.4809906636301189 4.698463103929543
200230 0.722719792262995 1.549877596097223 4.698463103929543
200231 0.584888892202555 1.6069690242163481 4.698463103929543
200232 0.44260663450688426 1.6518304477467605 4.698463103929543
200233 0.2969558730694236 1.6841204441673256 4.698463103929543
200234 0.1490450981310461 1.7035932671080503 4.698463103929543
200235 0.0 1.7101007166283435 4.698463103929543
200236 -0.1490450981310459 1.7035932671080503 4.698463103929543
200237 -0.29695587306942345 1.6841204441673256 4.698463103929543
200238 -0.4426066345068845 1.6518304477467605 4.698463103929543
200239 -0.5848888922025548 1.6069690242163484 4.698463103929543
200240 -0.7227197922629948 1.5498775960972233 4.698463103929543
200241 -0.8550503583141714 1.480990663630119 4.698463103929543
200242 -0.9808734748450549 1.400832497966178 4.698463103929543
200243 -1.0992315519647708 1.3100131511469246 4.698463103929543
200244 -1.209223813239876 1.2092238132398763 4.698463103929543
200245 -1.3100131511469244 1.099231551964771 4.698463103929543
200246 -1.4008324979661777 0.9808734748450552 4.698463103929543
200247 -1.480990663630119 0.8550503583141716 4.698463103929543
200248 -1.549877596097223 0.7227197922629951 4.698463103929543
200249 -1.6069690242163481 0.5848888922025551 4.698463103929543
200250 -1.6518304477467605 0.44260663450688476 4.698463103929543
200251 -1.6841204441673256 0.2969558730694241 4.698463103929543
200252 -1.7035932671080503 0.14904509813104583 4.698463103929543
200253 -1.7101007166283435 0.0 4.698463103929543
200254 -1.7035932671080503 -0.1490450981310454 4.698463103929543
200255 -1.6841204441673256 -0.2969558730694237 4.698463103929543
200256 -1.6518304477467607 -0.4426066345068836 4.698463103929543
200257 -1.6069690242163484 -0.5848888922025547 4.698463103929543
200258 -1.5498775960972233 -0.7227197922629947 4.698463103929543
200259 -1.4809906636301189 -0.855050358314172 4.698463103929543
200260 -1.400832497966178 -0.9808734748450549 4.698463103929543
200261 -1.3100131511469246 -1.0992315519647706 4.698463103929543
200262 -1.2092238132398765 -1.209223813239876 4.698463103929543
200263 -1.099231551964771 -1.3100131511469244 4.698463103929543
200264 -0.9808734748450558 -1.400832497966177 4.698463103929543
200265 -0.8550503583141725 -1.4809906636301187 4.698463103929543
200266 -0.7227197922629945 -1.5498775960972233 4.698463103929543
200267 -0.5848888922025559 -1.606969024216348 4.698463103929543
200268 -0.4426066345068841 -1.6518304477467605 4.698463103929543
200269 -0.29695587306942345 -1.6841204441673256 4.698463103929543
200270 -0.1490450981310459 -1.7035932671080503 4.698463103929543
200271 -3.1414040532577435e-16 -1.7101007166283435 4.698463103929543
200272 0.1490450981310453 -1.7035932671080503 4.698463103929543
200273 0.29695587306942284 -1.6841204441673259 4.698463103929543
200274 0.44260663450688353 -1.6518304477467607 4.698463103929543
200275 0.5848888922025552 -1.6069690242163481 4.698463103929543
200276 0.7227197922629939 -1.5498775960972238 4.698463103929543
200277 0.855050358314172 -1.4809906636301189 4.698463103929543
200278 0.9808734748450553 -1.4008324979661775 4.698463103929543
200279 1.0992315519647706 -1.3100131511469248 4.698463103929543
200280 1.2092238132398758 -1.2092238132398765 4.698463103929543
200281 1.3100131511469242 -1.0992315519647713 4.698463103929543
200282 1.400832497966177 -0.980873474845056 4.698463103929543
200283 1.4809906636301187 -0.8550503583141725 4.698463103929543
200284 1.5498775960972233 -0.7227197922629945 4.698463103929543
200285 1.6069690242163477 -0.584888892202556 4.698463103929543
200286 1.6518304477467605 -0.4426066345068842 4.698463103929543
200287 1.6841204441673256 -0.29695587306942356 4.698463103929543
200288 1.7035932671080503 -0.14904509813104605 4.698463103929543
200289 2.1130913087034973 0.0 4.531538935183249
200290 2.105050358314172 0.18416804250367433 4.531538935183249
200291 2.080988703633917 0.36693445500019123 4.531538935183249
200292 2.0410894683836744 0.546908274733075 4.531538935183249
200293 1.9856563098355144 0.722719792262995 4.531538935183249
200294 1.9151111077974452 0.8930309757836518 4.531538935183249
200295 1.8299907538533342 1.0565456543517484 4.531538935183249
200296 1.7309430652937707 1.21201938253052 4.531538935183249
200297 1.618721854835323 1.358268911370922 4.531538935183249
200298 1.4941811936505993 1.494181193650599 4.531538935183249
200299 1.3582689113709223 1.618721854835323 4.531538935183249
200300 1.21201938253052 1.7309430652937707 4.531538935183249
200301 1.0565456543517489 1.829990753853334 4.531538935183249
200302 0.8930309757836518 1.9151111077974452 4.531538935183249
200303 0.7227197922629952 1.9856563098355142 4.531538935183249
200304 0.546908274733075 2.0410894683836744 4.531538935183249
200305 0.3669344550001914 2.080988703633917 4.531538935183249
200306 0.18416804250367474 2.105050358314172 4.531538935183249
200307 0.0 2.1130913087034973 4.531538935183249
200308 -0.18416804250367447 2.105050358314172 4.531538935183249
200309 -0.3669344550001912 2.080988703633917 4.531538935183249
200310 -0.5469082747330752 2.0410894683836744 4.531538935183249
200311 -0.722719792262995 1.9856563098355144 4.531538935183249
200312 -0.8930309757836515 1.9151111077974454 4.531538935183249
200313 -1.0565456543517482 1.8299907538533342 4.531538935183249
200314 -1.2120193825305197 1.7309430652937714 4.531538935183249
200315 -1.3582689113709223 1.618721854835323 4.531538935183249
200316 -1.494181193650599 1.4941811936505993 4.531538935183249
200317 -1.6187218548353228 1.3582689113709225 4.531538935183249
200318 -1.730943065293771 1.2120193825305199 4.531538935183249
200319 -1.8299907538533342 1.0565456543517484 4.531538935183249
200320 -1.9151111077974452 0.8930309757836519 4.531538935183249
200321 -1.9856563098355142 0.7227197922629953 4.531538935183249
200322 -2.041089468383674 0.5469082747330756 4.531538935183249
200323 -2.080988703633917 0.36693445500019206 4.531538935183249
200324 -2.105050358314172 0.18416804250367438 4.531538935183249
200325 -2.1130913087034973 2.5877905075098297e-16 4.531538935183249
200326 -2.105050358314172 -0.18416804250367386 4.531538935183249
200327 -2.080988703633917 -0.3669344550001915 4.531538935183249
200328 -2.0410894683836744 -0.5469082747330742 4.531538935183249
200329 -1.9856563098355144 -0.7227197922629949 4.531538935183249
200330 -1.9151111077974454 -0.8930309757836514 4.531538935183249
200331 -1.829990753853334 -1.0565456543517489 4.531538935183249
200332 -1.7309430652937714 -1.2120193825305197 4.531538935183249
200333 -1.618721854835323 -1.358268911370922 4.531538935183249
200334 -1.4941811936505995 -1.494181193650599 4.531538935183249
200335 -1.3582689113709225 -1.6187218548353228 4.531538935183249
200336 -1.2120193825305208 -1.7309430652937703 4.531538935183249
200337 -1.0565456543517495 -1.8299907538533335 4.531538935183249
200338 -0.8930309757836511 -1.9151111077974454 4.531538935183249
200339 -0.7227197922629964 -1.985656309835514 4.531538935183249
200340 -0.5469082747330748 -2.0410894683836744 4.531538935183249
200341 -0.36693445500019123 -2.080988703633917 4.531538935183249
200342 -0.18416804250367452 -2.105050358314172 4.531538935183249
200343 -3.881685761264744e-16 -2.1130913087034973 4.531538935183249
200344 0.18416804250367375 -2.105050358314172 4.531538935183249
200345 0.36693445500019045 -2.0809887036339174 4.531538935183249
200346 0.5469082747330741 -2.0410894683836744 4.531538935183249
200347 0.7227197922629955 -1.9856563098355142 4.531538935183249
200348 0.8930309757836504 -1.9151111077974459 4.531538935183249
200349 1.0565456543517489 -1.829990753853334 4.531538935183249
200350 1.21201938253052 -1.7309430652937707 4.531538935183249
200351 1.358268911370922 -1.6187218548353233 4.531538935183249
200352 1.4941811936505989 -1.4941811936505995 4.531538935183249
200353 1.6187218548353226 -1.3582689113709228 4.531538935183249
200354 1.7309430652937703 -1.212019382530521 4.531538935183249
200355 1.8299907538533335 -1.0565456543517495 4.531538935183249
200356 1.9151111077974454 -0.8930309757836513 4.531538935183249
200357 1.9856563098355138 -0.7227197922629965 4.531538935183249
200358 2.0410894683836744 -0.5469082747330749 4.531538935183249
200359 2.080988703633917 -0.36693445500019134 4.531538935183249
200360 2.105050358314172 -0.18416804250367466 4.531538935183249
200361 2.4999999999999996 0.0 4.330127018922194
200362 2.4904867452293633 0.21788935686914537 4.330127018922194
200363 2.4620193825305194 0.43412044416732576 4.330127018922194
200364 2.4148145657226703 0.6470476127563017 4.330127018922194
200365 2.349231551964771 0.8550503583141716 4.330127018922194
200366 2.2657694675916242 1.0565456543517484 4.330127018922194
200367 2.1650635094610964 1.2499999999999996 4.330127018922194
200368 2.0478801107224793 1.433941090877615 4.330127018922194
200369 1.9151111077974448 1.606969024216348 4.330127018922194
200370 1.7677669529663687 1.7677669529663684 4.330127018922194
200371 1.6069690242163481 1.9151111077974448 4.330127018922194
200372 1.433941090877615 2.0478801107224793 4.330127018922194
200373 1.25 2.165063509461096 4.330127018922194
200374 1.0565456543517484 2.2657694675916242 4.330127018922194
200375 0.8550503583141719 2.3492315519647704 4.330127018922194
200376 0.6470476127563017 2.4148145657226703 4.330127018922194
200377 0.434120444167326 2.4620193825305194 4.330127018922194
200378 0.21788935686914587 2.4904867452293633 4.330127018922194
200379 0.0 2.4999999999999996 4.330127018922194
200380 -0.21788935686914554 2.4904867452293633 4.330127018922194
200381 -0.4341204441673257 2.4620193825305194 4.330127018922194
200382 -0.647047612756302 2.4148145657226703 4.330127018922194
200383 -0.8550503583141716 2.349231551964771 4.330127018922194
200384 -1.0565456543517482 2.2657694675916247 4.330127018922194
200385 -1.2499999999999993 2.1650635094610964 4.330127018922194
200386 -1.4339410908776142 2.0478801107224798 4.330127018922194
200387 -1.6069690242163481 1.9151111077974448 4.330127018922194
200388 -1.7677669529663684 1.7677669529663687 4.330127018922194
200389 -1.9151111077974443 1.6069690242163484 4.330127018922194
200390 -2.0478801107224793 1.4339410908776147 4.330127018922194
200391 -2.1650635094610964 1.2499999999999996 4.330127018922194
200392 -2.2657694675916242 1.0565456543517486 4.330127018922194
200393 -2.3492315519647704 0.8550503583141721 4.330127018922194
200394 -2.4148145657226703 0.6470476127563024 4.330127018922194
200395 -2.4620193825305194 0.4341204441673267 4.330127018922194
200396 -2.4904867452293633 0.21788935686914546 4.330127018922194
200397 -2.4999999999999996 3.0616169978683826e-16 4.330127018922194
200398 -2.4904867452293633 -0.21788935686914482 4.330127018922194
200399 -2.4620193825305194 -0.4341204441673261 4.330127018922194
200400 -2.4148145657226707 -0.6470476127563007 4.330127018922194
200401 -2.349231551964771 -0.8550503583141715 4.330127018922194
200402 -2.2657694675916247 -1.056545654351748 4.330127018922194
200403 -2.165063509461096 -1.25 4.330127018922194
200404 -2.0478801107224798 -1.4339410908776142 4.330127018922194
200405 -1.9151111077974448 -1.606969024216348 4.330127018922194
200406 -1.7677669529663689 -1.7677669529663684 4.330127018922194
200407 -1.6069690242163484 -1.9151111077974443 4.330127018922194
200408 -1.4339410908776158 -2.0478801107224784 4.330127018922194
200409 -1.2500000000000009 -2.1650635094610955 4.330127018922194
200410 -1.0565456543517477 -2.2657694675916247 4.330127018922194
200411 -0.8550503583141733 -2.34923155196477 4.330127018922194
200412 -0.6470476127563014 -2.4148145657226703 4.330127018922194
200413 -0.43412044416732576 -2.4620193825305194 4.330127018922194
200414 -0.2178893568691456 -2.4904867452293633 4.330127018922194
200415 -4.592425496802573e-16 -2.4999999999999996 4.330127018922194
200416 0.21788935686914468 -2.4904867452293633 4.330127018922194
200417 0.43412044416732487 -2.46201938253052 4.330127018922194
200418 0.6470476127563006 -2.4148145657226707 4.330127018922194
200419 0.8550503583141723 -2.3492315519647704 4.330127018922194
200420 1.0565456543517469 -2.265769467591625 4.330127018922194
200421 1.25 -2.165063509461096 4.330127018922194
200422 1.433941090877615 -2.0478801107224793 4.330127018922194
200423 1.606969024216348 -1.915111107797445 4.330127018922194
200424 1.767766952966368 -1.7677669529663689 4.330127018922194
200425 1.915111107797444 -1.6069690242163486 4.330127018922194
200426 2.0478801107224784 -1.433941090877616 4.330127018922194
200427 2.1650635094610955 -1.2500000000000009 4.330127018922194
200428 2.2657694675916247 -1.056545654351748 4.330127018922194
200429 2.34923155196477 -0.8550503583141734 4.330127018922194
200430 2.4148145657226703 -0.6470476127563016 4.330127018922194
200431 2.4620193825305194 -0.43412044416732587 4.330127018922194
200432 2.4904867452293633 -0.21788935686914576 4.330127018922194
200433 2.8678821817552302 0.0 4.095760221444959
200434 2.856969024216348 0.24995240166365149 4.095760221444959
200435 2.824312607318117 0.498002514625256 4.095760221444959
200436 2.7701614661116167 0.7422625277484225 4.095760221444959
200437 2.694927723478781 0.9808734748450554 4.095760221444959
200438 2.599183953628422 1.21201938253052 4.095760221444959
200439 2.4836588244607705 1.433941090877615 4.095760221444959
200440 2.349231551964771 1.6449496416858278 4.095760221444959
200441 2.196925208853525 1.8434391324730615 4.095760221444959
200442 2.0278989383631942 2.027898938363194 4.095760221444959
200443 1.843439132473062 2.196925208853525 4.095760221444959
200444 1.6449496416858278 2.349231551964771 4.095760221444959
200445 1.4339410908776153 2.48365882446077 4.095760221444959
200446 1.21201938253052 2.599183953628422 4.095760221444959
200447 0.9808734748450556 2.694927723478781 4.095760221444959
200448 0.7422625277484225 2.7701614661116167 4.095760221444959
200449 0.49800251462525624 2.824312607318117 4.095760221444959
200450 0.24995240166365204 2.856969024216348 4.095760221444959
200451 0.0 2.8678821817552302 4.095760221444959
200452 -0.24995240166365168 2.856969024216348 4.095760221444959
200453 -0.4980025146252559 2.824312607318117 4.095760221444959
200454 -0.7422625277484228 2.7701614661116167 4.095760221444959
200455 -0.9808734748450554 2.694927723478781 4.095760221444959
200456 -1.2120193825305197 2.5991839536284225 4.095760221444959
200457 -1.4339410908776147 2.4836588244607705 4.095760221444959
200458 -1.6449496416858274 2.3492315519647713 4.095760221444959
200459 -1.843439132473062 2.196925208853525 4.095760221444959
200460 -2.027898938363194 2.0278989383631942 4.095760221444959
200461 -2.196925208853525 1.8434391324730621 4.095760221444959
200462 -2.3492315519647713 1.6449496416858276 4.095760221444959
200463 -2.4836588244607705 1.433941090877615 4.095760221444959
200464 -2.599183953628422 1.2120193825305203 4.095760221444959
200465 -2.694927723478781 0.9808734748450558 4.095760221444959
200466 -2.7701614661116163 0.7422625277484233 4.095760221444959
200467 -2.824312607318117 0.49800251462525713 4.095760221444959
200468 -2.856969024216348 0.24995240166365157 4.095760221444959
200469 -2.8678821817552302 3.5121427342182707e-16 4.095760221444959
200470 -2.856969024216348 -0.24995240166365085 4.095760221444959
200471 -2.824312607318117 -0.4980025146252564 4.095760221444959
200472 -2.770161466111617 -0.7422625277484214 4.095760221444959
200473 -2.694927723478781 -0.9808734748450552 4.095760221444959
200474 -2.5991839536284225 -1.2120193825305197 4.095760221444959
200475 -2.48365882446077 -1.4339410908776153 4.095760221444959
200476 -2.3492315519647713 -1.6449496416858274 4.095760221444959
200477 -2.196925208853525 -1.8434391324730615 4.095760221444959
200478 -2.0278989383631947 -2.027898938363194 4.095760221444959
200479 -1.8434391324730621 -2.196925208853525 4.095760221444959
200480 -1.644949641685829 -2.34923155196477 4.095760221444959
200481 -1.4339410908776165 -2.4836588244607696 4.095760221444959
200482 -1.2120193825305192 -2.5991839536284225 4.095760221444959
200483 -0.9808734748450573 -2.6949277234787807 4.095760221444959
200484 -0.7422625277484222 -2.7701614661116167 4.095760221444959
200485 -0.498002514625256 -2.824312607318117 4.095760221444959
200486 -0.24995240166365174 -2.856969024216348 4.095760221444959
200487 -5.268214101327405e-16 -2.8678821817552302 4.095760221444959
200488 0.24995240166365068 -2.856969024216348 4.095760221444959
200489 0.49800251462525497 -2.8243126073181175 4.095760221444959
200490 0.7422625277484213 -2.770161466111617 4.095760221444959
200491 0.9808734748450562 -2.694927723478781 4.095760221444959
200492 1.2120193825305183 -2.5991839536284234 4.095760221444959
200493 1.4339410908776153 -2.48365882446077 4.095760221444959
200494 1.6449496416858278 -2.349231551964771 4.095760221444959
200495 1.8434391324730615 -2.1969252088535254 4.095760221444959
200496 2.027898938363194 -2.0278989383631947 4.095760221444959
200497 2.1969252088535245 -1.8434391324730626 4.095760221444959
200498 2.34923155196477 -1.6449496416858291 4.095760221444959
200499 2.4836588244607696 -1.4339410908776165 4.095760221444959
200500 2.5991839536284225 -1.2120193825305194 4.095760221444959
200501 2.6949277234787803 -0.9808734748450574 4.095760221444959
200502 2.7701614661116167 -0.7422625277484224 4.095760221444959
200503 2.824312607318117 -0.4980025146252562 4.095760221444959
200504 2.856969024216348 -0.24995240166365193 4.095760221444959
200505 3.2139380484326963 0.0 3.83022221559489
200506 3.2017080438439836 0.2801131577561106 3.83022221559489
200507 3.1651111077974448 0.5580944852447481 3.83022221559489
200508 3.104425765074228 0.8318283767140094 3.83022221559489
200509 3.0201138677752684 1.0992315519647708 3.83022221559489
200510 2.9128170803479265 1.358268911370922 3.83022221559489
200511 2.7833519961320965 1.606969024216348 3.83022221559489
200512 2.632703922591816 1.8434391324730615 3.83022221559489
200513 2.46201938253052 2.0658795558326735 3.83022221559489
200514 2.2725973883602184 2.272597388360218 3.83022221559489
200515 2.065879555832674 2.46201938253052 3.83022221559489
200516 1.8434391324730615 2.632703922591816 3.83022221559489
200517 1.6069690242163486 2.7833519961320965 3.83022221559489
200518 1.358268911370922 2.9128170803479265 3.83022221559489
200519 1.099231551964771 3.020113867775268 3.83022221559489
200520 0.8318283767140094 3.104425765074228 3.83022221559489
200521 0.5580944852447485 3.1651111077974448 3.83022221559489
200522 0.28011315775611123 3.2017080438439836 3.83022221559489
200523 0.0 3.2139380484326963 3.83022221559489
200524 -0.28011315775611084 3.2017080438439836 3.83022221559489
200525 -0.5580944852447481 3.1651111077974448 3.83022221559489
200526 -0.8318283767140099 3.104425765074228 3.83022221559489
200527 -1.0992315519647708 3.0201138677752684 3.83022221559489
200528 -1.3582689113709216 2.912817080347927 3.83022221559489
200529 -1.6069690242163477 2.7833519961320965 3.83022221559489
200530 -1.8434391324730608 2.6327039225918165 3.83022221559489
200531 -2.065879555832674 2.46201938253052 3.83022221559489
200532 -2.272597388360218 2.2725973883602184 3.83022221559489
200533 -2.4620193825305194 2.0658795558326744 3.83022221559489
200534 -2.632703922591816 1.8434391324730612 3.83022221559489
200535 -2.7833519961320965 1.606969024216348 3.83022221559489
200536 -2.9128170803479265 1.358268911370922 3.83022221559489
200537 -3.020113867775268 1.0992315519647713 3.83022221559489
200538 -3.1044257650742275 0.8318283767140104 3.83022221559489
200539 -3.1651111077974448 0.5580944852447495 3.83022221559489
200540 -3.2017080438439836 0.2801131577561107 3.83022221559489
200541 -3.2139380484326963 3.9359389436709925e-16 3.83022221559489
200542 -3.2017080438439836 -0.2801131577561099 3.83022221559489
200543 -3.1651111077974448 -0.5580944852447486 3.83022221559489
200544 -3.104425765074228 -0.8318283767140082 3.83022221559489
200545 -3.0201138677752684 -1.0992315519647706 3.83022221559489
200546 -2.912817080347927 -1.3582689113709214 3.83022221559489
200547 -2.7833519961320965 -1.6069690242163486 3.83022221559489
200548 -2.6327039225918165 -1.8434391324730608 3.83022221559489
200549 -2.46201938253052 -2.0658795558326735 3.83022221559489
200550 -2.272597388360219 -2.272597388360218 3.83022221559489
200551 -2.0658795558326744 -2.4620193825305194 3.83022221559489
200552 -1.8434391324730626 -2.632703922591815 3.83022221559489
200553 -1.6069690242163495 -2.7833519961320956 3.83022221559489
200554 -1.358268911370921 -2.912817080347927 3.83022221559489
200555 -1.0992315519647728 -3.0201138677752675 3.83022221559489
200556 -0.8318283767140091 -3.104425765074228 3.83022221559489
200557 -0.5580944852447481 -3.1651111077974448 3.83022221559489
200558 -0.2801131577561109 -3.2017080438439836 3.83022221559489
200559 -5.903908415506489e-16 -3.2139380484326963 3.83022221559489
200560 0.28011315775610973 -3.2017080438439836 3.83022221559489
200561 0.558094485244747 -3.1651111077974448 3.83022221559489
200562 0.8318283767140081 -3.104425765074228 3.83022221559489
200563 1.0992315519647717 -3.020113867775268 3.83022221559489
200564 1.35826891137092 -2.9128170803479274 3.83022221559489
200565 1.6069690242163486 -2.7833519961320965 3.83022221559489
200566 1.8434391324730615 -2.632703922591816 3.83022221559489
200567 2.0658795558326735 -2.4620193825305203 3.83022221559489
200568 2.2725973883602175 -2.272597388360219 3.83022221559489
200569 2.462019382530519 -2.065879555832675 3.83022221559489
200570 2.632703922591815 -1.843439132473063 3.83022221559489
200571 2.7833519961320956 -1.6069690242163495 3.83022221559489
200572 2.912817080347927 -1.3582689113709212 3.83022221559489
200573 3.020113867775267 -1.099231551964773 3.83022221559489
200574 3.104425765074228 -0.8318283767140093 3.83022221559489
200575 3.1651111077974448 -0.5580944852447484 3.83022221559489
200576 3.2017080438439836 -0.2801131577561111 3.83022221559489
200577 3.5355339059327373 0.0 3.5355339059327378
200578 3.522080132013793 0.30814208358109674 3.5355339059327378
200579 3.4818212016000945 0.6139390198448641 3.5355339059327378
200580 3.4150635094610964 0.9150635094610965 3.5355339059327378
200581 3.3223151219433733 1.209223813239876 3.5355339059327378
200582 3.2042819102789424 1.494181193650599 3.5355339059327378
200583 3.0618621784789726 1.7677669529663684 3.5355339059327378
200584 2.896139826697846 2.027898938363194 3.5355339059327378
200585 2.708376102098509 2.272597388360218 3.5355339059327378
200586 2.5 2.4999999999999996 3.5355339059327378
200587 2.2725973883602184 2.708376102098509 3.5355339059327378
200588 2.027898938363194 2.896139826697846 3.5355339059327378
200589 1.767766952966369 3.061862178478972 3.5355339059327378
200590 1.494181193650599 3.2042819102789424 3.5355339059327378
200591 1.2092238132398765 3.322315121943373 3.5355339059327378
200592 0.9150635094610965 3.4150635094610964 3.5355339059327378
200593 0.6139390198448644 3.4818212016000945 3.5355339059327378
200594 0.3081420835810974 3.522080132013793 3.5355339059327378
200595 0.0 3.5355339059327373 3.5355339059327378
200596 -0.30814208358109696 3.522080132013793 3.5355339059327378
200597 -0.613939019844864 3.4818212016000945 3.5355339059327378
200598 -0.9150635094610968 3.4150635094610964 3.5355339059327378
200599 -1.209223813239876 3.3223151219433733 3.5355339059327378
200600 -1.4941811936505986 3.204281910278943 3.5355339059327378
200601 -1.767766952966368 3.0618621784789726 3.5355339059327378
200602 -2.0278989383631933 2.8961398266978464 3.5355339059327378
200603 -2.2725973883602184 2.708376102098509 3.5355339059327378
200604 -2.4999999999999996 2.5 3.5355339059327378
200605 -2.7083761020985087 2.272597388360219 3.5355339059327378
200606 -2.896139826697846 2.0278989383631933 3.5355339059327378
200607 -3.0618621784789726 1.7677669529663684 3.5355339059327378
200608 -3.2042819102789424 1.4941811936505993 3.5355339059327378
200609 -3.322315121943373 1.2092238132398767 3.5355339059327378
200610 -3.415063509461096 0.9150635094610975 3.5355339059327378
200611 -3.4818212016000945 0.6139390198448655 3.5355339059327378
200612 -3.522080132013793 0.3081420835810968 3.5355339059327378
200613 -3.5355339059327373 4.329780281177466e-16 3.5355339059327378
200614 -3.522080132013793 -0.30814208358109596 3.5355339059327378
200615 -3.4818212016000945 -0.6139390198448647 3.5355339059327378
200616 -3.415063509461097 -0.915063509461095 3.5355339059327378
200617 -3.3223151219433733 -1.209223813239876 3.5355339059327378
200618 -3.204281910278943 -1.4941811936505984 3.5355339059327378
200619 -3.061862178478972 -1.767766952966369 3.5355339059327378
200620 -2.8961398266978464 -2.0278989383631933 3.5355339059327378
200621 -2.708376102098509 -2.272597388360218 3.5355339059327378
200622 -2.5000000000000004 -2.4999999999999996 3.5355339059327378
200623 -2.272597388360219 -2.7083761020985087 3.5355339059327378
200624 -2.027898938363195 -2.896139826697845 3.5355339059327378
200625 -1.7677669529663702 -3.0618621784789712 3.5355339059327378
200626 -1.494181193650598 -3.204281910278943 3.5355339059327378
200627 -1.2092238132398785 -3.3223151219433724 3.5355339059327378
200628 -0.915063509461096 -3.4150635094610964 3.5355339059327378
200629 -0.6139390198448641 -3.4818212016000945 3.5355339059327378
200630 -0.308142083581097 -3.522080132013793 3.5355339059327378
200631 -6.494670421766199e-16 -3.5355339059327373 3.5355339059327378
200632 0.30814208358109574 -3.522080132013793 3.5355339059327378
200633 0.6139390198448629 -3.4818212016000945 3.5355339059327378
200634 0.9150635094610949 -3.415063509461097 3.5355339059327378
200635 1.2092238132398772 -3.322315121943373 3.5355339059327378
200636 1.4941811936505969 -3.2042819102789437 3.5355339059327378
200637 1.767766952966369 -3.061862178478972 3.5355339059327378
200638 2.027898938363194 -2.896139826697846 3.5355339059327378
200639 2.272597388360218 -2.7083761020985095 3.5355339059327378
200640 2.499999999999999 -2.5000000000000004 3.5355339059327378
200641 2.708376102098508 -2.2725973883602193 3.5355339059327378
200642 2.896139826697845 -2.0278989383631956 3.5355339059327378
200643 3.0618621784789712 -1.7677669529663702 3.5355339059327378
200644 3.204281910278943 -1.4941811936505982 3.5355339059327378
200645 3.322315121943372 -1.2092238132398787 3.5355339059327378
200646 3.4150635094610964 -0.9150635094610963 3.5355339059327378
200647 3.4818212016000945 -0.6139390198448643 3.5355339059327378
200648 3.522080132013793 -0.30814208358109724 3.5355339059327378
200649 3.83022221559489 0.0 3.2139380484326967
200650 3.815647063688848 0.33382586208875353 3.2139380484326967
200651 3.7720325336774447 0.665111107797445 3.2139380484326967
200652 3.6997105584692402 0.9913344563707307 3.2139380484326967
200653 3.599231551964771 1.3100131511469246 3.2139380484326967
200654 3.471360220074419 1.6187218548353228 3.2139380484326967
200655 3.317069740844692 1.9151111077974448 3.2139380484326967
200656 3.1375343579856656 2.196925208853525 3.2139380484326967
200657 2.9341204441673256 2.46201938253052 3.2139380484326967
200658 2.708376102098509 2.7083761020985087 3.2139380484326967
200659 2.4620193825305203 2.9341204441673256 3.2139380484326967
200660 2.196925208853525 3.1375343579856656 3.2139380484326967
200661 1.9151111077974454 3.3170697408446914 3.2139380484326967
200662 1.6187218548353228 3.471360220074419 3.2139380484326967
200663 1.310013151146925 3.5992315519647704 3.2139380484326967
200664 0.9913344563707307 3.6997105584692402 3.2139380484326967
200665 0.6651111077974453 3.7720325336774447 3.2139380484326967
200666 0.33382586208875425 3.815647063688848 3.2139380484326967
200667 2.3453346881756826e-16 3.83022221559489 3.2139380484326967
200668 -0.3338258620887538 3.815647063688848 3.2139380484326967
200669 -0.6651111077974449 3.7720325336774447 3.2139380484326967
200670 -0.9913344563707311 3.6997105584692402 3.2139380484326967
200671 -1.3100131511469246 3.599231551964771 3.2139380484326967
200672 -1.6187218548353226 3.4713602200744194 3.2139380484326967
200673 -1.9151111077974443 3.317069740844692 3.2139380484326967
200674 -2.196925208853524 3.1375343579856665 3.2139380484326967
200675 -2.4620193825305203 2.9341204441673256 3.2139380484326967
200676 -2.7083761020985087 2.708376102098509 3.2139380484326967
200677 -2.934120444167325 2.4620193825305208 3.2139380484326967
200678 -3.137534357985666 2.1969252088535245 3.2139380484326967
200679 -3.317069740844692 1.9151111077974448 3.2139380484326967
200680 -3.471360220074419 1.618721854835323 3.2139380484326967
200681 -3.5992315519647704 1.3100131511469253 3.2139380484326967
200682 -3.69971055846924 0.9913344563707318 3.2139380484326967
200683 -3.7720325336774447 0.6651111077974464 3.2139380484326967
200684 -3.815647063688848 0.33382586208875364 3.2139380484326967
200685 -3.83022221559489 4.690669376351365e-16 3.2139380484326967
200686 -3.815647063688848 -0.33382586208875265 3.2139380484326967
200687 -3.7720325336774447 -0.6651111077974455 3.2139380484326967
200688 -3.6997105584692402 -0.9913344563707293 3.2139380484326967
200689 -3.599231551964771 -1.3100131511469244 3.2139380484326967
200690 -3.4713602200744194 -1.6187218548353224 3.2139380484326967
200691 -3.3170697408446914 -1.9151111077974454 3.2139380484326967
200692 -3.1375343579856665 -2.196925208853524 3.2139380484326967
200693 -2.9341204441673256 -2.46201938253052 3.2139380484326967
200694 -2.7083761020985095 -2.7083761020985087 3.2139380484326967
200695 -2.4620193825305208 -2.934120444167325 3.2139380484326967
200696 -2.1969252088535263 -3.1375343579856647 3.2139380484326967
200697 -1.9151111077974468 -3.3170697408446905 3.2139380484326967
200698 -1.618721854835322 -3.4713602200744194 3.2139380484326967
200699 -1.3100131511469273 -3.59923155196477 3.2139380484326967
200700 -0.9913344563707304 -3.6997105584692402 3.2139380484326967
200701 -0.665111107797445 -3.7720325336774447 3.2139380484326967
200702 -0.33382586208875387 -3.815647063688848 3.2139380484326967
200703 -7.036004064527048e-16 -3.83022221559489 3.2139380484326967
200704 0.3338258620887525 -3.815647063688848 3.2139380484326967
200705 0.6651111077974436 -3.772032533677445 3.2139380484326967
200706 0.991334456370729 -3.6997105584692402 3.2139380484326967
200707 1.3100131511469257 -3.5992315519647704 3.2139380484326967
200708 1.6187218548353206 -3.4713602200744202 3.2139380484326967
200709 1.9151111077974454 -3.3170697408446914 3.2139380484326967
200710 2.196925208853525 -3.1375343579856656 3.2139380484326967
200711 2.46201938253052 -2.934120444167326 3.2139380484326967
200712 2.7083761020985087 -2.7083761020985095 3.2139380484326967
200713 2.9341204441673248 -2.462019382530521 3.2139380484326967
200714 3.1375343579856647 -2.1969252088535267 3.2139380484326967
200715 3.3170697408446905 -1.9151111077974468 3.2139380484326967
200716 3.4713602200744194 -1.6187218548353222 3.2139380484326967
200717 3.5992315519647695 -1.3100131511469273 3.2139380484326967
200718 3.6997105584692402 -0.9913344563707305 3.2139380484326967
200719 3.7720325336774447 -0.6651111077974452 3.2139380484326967
200720 3.815647063688848 -0.3338258620887541 3.2139380484326967
200721 4.095760221444959 0.0 2.8678821817552302
200722 4.080174617258542 0.35696902421634824 2.8678821817552302
200723 4.0335364205579936 0.7112212986146201 2.8678821817552302
200724 3.956200576181119 1.060060749483273 2.8678821817552302
200725 3.848755656600286 1.4008324979661775 2.8678821817552302
200726 3.71201938253052 1.7309430652937707 2.8678821817552302
200727 3.5470323995811124 2.047880110722479 2.8678821817552302
200728 3.3550503583141715 2.3492315519647704 2.8678821817552302
200729 3.1375343579856656 2.6327039225918156 2.8678821817552302
200730 2.896139826697846 2.8961398266978455 2.8678821817552302
200731 2.632703922591816 3.1375343579856656 2.8678821817552302
200732 2.3492315519647704 3.3550503583141715 2.8678821817552302
200733 2.0478801107224798 3.547032399581112 2.8678821817552302
200734 1.7309430652937707 3.71201938253052 2.8678821817552302
200735 1.400832497966178 3.8487556566002854 2.8678821817552302
200736 1.060060749483273 3.956200576181119 2.8678821817552302
200737 0.7112212986146205 4.0335364205579936 2.8678821817552302
200738 0.3569690242163491 4.080174617258542 2.8678821817552302
200739 2.5079298226338116e-16 4.095760221444959 2.8678821817552302
200740 -0.3569690242163485 4.080174617258542 2.8678821817552302
200741 -0.71122129861462 4.0335364205579936 2.8678821817552302
200742 -1.0600607494832734 3.956200576181119 2.8678821817552302
200743 -1.4008324979661775 3.848755656600286 2.8678821817552302
200744 -1.7309430652937703 3.7120193825305203 2.8678821817552302
200745 -2.0478801107224784 3.5470323995811124 2.8678821817552302
200746 -2.3492315519647695 3.3550503583141724 2.8678821817552302
200747 -2.632703922591816 3.1375343579856656 2.8678821817552302
200748 -2.8961398266978455 2.896139826697846 2.8678821817552302
200749 -3.137534357985665 2.6327039225918165 2.8678821817552302
200750 -3.355050358314172 2.34923155196477 2.8678821817552302
200751 -3.5470323995811124 2.047880110722479 2.8678821817552302
200752 -3.71201938253052 1.730943065293771 2.8678821817552302
200753 -3.8487556566002854 1.4008324979661781 2.8678821817552302
200754 -3.9562005761811188 1.0600607494832743 2.8678821817552302
200755 -4.0335364205579936 0.7112212986146217 2.8678821817552302
200756 -4.080174617258542 0.35696902421634835 2.8678821817552302
200757 -4.095760221444959 5.015859645267623e-16 2.8678821817552302
200758 -4.080174617258542 -0.35696902421634735 2.8678821817552302
200759 -4.0335364205579936 -0.7112212986146207 2.8678821817552302
200760 -3.9562005761811196 -1.0600607494832714 2.8678821817552302
200761 -3.848755656600286 -1.4008324979661773 2.8678821817552302
200762 -3.7120193825305203 -1.73094306529377 2.8678821817552302
200763 -3.547032399581112 -2.0478801107224798 2.8678821817552302
200764 -3.3550503583141724 -2.3492315519647695 2.8678821817552302
200765 -3.1375343579856656 -2.6327039225918156 2.8678821817552302
200766 -2.8961398266978464 -2.8961398266978455 2.8678821817552302
200767 -2.6327039225918165 -3.137534357985665 2.8678821817552302
200768 -2.349231551964772 -3.3550503583141706 2.8678821817552302
200769 -2.047880110722481 -3.547032399581111 2.8678821817552302
200770 -1.7309430652937694 -3.7120193825305203 2.8678821817552302
200771 -1.4008324979661801 -3.848755656600285 2.8678821817552302
200772 -1.0600607494832726 -3.956200576181119 2.8678821817552302
200773 -0.7112212986146201 -4.0335364205579936 2.8678821817552302
200774 -0.3569690242163486 -4.080174617258542 2.8678821817552302
200775 -7.523789467901434e-16 -4.095760221444959 2.8678821817552302
200776 0.35696902421634713 -4.080174617258542 2.8678821817552302
200777 0.7112212986146186 -4.0335364205579936 2.8678821817552302
200778 1.0600607494832712 -3.9562005761811196 2.8678821817552302
200779 1.4008324979661786 -3.8487556566002854 2.8678821817552302
200780 1.730943065293768 -3.712019382530521 2.8678821817552302
200781 2.0478801107224798 -3.547032399581112 2.8678821817552302
200782 2.3492315519647704 -3.3550503583141715 2.8678821817552302
200783 2.6327039225918156 -3.137534357985666 2.8678821817552302
200784 2.896139826697845 -2.8961398266978464 2.8678821817552302
200785 3.1375343579856647 -2.632703922591817 2.8678821817552302
200786 3.3550503583141706 -2.3492315519647726 2.8678821817552302
200787 3.547032399581111 -2.047880110722481 2.8678821817552302
200788 3.7120193825305203 -1.7309430652937698 2.8678821817552302
200789 3.8487556566002845 -1.4008324979661804 2.8678821817552302
200790 3.956200576181119 -1.0600607494832728 2.8678821817552302
200791 4.0335364205579936 -0.7112212986146204 2.8678821817552302
200792 4.080174617258542 -0.3569690242163489 2.8678821817552302
200793 4.330127018922193 0.0 2.5000000000000004
200794 4.313649578314104 0.3773954365258666 2.5000000000000004
200795 4.264342659762216 0.7519186659021764 2.5000000000000004
200796 4.182581518689039 1.1207193402100666 2.5000000000000004
200797 4.068988406746868 1.4809906636301189 2.5000000000000004
200798 3.9244278361069784 1.8299907538533338 2.5000000000000004
200799 3.75 2.165063509461096 2.5000000000000004
200800 3.547032399581112 2.48365882446077 2.5000000000000004
200801 3.3170697408446914 2.783351996132096 2.5000000000000004
200802 3.0618621784789726 3.061862178478972 2.5000000000000004
200803 2.7833519961320965 3.3170697408446914 2.5000000000000004
200804 2.48365882446077 3.547032399581112 2.5000000000000004
200805 2.165063509461097 3.7499999999999996 2.5000000000000004
200806 1.8299907538533338 3.9244278361069784 2.5000000000000004
200807 1.4809906636301196 4.068988406746867 2.5000000000000004
200808 1.1207193402100666 4.182581518689039 2.5000000000000004
200809 0.7519186659021767 4.264342659762216 2.5000000000000004
200810 0.37739543652586743 4.313649578314104 2.5000000000000004
200811 2.651438096812267e-16 4.330127018922193 2.5000000000000004
200812 -0.3773954365258669 4.313649578314104 2.5000000000000004
200813 -0.7519186659021762 4.264342659762216 2.5000000000000004
200814 -1.1207193402100672 4.182581518689039 2.5000000000000004
200815 -1.4809906636301189 4.068988406746868 2.5000000000000004
200816 -1.8299907538533333 3.924427836106979 2.5000000000000004
200817 -2.1650635094610955 3.75 2.5000000000000004
200818 -2.4836588244607687 3.547032399581113 2.5000000000000004
200819 -2.7833519961320965 3.3170697408446914 2.5000000000000004
200820 -3.061862178478972 3.0618621784789726 2.5000000000000004
200821 -3.317069740844691 2.7833519961320974 2.5000000000000004
200822 -3.5470323995811124 2.4836588244607696 2.5000000000000004
200823 -3.75 2.165063509461096 2.5000000000000004
200824 -3.9244278361069784 1.8299907538533342 2.5000000000000004
200825 -4.068988406746867 1.4809906636301198 2.5000000000000004
200826 -4.182581518689038 1.120719340210068 2.5000000000000004
200827 -4.264342659762216 0.751918665902178 2.5000000000000004
200828 -4.313649578314104 0.3773954365258667 2.5000000000000004
200829 -4.330127018922193 5.302876193624534e-16 2.5000000000000004
200830 -4.313649578314104 -0.3773954365258656 2.5000000000000004
200831 -4.264342659762216 -0.7519186659021769 2.5000000000000004
200832 -4.18258151868904 -1.120719340210065 2.5000000000000004
200833 -4.068988406746868 -1.4809906636301187 2.5000000000000004
200834 -3.924427836106979 -1.829990753853333 2.5000000000000004
200835 -3.7499999999999996 -2.165063509461097 2.5000000000000004
200836 -3.547032399581113 -2.4836588244607687 2.5000000000000004
200837 -3.3170697408446914 -2.783351996132096 2.5000000000000004
200838 -3.061862178478973 -3.061862178478972 2.5000000000000004
200839 -2.7833519961320974 -3.317069740844691 2.5000000000000004
200840 -2.4836588244607714 -3.547032399581111 2.5000000000000004
200841 -2.165063509461098 -3.7499999999999982 2.5000000000000004
200842 -1.8299907538533327 -3.924427836106979 2.5000000000000004
200843 -1.4809906636301218 -4.068988406746867 2.5000000000000004
200844 -1.1207193402100661 -4.182581518689039 2.5000000000000004
200845 -0.7519186659021764 -4.264342659762216 2.5000000000000004
200846 -0.37739543652586693 -4.313649578314104 2.5000000000000004
200847 -7.9543142904368e-16 -4.330127018922193 2.5000000000000004
200848 0.3773954365258654 -4.313649578314104 2.5000000000000004
200849 0.7519186659021747 -4.264342659762216 2.5000000000000004
200850 1.1207193402100648 -4.18258151868904 2.5000000000000004
200851 1.4809906636301202 -4.068988406746867 2.5000000000000004
200852 1.8299907538533313 -3.9244278361069798 2.5000000000000004
200853 2.165063509461097 -3.7499999999999996 2.5000000000000004
200854 2.48365882446077 -3.547032399581112 2.5000000000000004
200855 2.783351996132096 -3.317069740844692 2.5000000000000004
200856 3.0618621784789717 -3.061862178478973 2.5000000000000004
200857 3.3170697408446905 -2.783351996132098 2.5000000000000004
200858 3.547032399581111 -2.483658824460772 2.5000000000000004
200859 3.7499999999999982 -2.165063509461098 2.5000000000000004
200860 3.924427836106979 -1.8299907538533329 2.5000000000000004
200861 4.0689884067468665 -1.480990663630122 2.5000000000000004
200862 4.182581518689039 -1.1207193402100664 2.5000000000000004
200863 4.264342659762216 -0.7519186659021766 2.5000000000000004
200864 4.313649578314104 -0.3773954365258672 2.5000000000000004
200865 4.531538935183249 0.0 2.1130913087034973
200866 4.514295061425867 0.3949496416858281 2.1130913087034973
200867 4.46269467644515 0.7868934781213132 2.1130913087034973
200868 4.377130490327965 1.1728485800490223 2.1130913087034973
200869 4.258253698195732 1.549877596097223 2.1130913087034973
200870 4.1069690242163475 1.915111107797445 2.1130913087034973
200871 3.924427836106979 2.2657694675916242 2.1130913087034973
200872 3.71201938253052 2.599183953628422 2.1130913087034973
200873 3.471360220074419 2.912817080347926 2.1130913087034973
200874 3.204281910278943 3.2042819102789424 2.1130913087034973
200875 2.9128170803479265 3.471360220074419 2.1130913087034973
200876 2.599183953628422 3.71201938253052 2.1130913087034973
200877 2.265769467591625 3.9244278361069784 2.1130913087034973
200878 1.915111107797445 4.1069690242163475 2.1130913087034973
200879 1.5498775960972235 4.258253698195732 2.1130913087034973
200880 1.1728485800490223 4.377130490327965 2.1130913087034973
200881 0.7868934781213136 4.46269467644515 2.1130913087034973
200882 0.39494964168582897 4.514295061425867 2.1130913087034973
200883 2.774767326091886e-16 4.531538935183249 2.1130913087034973
200884 -0.3949496416858284 4.514295061425867 2.1130913087034973
200885 -0.786893478121313 4.46269467644515 2.1130913087034973
200886 -1.1728485800490227 4.377130490327965 2.1130913087034973
200887 -1.549877596097223 4.258253698195732 2.1130913087034973
200888 -1.9151111077974443 4.106969024216348 2.1130913087034973
200889 -2.265769467591624 3.924427836106979 2.1130913087034973
200890 -2.599183953628421 3.7120193825305208 2.1130913087034973
200891 -2.9128170803479265 3.471360220074419 2.1130913087034973
200892 -3.2042819102789424 3.204281910278943 2.1130913087034973
200893 -3.4713602200744185 2.912817080347927 2.1130913087034973
200894 -3.7120193825305203 2.5991839536284216 2.1130913087034973
200895 -3.924427836106979 2.2657694675916242 2.1130913087034973
200896 -4.1069690242163475 1.9151111077974452 2.1130913087034973
200897 -4.258253698195732 1.549877596097224 2.1130913087034973
200898 -4.377130490327964 1.1728485800490234 2.1130913087034973
200899 -4.46269467644515 0.7868934781213149 2.1130913087034973
200900 -4.514295061425867 0.3949496416858282 2.1130913087034973
200901 -4.531538935183249 5.549534652183772e-16 2.1130913087034973
200902 -4.514295061425867 -0.3949496416858271 2.1130913087034973
200903 -4.46269467644515 -0.7868934781213138 2.1130913087034973
200904 -4.377130490327965 -1.1728485800490205 2.1130913087034973
200905 -4.258253698195732 -1.5498775960972229 2.1130913087034973
200906 -4.106969024216348 -1.915111107797444 2.1130913087034973
200907 -3.9244278361069784 -2.265769467591625 2.1130913087034973
200908 -3.7120193825305208 -2.599183953628421 2.1130913087034973
200909 -3.471360220074419 -2.912817080347926 2.1130913087034973
200910 -3.2042819102789433 -3.2042819102789424 2.1130913087034973
200911 -2.912817080347927 -3.4713602200744185 2.1130913087034973
200912 -2.5991839536284234 -3.712019382530519 2.1130913087034973
200913 -2.265769467591627 -3.9244278361069775 2.1130913087034973
200914 -1.9151111077974436 -4.106969024216348 2.1130913087034973
200915 -1.5498775960972262 -4.258253698195731 2.1130913087034973
200916 -1.1728485800490218 -4.377130490327965 2.1130913087034973
200917 -0.7868934781213132 -4.46269467644515 2.1130913087034973
200918 -0.39494964168582847 -4.514295061425867 2.1130913087034973
200919 -8.324301978275657e-16 -4.531538935183249 2.1130913087034973
200920 0.39494964168582686 -4.514295061425867 2.1130913087034973
200921 0.7868934781213115 -4.4626946764451505 2.1130913087034973
200922 1.1728485800490203 -4.377130490327965 2.1130913087034973
200923 1.5498775960972244 -4.258253698195732 2.1130913087034973
200924 1.915111107797442 -4.106969024216349 2.1130913087034973
200925 2.265769467591625 -3.9244278361069784 2.1130913087034973
200926 2.599183953628422 -3.71201938253052 2.1130913087034973
200927 2.912817080347926 -3.4713602200744194 2.1130913087034973
200928 3.2042819102789415 -3.2042819102789433 2.1130913087034973
200929 3.471360220074418 -2.912817080347928 2.1130913087034973
200930 3.712019382530519 -2.599183953628424 2.1130913087034973
200931 3.9244278361069775 -2.265769467591627 2.1130913087034973
200932 4.106969024216348 -1.9151111077974439 2.1130913087034973
200933 4.258253698195731 -1.5498775960972264 2.1130913087034973
200934 4.377130490327965 -1.172848580049022 2.1130913087034973
200935 4.46269467644515 -0.7868934781213134 2.1130913087034973
200936 4.514295061425867 -0.3949496416858288 2.1130913087034973
200937 4.698463103929542 0.0 1.7101007166283442
200938 4.680584033314296 0.4094980415954466 1.7101007166283442
200939 4.627082891991616 0.815879555832674 1.7101007166283442
200940 4.5383668559518435 1.2160517340084696 1.7101007166283442
200941 4.415111107797445 1.6069690242163481 1.7101007166283442
200942 4.258253698195732 1.9856563098355142 1.7101007166283442
200943 4.068988406746868 2.3492315519647704 1.7101007166283442
200944 3.848755656600286 2.694927723478781 1.7101007166283442
200945 3.599231551964771 3.020113867775268 1.7101007166283442
200946 3.3223151219433738 3.322315121943373 1.7101007166283442
200947 3.0201138677752684 3.599231551964771 1.7101007166283442
200948 2.694927723478781 3.848755656600286 1.7101007166283442
200949 2.3492315519647713 4.068988406746868 1.7101007166283442
200950 1.9856563098355142 4.258253698195732 1.7101007166283442
200951 1.6069690242163486 4.415111107797444 1.7101007166283442
200952 1.2160517340084696 4.5383668559518435 1.7101007166283442
200953 0.8158795558326744 4.627082891991616 1.7101007166283442
200954 0.40949804159544756 4.680584033314296 1.7101007166283442
200955 2.8769789005696257e-16 4.698463103929542 1.7101007166283442
200956 -0.40949804159544695 4.680584033314296 1.7101007166283442
200957 -0.8158795558326739 4.627082891991616 1.7101007166283442
200958 -1.2160517340084702 4.5383668559518435 1.7101007166283442
200959 -1.6069690242163481 4.415111107797445 1.7101007166283442
200960 -1.9856563098355136 4.258253698195733 1.7101007166283442
200961 -2.34923155196477 4.068988406746868 1.7101007166283442
200962 -2.69492772347878 3.8487556566002867 1.7101007166283442
200963 -3.0201138677752684 3.599231551964771 1.7101007166283442
200964 -3.322315121943373 3.3223151219433738 1.7101007166283442
200965 -3.59923155196477 3.020113867775269 1.7101007166283442
200966 -3.8487556566002863 2.6949277234787803 1.7101007166283442
200967 -4.068988406746868 2.3492315519647704 1.7101007166283442
200968 -4.258253698195732 1.9856563098355144 1.7101007166283442
200969 -4.415111107797444 1.606969024216349 1.7101007166283442
200970 -4.538366855951843 1.2160517340084709 1.7101007166283442
200971 -4.627082891991616 0.8158795558326758 1.7101007166283442
200972 -4.680584033314296 0.4094980415954468 1.7101007166283442
200973 -4.698463103929542 5.753957801139251e-16 1.7101007166283442
200974 -4.680584033314296 -0.40949804159544556 1.7101007166283442
200975 -4.627082891991616 -0.8158795558326747 1.7101007166283442
200976 -4.5383668559518435 -1.2160517340084678 1.7101007166283442
200977 -4.415111107797445 -1.606969024216348 1.7101007166283442
200978 -4.258253698195733 -1.9856563098355133 1.7101007166283442
200979 -4.068988406746868 -2.3492315519647713 1.7101007166283442
200980 -3.8487556566002867 -2.69492772347878 1.7101007166283442
200981 -3.599231551964771 -3.020113867775268 1.7101007166283442
200982 -3.322315121943374 -3.322315121943373 1.7101007166283442
200983 -3.020113867775269 -3.59923155196477 1.7101007166283442
200984 -2.6949277234787825 -3.848755656600285 1.7101007166283442
200985 -2.349231551964773 -4.068988406746867 1.7101007166283442
200986 -1.985656309835513 -4.258253698195733 1.7101007166283442
200987 -1.6069690242163512 -4.415111107797444 1.7101007166283442
200988 -1.216051734008469 -4.5383668559518435 1.7101007166283442
200989 -0.815879555832674 -4.627082891991616 1.7101007166283442
200990 -0.409498041595447 -4.680584033314296 1.7101007166283442
200991 -8.630936701708876e-16 -4.698463103929542 1.7101007166283442
200992 0.40949804159544534 -4.680584033314296 1.7101007166283442
200993 0.8158795558326724 -4.627082891991617 1.7101007166283442
200994 1.2160517340084676 -4.5383668559518435 1.7101007166283442
200995 1.6069690242163495 -4.415111107797444 1.7101007166283442
200996 1.9856563098355113 -4.258253698195734 1.7101007166283442
200997 2.3492315519647713 -4.068988406746868 1.7101007166283442
200998 2.694927723478781 -3.848755656600286 1.7101007166283442
200999 3.020113867775268 -3.5992315519647713 1.7101007166283442
201000 3.3223151219433724 -3.322315121943374 1.7101007166283442
201001 3.5992315519647695 -3.0201138677752697 1.7101007166283442
201002 3.848755656600285 -2.694927723478783 1.7101007166283442
201003 4.068988406746867 -2.349231551964773 1.7101007166283442
201004 4.258253698195733 -1.9856563098355131 1.7101007166283442
201005 4.415111107797443 -1.6069690242163515 1.7101007166283442
201006 4.5383668559518435 -1.2160517340084693 1.7101007166283442
201007 4.627082891991616 -0.8158795558326742 1.7101007166283442
201008 4.680584033314296 -0.40949804159544734 1.7101007166283442
201009 4.8296291314453415 0.0 1.2940952255126037
201010 4.811250934495291 0.42092991414684594 1.2940952255126037
201011 4.756256212820989 0.8386562974826031 1.2940952255126037
201012 4.665063509461096 1.25 1.2940952255126037
201013 4.5383668559518435 1.6518304477467607 1.2940952255126037
201014 4.377130490327965 2.041089468383674 1.2940952255126037
201015 4.18258151868904 2.4148145657226703 1.2940952255126037
201016 3.956200576181119 2.7701614661116167 1.2940952255126037
201017 3.6997105584692402 3.1044257650742275 1.2940952255126037
201018 3.415063509461097 3.4150635094610964 1.2940952255126037
201019 3.1044257650742284 3.6997105584692402 1.2940952255126037
201020 2.7701614661116167 3.956200576181119 1.2940952255126037
201021 2.414814565722671 4.182581518689039 1.2940952255126037
201022 2.041089468383674 4.377130490327965 1.2940952255126037
201023 1.6518304477467611 4.538366855951843 1.2940952255126037
201024 1.25 4.665063509461096 1.2940952255126037
201025 0.8386562974826035 4.756256212820989 1.2940952255126037
201026 0.4209299141468469 4.811250934495291 1.2940952255126037
201027 2.9572949284466745e-16 4.8296291314453415 1.2940952255126037
201028 -0.4209299141468463 4.811250934495291 1.2940952255126037
201029 -0.838656297482603 4.756256212820989 1.2940952255126037
201030 -1.2500000000000004 4.665063509461096 1.2940952255126037
201031 -1.6518304477467607 4.5383668559518435 1.2940952255126037
201032 -2.0410894683836736 4.377130490327966 1.2940952255126037
201033 -2.41481456572267 4.18258151868904 1.2940952255126037
201034 -2.770161466111616 3.9562005761811205 1.2940952255126037
201035 -3.1044257650742284 3.6997105584692402 1.2940952255126037
201036 -3.4150635094610964 3.415063509461097 1.2940952255126037
201037 -3.6997105584692394 3.104425765074229 1.2940952255126037
201038 -3.95620057618112 2.7701614661116163 1.2940952255126037
201039 -4.18258151868904 2.4148145657226703 1.2940952255126037
201040 -4.377130490327965 2.0410894683836744 1.2940952255126037
201041 -4.538366855951843 1.6518304477467614 1.2940952255126037
201042 -4.665063509461096 1.2500000000000013 1.2940952255126037
201043 -4.756256212820989 0.838656297482605 1.2940952255126037
201044 -4.811250934495291 0.42092991414684605 1.2940952255126037
201045 -4.8296291314453415 5.914589856893349e-16 1.2940952255126037
201046 -4.811250934495291 -0.42092991414684483 1.2940952255126037
201047 -4.756256212820989 -0.8386562974826037 1.2940952255126037
201048 -4.665063509461097 -1.249999999999998 1.2940952255126037
201049 -4.5383668559518435 -1.6518304477467602 1.2940952255126037
201050 -4.377130490327966 -2.0410894683836736 1.2940952255126037
201051 -4.182581518689039 -2.414814565722671 1.2940952255126037
201052 -3.9562005761811205 -2.770161466111616 1.2940952255126037
201053 -3.6997105584692402 -3.1044257650742275 1.2940952255126037
201054 -3.4150635094610973 -3.4150635094610964 1.2940952255126037
201055 -3.104425765074229 -3.6997105584692394 1.2940952255126037
201056 -2.7701614661116185 -3.9562005761811183 1.2940952255126037
201057 -2.414814565722673 -4.182581518689038 1.2940952255126037
201058 -2.0410894683836727 -4.377130490327966 1.2940952255126037
201059 -1.6518304477467638 -4.538366855951843 1.2940952255126037
201060 -1.2499999999999993 -4.665063509461096 1.2940952255126037
201061 -0.8386562974826031 -4.756256212820989 1.2940952255126037
201062 -0.42092991414684633 -4.811250934495291 1.2940952255126037
201063 -8.871884785340023e-16 -4.8296291314453415 1.2940952255126037
201064 0.4209299141468446 -4.811250934495291 1.2940952255126037
201065 0.8386562974826013 -4.756256212820989 1.2940952255126037
201066 1.2499999999999978 -4.665063509461097 1.2940952255126037
201067 1.651830447746762 -4.538366855951843 1.2940952255126037
201068 2.0410894683836713 -4.377130490327967 1.2940952255126037
201069 2.414814565722671 -4.182581518689039 1.2940952255126037
201070 2.7701614661116167 -3.956200576181119 1.2940952255126037
201071 3.1044257650742275 -3.6997105584692407 1.2940952255126037
201072 3.415063509461096 -3.4150635094610973 1.2940952255126037
201073 3.699710558469239 -3.1044257650742293 1.2940952255126037
201074 3.9562005761811183 -2.770161466111619 1.2940952255126037
201075 4.182581518689038 -2.414814565722673 1.2940952255126037
201076 4.377130490327966 -2.041089468383673 1.2940952255126037
201077 4.538366855951842 -1.651830447746764 1.2940952255126037
201078 4.665063509461096 -1.2499999999999996 1.2940952255126037
201079 4.756256212820989 -0.8386562974826034 1.2940952255126037
201080 4.811250934495291 -0.42092991414684666 1.2940952255126037
201081 4.92403876506104 0.0 0.8682408883346521
201082 4.9053013109520345 0.4291582558871564 0.8682408883346521
201083 4.84923155196477 0.8550503583141716 0.8682408883346521
201084 4.756256212820988 1.2744350112208938 0.8682408883346521
201085 4.627082891991616 1.6841204441673256 0.8682408883346521
201086 4.46269467644515 2.080988703633917 0.8682408883346521
201087 4.264342659762216 2.4620193825305194 0.8682408883346521
201088 4.0335364205579936 2.824312607318117 0.8682408883346521
201089 3.7720325336774443 3.1651111077974443 0.8682408883346521
201090 3.4818212016000945 3.481821201600094 0.8682408883346521
201091 3.1651111077974448 3.7720325336774443 0.8682408883346521
201092 2.824312607318117 4.0335364205579936 0.8682408883346521
201093 2.4620193825305203 4.264342659762216 0.8682408883346521
201094 2.080988703633917 4.46269467644515 0.8682408883346521
201095 1.684120444167326 4.627082891991616 0.8682408883346521
201096 1.2744350112208938 4.756256212820988 0.8682408883346521
201097 0.8550503583141721 4.84923155196477 0.8682408883346521
201098 0.42915825588715734 4.9053013109520345 0.8682408883346521
201099 3.015104156254744e-16 4.92403876506104 0.8682408883346521
201100 -0.4291582558871567 4.9053013109520345 0.8682408883346521
201101 -0.8550503583141715 4.84923155196477 0.8682408883346521
201102 -1.2744350112208944 4.756256212820988 0.8682408883346521
201103 -1.6841204441673256 4.627082891991616 0.8682408883346521
201104 -2.0809887036339165 4.4626946764451505 0.8682408883346521
201105 -2.462019382530519 4.264342659762216 0.8682408883346521
201106 -2.8243126073181157 4.033536420557994 0.8682408883346521
201107 -3.1651111077974448 3.7720325336774443 0.8682408883346521
201108 -3.481821201600094 3.4818212016000945 0.8682408883346521
201109 -3.772032533677444 3.1651111077974456 0.8682408883346521
201110 -4.0335364205579936 2.824312607318116 0.8682408883346521
201111 -4.264342659762216 2.4620193825305194 0.8682408883346521
201112 -4.46269467644515 2.0809887036339174 0.8682408883346521
201113 -4.627082891991616 1.6841204441673263 0.8682408883346521
201114 -4.756256212820988 1.274435011220895 0.8682408883346521
201115 -4.84923155196477 0.8550503583141735 0.8682408883346521
201116 -4.9053013109520345 0.4291582558871565 0.8682408883346521
201117 -4.92403876506104 6.030208312509488e-16 0.8682408883346521
201118 -4.9053013109520345 -0.4291582558871553 0.8682408883346521
201119 -4.84923155196477 -0.8550503583141723 0.8682408883346521
201120 -4.756256212820989 -1.2744350112208918 0.8682408883346521
201121 -4.627082891991616 -1.6841204441673254 0.8682408883346521
201122 -4.4626946764451505 -2.080988703633916 0.8682408883346521
201123 -4.264342659762216 -2.4620193825305203 0.8682408883346521
201124 -4.033536420557994 -2.8243126073181157 0.8682408883346521
201125 -3.7720325336774443 -3.1651111077974443 0.8682408883346521
201126 -3.4818212016000953 -3.481821201600094 0.8682408883346521
201127 -3.1651111077974456 -3.772032533677444 0.8682408883346521
201128 -2.8243126073181184 -4.033536420557993 0.8682408883346521
201129 -2.462019382530522 -4.264342659762214 0.8682408883346521
201130 -2.0809887036339156 -4.4626946764451505 0.8682408883346521
201131 -1.684120444167329 -4.627082891991615 0.8682408883346521
201132 -1.2744350112208933 -4.756256212820988 0.8682408883346521
201133 -0.8550503583141716 -4.84923155196477 0.8682408883346521
201134 -0.4291582558871568 -4.9053013109520345 0.8682408883346521
201135 -9.045312468764231e-16 -4.92403876506104 0.8682408883346521
201136 0.429158255887155 -4.9053013109520345 0.8682408883346521
201137 0.8550503583141699 -4.84923155196477 0.8682408883346521
201138 1.2744350112208915 -4.756256212820989 0.8682408883346521
201139 1.684120444167327 -4.627082891991616 0.8682408883346521
201140 2.080988703633914 -4.462694676445151 0.8682408883346521
201141 2.4620193825305203 -4.264342659762216 0.8682408883346521
201142 2.824312607318117 -4.0335364205579936 0.8682408883346521
201143 3.1651111077974443 -3.772032533677445 0.8682408883346521
201144 3.4818212016000936 -3.4818212016000953 0.8682408883346521
201145 3.7720325336774434 -3.165111107797446 0.8682408883346521
201146 4.033536420557993 -2.824312607318119 0.8682408883346521
201147 4.264342659762214 -2.462019382530522 0.8682408883346521
201148 4.4626946764451505 -2.0809887036339156 0.8682408883346521
201149 4.6270828919916145 -1.6841204441673292 0.8682408883346521
201150 4.756256212820988 -1.2744350112208935 0.8682408883346521
201151 4.84923155196477 -0.855050358314172 0.8682408883346521
201152 4.9053013109520345 -0.4291582558871571 0.8682408883346521
201153 4.9809734904587275 0.0 0.4357787137382918
201154 4.96201938253052 0.4341204441673258 0.4357787137382918
201155 4.9053013109520345 0.8649369696254472 0.4357787137382918
201156 4.811250934495291 1.2891708024814976 0.4357787137382918
201157 4.680584033314296 1.7035932671080503 0.4357787137382918
201158 4.514295061425868 2.105050358314172 0.4357787137382918
201159 4.313649578314105 2.4904867452293633 0.4357787137382918
201160 4.080174617258542 2.856969024216348 0.4357787137382918
201161 3.815647063688848 3.2017080438439836 0.4357787137382918
201162 3.5220801320137936 3.522080132013793 0.4357787137382918
201163 3.201708043843984 3.815647063688848 0.4357787137382918
201164 2.856969024216348 4.080174617258542 0.4357787137382918
201165 2.490486745229364 4.313649578314104 0.4357787137382918
201166 2.105050358314172 4.514295061425868 0.4357787137382918
201167 1.703593267108051 4.680584033314295 0.4357787137382918
201168 1.2891708024814976 4.811250934495291 0.4357787137382918
201169 0.8649369696254476 4.9053013109520345 0.4357787137382918
201170 0.4341204441673268 4.96201938253052 0.4357787137382918
201171 3.04996662086405e-16 4.9809734904587275 0.4357787137382918
201172 -0.43412044416732615 4.96201938253052 0.4357787137382918
201173 -0.8649369696254471 4.9053013109520345 0.4357787137382918
201174 -1.289170802481498 4.811250934495291 0.4357787137382918
201175 -1.7035932671080503 4.680584033314296 0.4357787137382918
201176 -2.105050358314171 4.514295061425868 0.4357787137382918
201177 -2.490486745229363 4.313649578314105 0.4357787137382918
201178 -2.856969024216347 4.0801746172585425 0.4357787137382918
201179 -3.201708043843984 3.815647063688848 0.4357787137382918
201180 -3.522080132013793 3.5220801320137936 0.4357787137382918
201181 -3.8156470636888473 3.201708043843985 0.4357787137382918
201182 -4.0801746172585425 2.8569690242163475 0.4357787137382918
201183 -4.313649578314105 2.4904867452293633 0.4357787137382918
201184 -4.514295061425868 2.105050358314172 0.4357787137382918
201185 -4.680584033314295 1.7035932671080511 0.4357787137382918
201186 -4.81125093449529 1.289170802481499 0.4357787137382918
201187 -4.9053013109520345 0.8649369696254492 0.4357787137382918
201188 -4.96201938253052 0.434120444167326 0.4357787137382918
201189 -4.9809734904587275 6.0999332417281e-16 0.4357787137382918
201190 -4.96201938253052 -0.4341204441673247 0.4357787137382918
201191 -4.9053013109520345 -0.864936969625448 0.4357787137382918
201192 -4.811250934495292 -1.2891708024814956 0.4357787137382918
201193 -4.680584033314296 -1.70359326710805 0.4357787137382918
201194 -4.514295061425868 -2.105050358314171 0.4357787137382918
201195 -4.313649578314104 -2.490486745229364 0.4357787137382918
201196 -4.0801746172585425 -2.856969024216347 0.4357787137382918
201197 -3.815647063688848 -3.2017080438439836 0.4357787137382918
201198 -3.522080132013794 -3.522080132013793 0.4357787137382918
201199 -3.201708043843985 -3.8156470636888473 0.4357787137382918
201200 -2.8569690242163497 -4.080174617258541 0.4357787137382918
201201 -2.490486745229366 -4.313649578314103 0.4357787137382918
201202 -2.10505035831417 -4.514295061425868 0.4357787137382918
201203 -1.7035932671080536 -4.680584033314295 0.4357787137382918
201204 -1.289170802481497 -4.811250934495291 0.4357787137382918
201205 -0.8649369696254472 -4.9053013109520345 0.4357787137382918
201206 -0.43412044416732626 -4.96201938253052 0.4357787137382918
201207 -9.14989986259215e-16 -4.9809734904587275 0.4357787137382918
201208 0.4341204441673244 -4.96201938253052 0.4357787137382918
201209 0.8649369696254454 -4.9053013109520345 0.4357787137382918
201210 1.2891708024814954 -4.811250934495292 0.4357787137382918
201211 1.7035932671080518 -4.680584033314295 0.4357787137382918
201212 2.105050358314169 -4.514295061425869 0.4357787137382918
201213 2.490486745229364 -4.313649578314104 0.4357787137382918
201214 2.856969024216348 -4.080174617258542 0.4357787137382918
201215 3.2017080438439836 -3.8156470636888487 0.4357787137382918
201216 3.522080132013792 -3.522080132013794 0.4357787137382918
201217 3.815647063688847 -3.2017080438439853 0.4357787137382918
201218 4.080174617258541 -2.85696902421635 0.4357787137382918
201219 4.313649578314103 -2.490486745229366 0.4357787137382918
201220 4.514295061425868 -2.1050503583141706 0.4357787137382918
201221 4.680584033314294 -1.703593267108054 0.4357787137382918
201222 4.811250934495291 -1.2891708024814972 0.4357787137382918
201223 4.9053013109520345 -0.8649369696254475 0.4357787137382918
201224 4.96201938253052 -0.4341204441673266 0.4357787137382918
