Mesh2HRTF 1.0.0-dev
    1
    1  1225
200000 -7.024033E-04  4.426735E-04
200001 -5.154552E-04 -6.970182E-04
200002 -8.429708E-04 -1.766507E-04
200003 -7.546148E-04  4.007840E-04
200004 -3.536586E-04  7.741199E-04
200005  1.482450E-04  8.397497E-04
200006  5.649271E-04  6.460000E-04
200007  8.053440E-04  3.159135E-04
200008  8.710249E-04 -3.105538E-05
200009  8.160990E-04 -3.201780E-04
200010  7.064169E-04 -5.250080E-04
200011  5.954874E-04 -6.510019E-04
200012  5.174708E-04 -7.159484E-04
200013  4.897260E-04 -7.356013E-04
200014  5.173724E-04 -7.159793E-04
200015  5.952911E-04 -6.510636E-04
200016  7.061239E-04 -5.251001E-04
200017  8.157110E-04 -3.203000E-04
200018  8.705441E-04 -3.120643E-05
200019  8.047734E-04  3.157345E-04
200020  5.642700E-04  6.457946E-04
200021  1.475054E-04  8.395198E-04
200022 -3.544762E-04  7.738679E-04
200023 -7.555053E-04  4.005128E-04
200024 -8.439287E-04 -1.769375E-04
200025 -5.164746E-04 -6.973169E-04
200026  1.025643E-04 -8.597398E-04
200027  6.724393E-04 -5.267780E-04
200028  8.267757E-04  1.305854E-04
200029  4.397476E-04  6.965837E-04
200030 -2.455368E-04  7.851516E-04
200031 -7.649699E-04  3.296945E-04
200032 -7.666405E-04 -3.555623E-04
200033 -2.641055E-04 -8.058212E-04
200034  3.924829E-04 -7.400687E-04
200035  7.852333E-04 -2.335223E-04
200036  7.072187E-04  3.795193E-04
200037  2.512884E-04  7.551959E-04
200038 -3.078086E-04  7.385868E-04
200039 -7.059621E-04  3.979111E-04
200040 -8.167603E-04 -7.445921E-05
200041 -6.637921E-04 -4.905063E-04
200042 -3.563934E-04 -7.441800E-04
200043 -1.358362E-05 -8.206346E-04
200044  2.825353E-04 -7.637662E-04
200045  4.973816E-04 -6.364927E-04
200046  6.321010E-04 -4.939750E-04
200047  7.054605E-04 -3.734440E-04
200048  7.390469E-04 -2.952824E-04
200049  7.484360E-04 -2.684413E-04
200050  7.391760E-04 -2.952897E-04
200051  7.057171E-04 -3.734575E-04
200052  6.324818E-04 -4.939926E-04
200053  4.978819E-04 -6.365115E-04
200054  2.831490E-04 -7.637825E-04
200055 -1.286378E-05 -8.206444E-04
200056 -3.555758E-04 -7.441788E-04
200057 -6.628859E-04 -4.904898E-04
200058 -8.157751E-04 -7.442323E-05
200059 -7.049082E-04  3.979702E-04
200060 -3.066964E-04  7.386719E-04
200061  2.524486E-04  7.553092E-04
200062  7.084167E-04  3.796619E-04
200063  7.864589E-04 -2.333502E-04
200064  3.937263E-04 -7.398680E-04
200065 -2.628537E-04 -8.055938E-04
200066 -7.653894E-04 -3.553110E-04
200067 -7.637283E-04  3.299664E-04
200068 -2.443131E-04  7.854398E-04
200069  4.409453E-04  6.968837E-04
200070  8.279397E-04  1.308924E-04
200071  6.735620E-04 -5.264690E-04
200072  1.036388E-04 -8.594336E-04
200073  7.862239E-04 -3.904369E-04
200074 -3.248875E-04 -8.218960E-04
200075 -8.579596E-04  1.980706E-04
200076 -5.437369E-06  8.873948E-04
200077  8.448964E-04  3.106407E-04
200078  6.626869E-04 -6.180652E-04
200079 -1.455626E-04 -8.933615E-04
200080 -7.681304E-04 -4.767808E-04
200081 -8.952905E-04  1.423395E-04
200082 -6.854775E-04  6.004917E-04
200083 -3.961833E-04  8.258082E-04
200084 -1.861266E-04  8.999172E-04
200085 -1.126186E-04  9.130636E-04
200086 -1.862440E-04  8.998803E-04
200087 -3.964184E-04  8.257325E-04
200088 -6.858310E-04  6.003736E-04
200089 -8.957631E-04  1.421743E-04
200090 -7.687224E-04 -4.769989E-04
200091 -1.462737E-04 -8.936380E-04
200092  6.618579E-04 -6.184052E-04
200093  8.439518E-04  3.102337E-04
200094 -6.493621E-06  8.869193E-04
200095 -8.591224E-04  1.975279E-04
200096 -3.261504E-04 -8.225018E-04
200097  7.848682E-04 -3.910984E-04
200098  3.840195E-04  7.660105E-04
200099 -7.885428E-04  3.334277E-04
200100 -2.767123E-04 -8.207198E-04
200101  8.227647E-04 -1.956704E-04
200102  7.158009E-05  8.197668E-04
200103 -8.380572E-04 -4.463589E-05
200104  1.117826E-04 -8.357162E-04
200105  7.909775E-04  1.680685E-04
200106 -2.314218E-04  7.645127E-04
200107 -7.868510E-04 -2.390383E-04
200108  1.625995E-04 -8.018865E-04
200109  7.847187E-04  5.205640E-05
200110  8.694795E-05  7.716816E-04
200111 -7.305489E-04  3.081885E-04
200112 -5.814471E-04 -5.506650E-04
200113  1.891565E-04 -7.655326E-04
200114  7.203560E-04 -2.749808E-04
200115  6.709654E-04  3.624892E-04
200116  2.540604E-04  7.205266E-04
200117 -2.005766E-04  7.423476E-04
200118 -5.164961E-04  5.749741E-04
200119 -6.780817E-04  3.746527E-04
200120 -7.395657E-04  2.320643E-04
200121 -7.533762E-04  1.820167E-04
200122 -7.393037E-04  2.319748E-04
200123 -6.775632E-04  3.744803E-04
200124 -5.157318E-04  5.747316E-04
200125 -1.995825E-04  7.420530E-04
200126  2.552638E-04  7.202019E-04
200127  6.723537E-04  3.621591E-04
200128  7.219019E-04 -2.752906E-04
200129  1.908309E-04 -7.657972E-04
200130 -5.796736E-04 -5.508617E-04
200131 -7.287045E-04  3.080792E-04
200132  8.883703E-05  7.716743E-04
200133  7.866296E-04  5.216061E-05
200134  1.645131E-04 -8.016668E-04
200135 -7.849501E-04 -2.387047E-04
200136 -2.295453E-04  7.649535E-04
200137  7.928207E-04  1.686053E-04
200138  1.135858E-04 -8.350985E-04
200139 -8.362998E-04 -4.395500E-05
200140  7.328655E-05  8.204914E-04
200141  8.244147E-04 -1.949222E-04
200142 -2.751249E-04 -8.199677E-04
200143 -7.870249E-04  3.341651E-04
200144  3.854602E-04  7.667169E-04
200145 -3.145978E-05  8.906370E-04
200146  7.100923E-04 -5.592928E-04
200147 -8.649683E-04 -2.597793E-04
200148  1.688915E-04  9.120571E-04
200149  8.255054E-04 -4.344016E-04
200150 -5.538875E-04 -7.420711E-04
200151 -7.702737E-04  5.441154E-04
200152  3.402940E-04  9.015986E-04
200153  9.605475E-04  1.153584E-04
200154  7.049025E-04 -6.539479E-04
200155  1.802336E-04 -9.394198E-04
200156 -1.858074E-04 -9.366207E-04
200157 -3.049324E-04 -9.046560E-04
200158 -1.858194E-04 -9.365866E-04
200159  1.802040E-04 -9.393599E-04
200160  7.048447E-04 -6.538776E-04
200161  9.604473E-04  1.154174E-04
200162  3.401351E-04  9.016204E-04
200163 -7.705078E-04  5.440720E-04
200164 -5.542115E-04 -7.422071E-04
200165  8.250805E-04 -4.346553E-04
200166  1.683595E-04  9.116660E-04
200167 -8.656081E-04 -2.603211E-04
200168  7.093494E-04 -5.599904E-04
200169 -3.229708E-05  8.897876E-04
200170 -5.808208E-04 -6.619162E-04
200171  8.619540E-04  1.247225E-04
200172 -7.556580E-04  4.014575E-04
200173  3.730639E-04 -7.735145E-04
200174  1.252264E-04  8.164221E-04
200175 -5.833167E-04 -6.097483E-04
200176  8.056402E-04  1.053900E-04
200177 -7.006573E-04  4.027097E-04
200178  2.039056E-04 -7.925992E-04
200179  4.201816E-04  6.511294E-04
200180 -7.948259E-04 -7.006917E-05
200181  4.298822E-04 -6.578867E-04
200182  4.014117E-04  6.435217E-04
200183 -7.464614E-04  2.073737E-04
200184 -1.236240E-04 -7.569035E-04
200185  7.368836E-04 -1.278369E-04
200186  2.508797E-04  7.101970E-04
200187 -5.783158E-04  4.911460E-04
200188 -7.086785E-04 -2.383276E-04
200189 -2.732631E-04 -6.795158E-04
200190  2.182156E-04 -6.913155E-04
200191  5.211995E-04 -5.040337E-04
200192  6.484296E-04 -3.299841E-04
200193  6.791315E-04 -2.647096E-04
200194  6.488030E-04 -3.302232E-04
200195  5.219388E-04 -5.044940E-04
200196  2.193047E-04 -6.919625E-04
200197 -2.718508E-04 -6.803013E-04
200198 -7.069816E-04 -2.391929E-04
200199 -5.763852E-04  4.902652E-04
200200  2.529825E-04  7.093661E-04
200201  7.390903E-04 -1.285565E-04
200202 -1.213831E-04 -7.574581E-04
200203 -7.442511E-04  2.070261E-04
200204  4.035375E-04  6.434094E-04
200205  4.318845E-04 -6.577500E-04
200206 -7.929692E-04 -6.968455E-05
200207  4.218868E-04  6.517474E-04
200208  2.054670E-04 -7.917738E-04
200209 -6.992230E-04  4.037072E-04
200210  8.069682E-04  1.065179E-04
200211 -5.820745E-04 -6.085357E-04
200212  1.263987E-04  8.176725E-04
200213  3.741760E-04 -7.722720E-04
200214 -7.546040E-04  4.026499E-04
200215  8.629457E-04  1.258279E-04
200216 -5.799005E-04 -6.609278E-04
200217 -5.640715E-04 -6.986678E-04
200218  5.446221E-04  7.592615E-04
200219 -3.814720E-04 -8.409044E-04
200220  7.011597E-05  9.601406E-04
200221  4.625950E-04 -8.365679E-04
200222 -9.258667E-04  2.968771E-04
200223  7.368584E-04  6.768936E-04
200224  4.667746E-04 -8.724307E-04
200225 -8.658470E-04 -4.867612E-04
200226 -7.712565E-04  6.583989E-04
200227  7.531439E-06  1.028326E-03
200228  5.245336E-04  8.903466E-04
200229  6.727711E-04  7.856828E-04
200230  5.247474E-04  8.905331E-04
200231  7.942200E-06  1.028681E-03
200232 -7.706810E-04  6.588885E-04
200233 -8.651511E-04 -4.861855E-04
200234  4.675385E-04 -8.718269E-04
200235  7.376356E-04  6.774624E-04
200236 -9.251277E-04  2.973472E-04
200237  4.632530E-04 -8.362553E-04
200238  7.066343E-05  9.602458E-04
200239 -3.810486E-04 -8.410439E-04
200240  5.449244E-04  7.588543E-04
200241 -5.638729E-04 -6.993499E-04
200242  5.297823E-04  7.285369E-04
200243 -4.131511E-04 -7.724658E-04
200244  2.677343E-04  8.220997E-04
200245 -8.524454E-05 -8.529888E-04
200246 -8.808807E-05  8.245651E-04
200247  2.314012E-04 -8.049649E-04
200248 -3.334798E-04  7.281020E-04
200249  3.630775E-04 -7.300361E-04
200250 -3.461662E-04  6.963280E-04
200251  2.214271E-04 -7.640084E-04
200252 -2.569898E-05  7.557373E-04
200253 -3.066029E-04 -7.138385E-04
200254  6.199464E-04  4.093164E-04
200255 -7.437413E-04  1.299819E-04
200256  3.100041E-04 -6.639916E-04
200257  4.712269E-04  5.685014E-04
200258 -6.445371E-04  3.647758E-04
200259 -3.554826E-04 -6.115595E-04
200260  5.282696E-04 -4.645538E-04
200261  6.743186E-04  2.755327E-04
200262  2.526727E-04  6.991479E-04
200263 -1.797260E-04  7.194660E-04
200264 -4.160275E-04  6.052425E-04
200265 -4.832457E-04  5.484531E-04
200266 -4.156327E-04  6.048317E-04
200267 -1.789258E-04  7.186771E-04
200268  2.538901E-04  6.980439E-04
200269  6.759513E-04  2.742021E-04
200270  5.302866E-04 -4.660041E-04
200271 -3.531518E-04 -6.130132E-04
200272 -6.420028E-04  3.634340E-04
200273  4.738245E-04  5.673764E-04
200274  3.125130E-04 -6.648145E-04
200275 -7.414623E-04  1.295210E-04
200276  6.218861E-04  4.092489E-04
200277 -3.050662E-04 -7.135099E-04
200278 -2.457829E-05  7.564391E-04
200279  2.221646E-04 -7.629773E-04
200280 -3.457453E-04  6.976287E-04
200281  3.632656E-04 -7.285358E-04
200282 -3.334397E-04  7.297265E-04
200283  2.313651E-04 -8.032928E-04
200284 -8.815015E-05  8.262109E-04
200285 -8.530740E-05 -8.514377E-04
200286  2.676723E-04  8.234957E-04
200287 -4.132292E-04 -7.712748E-04
200288  5.296598E-04  7.294853E-04
200289  7.791877E-04  5.181871E-04
200290 -9.240827E-04  1.697362E-04
200291  7.047803E-04 -6.469673E-04
200292 -3.959946E-04  9.070032E-04
200293  2.635128E-04 -9.519514E-04
200294 -3.720834E-04  9.536335E-04
200295  7.466979E-04 -7.038670E-04
200296 -1.042570E-03 -3.148584E-06
200297  4.177236E-04  9.787409E-04
200298  9.798000E-04 -4.197258E-04
200299  1.882065E-05 -1.068548E-03
200300 -6.745913E-04 -8.350985E-04
200301 -8.509462E-04 -6.575824E-04
200302 -6.740997E-04 -8.347310E-04
200303  1.977138E-05 -1.067841E-03
200304  9.811471E-04 -4.187323E-04
200305  4.193791E-04  9.799450E-04
200306 -1.040711E-03 -1.825441E-06
200307  7.486475E-04 -7.025249E-04
200308 -3.701502E-04  9.548944E-04
200309  2.653390E-04 -9.508638E-04
200310 -3.943387E-04  9.078400E-04
200311  7.062355E-04 -6.464400E-04
200312 -9.228234E-04  1.699162E-04
200313  7.802881E-04  5.180024E-04
200314 -1.068908E-04 -8.882073E-04
200315 -6.443978E-04  6.112626E-04
200316  8.482506E-04  2.176419E-04
200317 -2.583317E-04 -8.110962E-04
200318 -5.235138E-04  6.458634E-04
200319  8.203562E-04  3.664465E-05
200320 -4.848036E-04 -6.577420E-04
200321 -1.032962E-04  7.695353E-04
200322  5.401465E-04 -5.753175E-04
200323 -7.397563E-04  2.064574E-04
200324  7.483445E-04  1.236673E-05
200325 -7.409251E-04 -1.475735E-04
200326  7.224480E-04  9.071221E-05
200327 -7.274030E-04  1.074217E-04
200328  5.682238E-04 -4.240060E-04
200329 -1.255465E-04  7.216596E-04
200330 -5.249110E-04 -4.503805E-04
200331  6.061475E-04 -3.281629E-04
200332  3.443669E-04  6.416087E-04
200333 -4.945332E-04  5.129080E-04
200334 -6.581761E-04 -1.494551E-04
200335 -3.594953E-04 -5.509103E-04
200336 -7.232126E-05 -6.535923E-04
200337  2.995682E-05 -6.587713E-04
200338 -7.212074E-05 -6.541370E-04
200339 -3.590116E-04 -5.519547E-04
200340 -6.572783E-04 -1.509113E-04
200341 -4.930989E-04  5.111653E-04
200342  3.463924E-04  6.397330E-04
200343  6.087092E-04 -3.300040E-04
200344 -5.219872E-04 -4.520228E-04
200345 -1.225283E-04  7.203589E-04
200346  5.710270E-04 -4.248587E-04
200347 -7.251015E-04  1.070771E-04
200348  7.240394E-04  9.088777E-05
200349 -7.401389E-04 -1.469089E-04
200350  7.483500E-04  1.345552E-05
200351 -7.404076E-04  2.078838E-04
200352  5.390238E-04 -5.736513E-04
200353 -1.046868E-04  7.713408E-04
200354 -4.862792E-04 -6.558944E-04
200355  8.189310E-04  3.844368E-05
200356 -5.248122E-04  6.475319E-04
200357 -2.594849E-04 -8.096300E-04
200358  8.472137E-04  2.188452E-04
200359 -6.453796E-04  6.121554E-04
200360 -1.078940E-04 -8.876592E-04
200361 -6.992865E-04 -6.090659E-04
200362  6.616181E-04 -6.902742E-04
200363  5.736778E-04  8.130772E-04
200364 -9.878205E-04  2.114264E-04
200365  4.763374E-04 -9.094369E-04
200366  9.390303E-05  1.055276E-03
200367 -3.148071E-04 -1.027142E-03
200368  8.518013E-05  1.092483E-03
200369  6.172176E-04 -9.226268E-04
200370 -1.107722E-03 -2.239447E-04
200371 -3.826686E-04  1.067734E-03
200372  5.718591E-04  9.824176E-04
200373  8.325737E-04  7.769180E-04
200374  5.725780E-04  9.829075E-04
200375 -3.812783E-04  1.068681E-03
200376 -1.105754E-03 -2.226037E-04
200377  6.196312E-04 -9.209840E-04
200378  8.787502E-05  1.094314E-03
200379 -3.120081E-04 -1.025246E-03
200380  9.663570E-05  1.057113E-03
200381  4.788617E-04 -9.077661E-04
200382 -9.856010E-04  2.128452E-04
200383  5.755523E-04  8.141856E-04
200384  6.631643E-04 -6.895103E-04
200385 -6.980002E-04 -6.086607E-04
200386 -6.605615E-04  6.402018E-04
200387  4.997008E-04  7.560166E-04
200388  8.164533E-04 -3.130848E-04
200389 -1.413764E-04 -8.336839E-04
200390 -8.285747E-04  5.795391E-06
200391 -7.080148E-05  8.075965E-04
200392  7.965561E-04  5.843310E-05
200393 -4.066027E-05 -7.948948E-04
200394 -7.241655E-04  2.425983E-04
200395  5.470336E-04  4.965027E-04
200396  4.930638E-05 -7.552443E-04
200397 -5.010364E-04  5.258136E-04
200398  6.567762E-04 -2.815182E-04
200399 -6.983728E-04  1.643712E-04
200400  6.601525E-04 -2.093341E-04
200401 -5.277466E-04  4.772707E-04
200402  1.205675E-04 -6.480047E-04
200403  5.013124E-04  4.989521E-04
200404 -5.688674E-04  3.863116E-04
200405 -3.767993E-04 -5.244058E-04
200406  3.740808E-04 -5.443507E-04
200407  6.754186E-04 -8.840200E-05
200408  6.418332E-04  2.422259E-04
200409  5.934652E-04  3.428759E-04
200410  6.414843E-04  2.416333E-04
200411  6.749700E-04 -8.954052E-05
200412  3.739400E-04 -5.459399E-04
200413 -3.762158E-04 -5.263021E-04
200414 -5.672891E-04  3.842930E-04
200415  5.039015E-04  4.970193E-04
200416  1.239031E-04 -6.496482E-04
200417 -5.241471E-04  4.760854E-04
200418  6.634398E-04 -2.099533E-04
200419 -6.959213E-04  1.643529E-04
200420  6.580417E-04 -2.809716E-04
200421 -5.010697E-04  5.268347E-04
200422  4.809476E-05 -7.538703E-04
200423  5.449372E-04  4.980995E-04
200424 -7.267702E-04  2.442955E-04
200425 -4.340507E-05 -7.932029E-04
200426  7.939624E-04  6.003179E-05
200427 -7.306524E-05  8.090303E-04
200428 -8.304449E-04  7.006149E-06
200429 -1.428855E-04 -8.327427E-04
200430  8.152068E-04 -3.124492E-04
200431  4.985824E-04  7.563202E-04
200432 -6.616965E-04  6.401558E-04
200433  1.935360E-04  9.396765E-04
200434 -5.733430E-04  7.988708E-04
200435 -1.006796E-03 -5.415010E-05
200436 -2.910202E-04 -9.943754E-04
200437  1.004160E-03 -3.470314E-04
200438  2.403242E-05  1.092323E-03
200439 -8.695755E-04 -7.214941E-04
200440  1.079032E-03  3.604342E-04
200441 -1.036462E-03 -5.637483E-04
200442  3.508793E-04  1.123222E-03
200443  1.063040E-03 -5.522347E-04
200444  4.935210E-05 -1.217978E-03
200445 -3.734825E-04 -1.165644E-03
200446  5.016630E-05 -1.217501E-03
200447  1.064613E-03 -5.513082E-04
200448  3.530984E-04  1.124543E-03
200449 -1.033765E-03 -5.621207E-04
200450  1.081993E-03  3.622548E-04
200451 -8.665874E-04 -7.196086E-04
200452  2.682065E-05  1.094152E-03
200453  1.006565E-03 -3.453574E-04
200454 -2.891097E-04 -9.929153E-04
200455 -1.005409E-03 -5.292615E-05
200456 -5.724307E-04  7.998623E-04
200457  1.940862E-04  9.404487E-04
200458  7.352550E-04  5.747790E-04
200459  9.021923E-04  2.329848E-05
200460  7.205897E-04 -4.888485E-04
200461  2.687610E-04 -7.982950E-04
200462 -3.112173E-04 -7.590960E-04
200463 -7.477000E-04 -2.937016E-04
200464 -6.643702E-04  4.162789E-04
200465  7.044064E-05  7.585715E-04
200466  7.416338E-04  1.317806E-04
200467  1.925744E-04 -7.323584E-04
200468 -7.272109E-04 -8.728684E-05
200469  2.256855E-04  6.645667E-04
200470  3.549043E-04 -6.078262E-04
200471 -6.279049E-04  3.136432E-04
200472  6.669133E-04 -1.156677E-04
200473 -6.573307E-04  1.956576E-04
200474  5.348055E-04 -3.748177E-04
200475 -1.154956E-04  6.818351E-04
200476 -5.124811E-04 -3.807248E-04
200477  4.692548E-04 -4.568599E-04
200478  5.803632E-04  3.227316E-04
200479  8.560337E-05  6.333641E-04
200480 -2.717012E-04  5.598983E-04
200481 -3.761082E-04  4.916916E-04
200482 -2.730269E-04  5.593582E-04
200483  8.348851E-05  6.323163E-04
200484  5.783422E-04  3.212531E-04
200485  4.682467E-04 -4.586337E-04
200486 -5.118404E-04 -3.825985E-04
200487 -1.130691E-04  6.800966E-04
200488  5.386127E-04 -3.761887E-04
200489 -6.529563E-04  1.948342E-04
200490  6.708858E-04 -1.158562E-04
200491 -6.251791E-04  3.140689E-04
200492  3.558762E-04 -6.069000E-04
200493  2.248249E-04  6.658239E-04
200494 -7.295961E-04 -8.587948E-05
200495  1.892202E-04 -7.309571E-04
200496  7.379377E-04  1.330622E-04
200497  6.694656E-05  7.596628E-04
200498 -6.672969E-04  4.171418E-04
200499 -7.498979E-04 -2.930848E-04
200500 -3.127000E-04 -7.587313E-04
200501  2.678623E-04 -7.981795E-04
200502  7.200833E-04 -4.889719E-04
200503  9.018687E-04  2.295017E-05
200504  7.349108E-04  5.742175E-04
200505  8.005966E-04 -5.304094E-04
200506  8.747409E-04 -4.707317E-04
200507  9.983842E-04 -2.371249E-04
200508  1.021095E-03  2.760560E-04
200509  5.219940E-04  9.574857E-04
200510 -7.216197E-04  8.732114E-04
200511 -8.597165E-04 -8.060764E-04
200512  1.163832E-03 -2.552036E-04
200513 -1.054458E-03  6.343869E-04
200514  1.214333E-03 -2.708816E-04
200515 -8.142389E-04 -9.922316E-04
200516 -1.203689E-03  4.469736E-04
200517 -9.148196E-04  8.972964E-04
200518 -1.202933E-03  4.472713E-04
200519 -8.127781E-04 -9.916428E-04
200520  1.216384E-03 -2.700269E-04
200521 -1.052002E-03  6.354494E-04
200522  1.166446E-03 -2.540272E-04
200523 -8.572292E-04 -8.048999E-04
200524 -7.195299E-04  8.742855E-04
200525  5.234815E-04  9.583990E-04
200526  1.021880E-03  2.768117E-04
200527  9.984814E-04 -2.364691E-04
200528  8.742612E-04 -4.700929E-04
200529  7.997103E-04 -5.297174E-04
200530  7.812517E-04 -4.992967E-04
200531  7.873838E-04 -4.304601E-04
200532  7.903210E-04 -3.639513E-04
200533  7.749937E-04 -3.366185E-04
200534  7.293687E-04 -3.776767E-04
200535  6.247195E-04 -4.990493E-04
200536  4.010005E-04 -6.702375E-04
200537 -4.900680E-06 -7.662794E-04
200538 -5.186494E-04 -5.420714E-04
200539 -7.099802E-04  1.409239E-04
200540 -5.309980E-05  6.948853E-04
200541  6.951697E-04  3.678148E-05
200542 -1.690920E-04 -6.744431E-04
200543 -4.391576E-04  5.278087E-04
200544  6.354542E-04 -1.742900E-04
200545 -6.631264E-04  6.335791E-05
200546  6.409843E-04 -9.808523E-05
200547 -4.866294E-04  4.463265E-04
200548 -2.128983E-05 -6.296104E-04
200549  6.334494E-04  1.358250E-04
200550 -4.380292E-05  6.062826E-04
200551 -5.551172E-04  2.306421E-04
200552 -6.081007E-04 -1.640776E-04
200553 -5.737879E-04 -2.941956E-04
200554 -6.107779E-04 -1.644926E-04
200555 -5.595304E-04  2.298175E-04
200556 -4.840541E-05  6.050869E-04
200557  6.302658E-04  1.343659E-04
200558 -2.193466E-05 -6.311403E-04
200559 -4.844621E-04  4.449794E-04
200560  6.453404E-04 -9.899700E-05
200561 -6.578480E-04  6.305639E-05
200562  6.401873E-04 -1.739413E-04
200563 -4.361787E-04  5.287006E-04
200564 -1.684956E-04 -6.732244E-04
200565  6.934319E-04  3.807084E-05
200566 -5.656966E-05  6.960211E-04
200567 -7.142882E-04  1.417599E-04
200568 -5.229000E-04 -5.415945E-04
200569 -8.417213E-06 -7.661536E-04
200570  3.985752E-04 -6.704197E-04
200571  6.234394E-04 -4.994856E-04
200572  7.290761E-04 -3.783113E-04
200573  7.754307E-04 -3.373909E-04
200574  7.912151E-04 -3.647919E-04
200575  7.884888E-04 -4.312964E-04
200576  7.823494E-04 -5.000711E-04
200577 -3.768001E-04 -8.956702E-04
200578 -8.403057E-04 -5.585963E-04
200579 -1.033861E-03 -1.649352E-04
200580 -1.086708E-03  4.319031E-05
200581 -1.128671E-03 -8.298815E-05
200582 -9.832922E-04 -6.480298E-04
200583  1.105520E-05 -1.216647E-03
200584  1.240012E-03  4.051044E-05
200585 -8.795452E-04  9.359383E-04
200586  7.968504E-04 -1.048428E-03
200587 -1.330930E-03  1.814961E-04
200588  2.500379E-05  1.342620E-03
200589  6.586571E-04  1.174216E-03
200590  2.559003E-05  1.342602E-03
200591 -1.329795E-03  1.814867E-04
200592  7.984385E-04 -1.048401E-03
200593 -8.776850E-04  9.359922E-04
200594  1.241876E-03  4.052966E-05
200595  1.260544E-05 -1.216757E-03
200596 -9.823592E-04 -6.483438E-04
200597 -1.128566E-03 -8.351040E-05
200598 -1.087493E-03  4.255609E-05
200599 -1.035448E-03 -1.655026E-04
200600 -8.424948E-04 -5.588936E-04
200601 -3.793490E-04 -8.955415E-04
200602  2.570180E-04 -8.966486E-04
200603  7.538933E-04 -4.861047E-04
200604  8.638154E-04  1.097740E-04
200605  6.232717E-04  5.792085E-04
200606  2.612076E-04  7.874317E-04
200607 -2.282823E-05  8.038157E-04
200608 -1.495154E-04  7.622706E-04
200609 -1.066362E-04  7.426825E-04
200610  1.152923E-04  7.168828E-04
200611  4.795348E-04  5.210425E-04
200612  7.014296E-04 -3.909116E-05
200613  2.287991E-04 -6.618042E-04
200614 -6.323446E-04 -2.559721E-04
200615 -4.293335E-05  6.669147E-04
200616  5.181663E-04 -3.758000E-04
200617 -6.438097E-04  1.215991E-04
200618  6.353938E-04 -1.379161E-05
200619 -5.846455E-04  2.546092E-04
200620  2.789704E-04 -5.624335E-04
200621  4.185889E-04  4.486506E-04
200622 -4.441990E-04  3.711092E-04
200623 -5.646242E-04 -2.915316E-04
200624 -3.069943E-04 -6.168404E-04
200625 -1.850962E-04 -6.797509E-04
200626 -3.112227E-04 -6.171202E-04
200627 -5.716565E-04 -2.921123E-04
200628 -4.517045E-04  3.702302E-04
200629  4.130130E-04  4.475575E-04
200630  2.769709E-04 -5.635471E-04
200631 -5.826932E-04  2.537463E-04
200632  6.403682E-04 -1.414301E-05
200633 -6.376253E-04  1.219048E-04
200634  5.235474E-04 -3.748772E-04
200635 -3.990220E-05  6.682314E-04
200636 -6.323237E-04 -2.545941E-04
200637  2.260990E-04 -6.606953E-04
200638  6.969941E-04 -3.848290E-05
200639  4.746235E-04  5.210629E-04
200640  1.110258E-04  7.163566E-04
200641 -1.095434E-04  7.417247E-04
200642 -1.508253E-04  7.610119E-04
200643 -2.268326E-05  8.023705E-04
200644  2.624629E-04  7.859002E-04
200645  6.252622E-04  5.776996E-04
200646  8.662376E-04  1.084222E-04
200647  7.565322E-04 -4.871494E-04
200648  2.597034E-04 -8.972606E-04
200649 -9.014182E-04 -3.727811E-04
200650 -6.888882E-04  7.327992E-04
200651  3.255758E-04  9.956427E-04
200652  1.005440E-03  4.413510E-04
200653  1.141335E-03 -1.270452E-04
200654  1.166356E-03 -2.666530E-04
200655  1.222791E-03  2.208967E-04
200656  4.507836E-04  1.208796E-03
200657 -1.326554E-03  2.044204E-04
200658  1.077963E-03 -8.524538E-04
200659 -1.374314E-03  2.968204E-04
200660  4.132498E-04  1.355819E-03
200661  1.074395E-03  9.349138E-04
200662  4.136253E-04  1.355416E-03
200663 -1.373576E-03  2.960875E-04
200664  1.079000E-03 -8.534220E-04
200665 -1.325380E-03  2.032662E-04
200666  4.518204E-04  1.207426E-03
200667  1.223345E-03  2.192269E-04
200668  1.166099E-03 -2.686816E-04
200669  1.140059E-03 -1.293815E-04
200670  1.003127E-03  4.389123E-04
200671  3.224035E-04  9.934309E-04
200672 -6.926166E-04  7.311707E-04
200673 -9.053805E-04 -3.735620E-04
200674  8.348459E-05 -9.359849E-04
200675  8.795252E-04 -1.653472E-04
200676  4.162203E-04  7.626154E-04
200677 -5.079644E-04  6.763406E-04
200678 -8.056211E-04 -6.340523E-05
200679 -4.638323E-04 -6.161343E-04
200680 -4.182236E-06 -7.495451E-04
200681  2.722705E-04 -6.853318E-04
200682  3.344830E-04 -6.451129E-04
200683  1.966018E-04 -6.881867E-04
200684 -1.656603E-04 -6.829991E-04
200685 -6.066756E-04 -3.111903E-04
200686 -4.743717E-04  4.570633E-04
200687  4.734033E-04  4.417232E-04
200688  1.796326E-04 -6.005708E-04
200689 -5.417145E-04  3.596570E-04
200690  5.974195E-04 -1.477801E-04
200691 -5.630823E-04  2.711277E-04
200692  3.250174E-04 -5.274707E-04
200693  2.997310E-04  5.035877E-04
200694 -5.388759E-04  1.922771E-04
200695 -4.355935E-04 -4.964601E-04
200696 -6.812645E-05 -7.074296E-04
200697  7.011362E-05 -7.157358E-04
200698 -7.387004E-05 -7.076418E-04
200699 -4.451558E-04 -4.969087E-04
200700 -5.491269E-04  1.915961E-04
200701  2.919793E-04  5.027723E-04
200702  3.218911E-04 -5.282024E-04
200703 -5.611819E-04  2.707691E-04
200704  6.030375E-04 -1.475199E-04
200705 -5.347683E-04  3.606127E-04
200706  1.853830E-04 -5.990799E-04
200707  4.761697E-04  4.433863E-04
200708 -4.751578E-04  4.584558E-04
200709 -6.103825E-04 -3.104371E-04
200710 -1.708804E-04 -6.830694E-04
200711  1.914546E-04 -6.890562E-04
200712  3.306542E-04 -6.466084E-04
200713  2.703891E-04 -6.872301E-04
200714 -4.101440E-06 -7.516543E-04
200715 -4.621843E-04 -6.183199E-04
200716 -8.029369E-04 -6.555925E-05
200717 -5.046904E-04  6.743555E-04
200718  4.198191E-04  7.610014E-04
200719  8.833350E-04 -1.663418E-04
200720  8.743667E-05 -9.361402E-04
200721 -9.520236E-04 -2.106436E-04
200722 -3.067814E-05  1.005753E-03
200723  1.065804E-03 -2.288312E-05
200724  1.731830E-04 -1.106971E-03
200725 -9.425830E-04 -6.916522E-04
200726 -1.222140E-03  6.004464E-05
200727 -1.255375E-03  2.519239E-04
200728 -1.269158E-03 -4.113948E-04
200729  7.067737E-05 -1.380002E-03
200730  1.076617E-03  9.408168E-04
200731 -9.500224E-04 -1.110467E-03
200732 -8.270155E-04  1.233587E-03
200733  4.680839E-05  1.492929E-03
200734 -8.268240E-04  1.232811E-03
200735 -9.496238E-04 -1.111895E-03
200736  1.077199E-03  9.389047E-04
200737  7.130785E-05 -1.382292E-03
200738 -1.268749E-03 -4.140738E-04
200739 -1.255555E-03  2.487627E-04
200740 -1.223258E-03  5.633739E-05
200741 -9.448502E-04 -6.958142E-04
200742  1.697872E-04 -1.111275E-03
200743  1.061533E-03 -2.683863E-05
200744 -3.542664E-05  1.002674E-03
200745 -9.568512E-04 -2.124600E-04
200746  3.895195E-04 -8.551616E-04
200747  7.009692E-04  5.432473E-04
200748 -6.340245E-04  5.889299E-04
200749 -5.455881E-04 -6.217537E-04
200750  5.388804E-04 -5.777287E-04
200751  7.067510E-04  3.340669E-04
200752  1.014171E-04  7.596042E-04
200753 -4.164810E-04  6.055494E-04
200754 -6.153355E-04  3.456568E-04
200755 -6.375781E-04  2.498013E-04
200756 -5.544085E-04  3.698171E-04
200757 -2.446971E-04  6.014649E-04
200758  3.642454E-04  5.272410E-04
200759  5.801434E-04 -2.572542E-04
200760 -3.872086E-04 -4.923258E-04
200761 -1.639462E-04  6.197268E-04
200762  3.930385E-04 -4.451503E-04
200763 -3.936228E-04  4.751694E-04
200764  1.412383E-04 -5.925187E-04
200765  3.996087E-04  4.149756E-04
200766 -4.882181E-04  2.544358E-04
200767 -4.584213E-04 -4.566252E-04
200768 -9.622136E-05 -6.979351E-04
200769  4.490837E-05 -7.130596E-04
200770 -1.032268E-04 -6.982152E-04
200771 -4.700565E-04 -4.571651E-04
200772 -5.006456E-04  2.537153E-04
200773  3.902414E-04  4.142555E-04
200774  1.374136E-04 -5.929589E-04
200775 -3.915713E-04  4.753102E-04
200776  3.992450E-04 -4.442407E-04
200777 -1.565071E-04  6.213553E-04
200778 -3.814593E-04 -4.903037E-04
200779  5.823174E-04 -2.553521E-04
200780  3.624914E-04  5.285006E-04
200781 -2.493462E-04  6.017349E-04
200782 -5.601509E-04  3.690257E-04
200783 -6.426012E-04  2.481288E-04
200784 -6.184012E-04  3.434150E-04
200785 -4.171620E-04  6.030391E-04
200786  1.028474E-04  7.570244E-04
200787  7.096414E-04  3.315150E-04
200788  5.425576E-04 -5.801802E-04
200789 -5.415758E-04 -6.239580E-04
200790 -6.298413E-04  5.872475E-04
200791  7.053549E-04  5.424536E-04
200792  3.941631E-04 -8.547291E-04
200793 -7.768771E-04 -5.926451E-04
200794 -1.479091E-05  1.007370E-03
200795  9.441615E-04 -5.098795E-04
200796 -7.997986E-04 -7.842905E-04
200797 -8.152472E-04  8.506379E-04
200798  4.781320E-04  1.148720E-03
200799  1.105093E-03  6.948459E-04
200800  1.107391E-03  8.014042E-04
200801  7.041496E-05  1.424925E-03
200802 -1.415079E-03 -3.827105E-04
200803  1.498489E-03  2.254249E-04
200804 -4.428210E-04 -1.464020E-03
200805 -1.274443E-03 -8.609201E-04
200806 -4.427470E-04 -1.465094E-03
200807  1.498680E-03  2.234517E-04
200808 -1.414756E-03 -3.853473E-04
200809  7.076744E-05  1.421777E-03
200810  1.107511E-03  7.977352E-04
200811  1.104605E-03  6.905301E-04
200812  4.766662E-04  1.143663E-03
200813 -8.179117E-04  8.449491E-04
200814 -8.036296E-04 -7.902104E-04
200815  9.394592E-04 -5.153866E-04
200816 -1.990408E-05  1.002974E-03
200817 -7.819458E-04 -5.954162E-04
200818  8.902320E-04 -2.561472E-04
200819 -3.315764E-04  8.186589E-04
200820 -5.176876E-04 -6.876297E-04
200821  7.957787E-04 -1.751984E-04
200822 -2.271702E-05  8.026561E-04
200823 -7.670096E-04 -2.084259E-05
200824 -1.350974E-04 -7.138932E-04
200825  5.538034E-04 -4.539630E-04
200826  7.070949E-04  2.798439E-05
200827  6.292313E-04  2.792583E-04
200828  6.055086E-04  2.822958E-04
200829  6.529272E-04  4.814445E-05
200830  5.001328E-04 -4.093024E-04
200831 -1.852213E-04 -6.056363E-04
200832 -5.888765E-04  2.191170E-04
200833  4.548098E-04  4.124475E-04
200834 -1.673386E-04 -5.624253E-04
200835  8.901942E-05  5.993469E-04
200836 -2.928949E-04 -5.186332E-04
200837  5.839025E-04  7.258763E-05
200838 -2.109891E-04  4.742586E-04
200839 -5.661479E-04 -1.468635E-04
200840 -3.683134E-04 -5.508430E-04
200841 -2.487846E-04 -6.390073E-04
200842 -3.761863E-04 -5.513666E-04
200843 -5.791691E-04 -1.477800E-04
200844 -2.247890E-04  4.732043E-04
200845  5.736435E-04  7.174806E-05
200846 -2.969378E-04 -5.188768E-04
200847  9.137612E-05  5.999918E-04
200848 -1.606956E-04 -5.608248E-04
200849  4.623966E-04  4.147566E-04
200850 -5.835031E-04  2.216016E-04
200851 -1.838884E-04 -6.036328E-04
200852  4.973817E-04 -4.083283E-04
200853  6.475258E-04  4.784089E-05
200854  5.995652E-04  2.808211E-04
200855  6.246492E-04  2.769748E-04
200856  7.049750E-04  2.532190E-05
200857  5.542921E-04 -4.566827E-04
200858 -1.325715E-04 -7.165323E-04
200859 -7.633064E-04 -2.339851E-05
200860 -1.857956E-05  8.001866E-04
200861  7.999572E-04 -1.774351E-04
200862 -5.134964E-04 -6.892793E-04
200863 -3.271925E-04  8.180962E-04
200864  8.949735E-04 -2.551553E-04
200865  1.082286E-04 -9.700871E-04
200866 -6.532449E-04  7.646069E-04
200867  1.054775E-03 -1.798919E-04
200868 -8.353979E-04 -7.411636E-04
200869 -3.910570E-04  1.120047E-03
200870  1.164578E-03  4.615672E-04
200871  1.072244E-03 -7.505738E-04
200872  8.506314E-04 -1.075802E-03
200873  1.364640E-03 -4.612035E-04
200874  4.409506E-04  1.441082E-03
200875 -9.078172E-04 -1.231476E-03
200876 -5.419702E-04  1.479130E-03
200877  5.787415E-04  1.480486E-03
200878 -5.419400E-04  1.477868E-03
200879 -9.076912E-04 -1.233783E-03
200880  4.412215E-04  1.438023E-03
200881  1.364985E-03 -4.648337E-04
200882  8.508062E-04 -1.080029E-03
200883  1.071875E-03 -7.555723E-04
200884  1.163283E-03  4.556523E-04
200885 -3.935201E-04  1.113314E-03
200886 -8.390146E-04 -7.482525E-04
200887  1.050294E-03 -1.865673E-04
200888 -6.581143E-04  7.591973E-04
200889  1.034515E-04 -9.735972E-04
200890  4.003293E-04  8.137930E-04
200891 -7.761612E-04 -4.416630E-04
200892  8.230368E-04 -1.677732E-04
200893 -4.166311E-04  7.030361E-04
200894 -3.922745E-04 -6.742881E-04
200895  7.350831E-04 -1.542904E-04
200896  1.443067E-04  7.333535E-04
200897 -6.286815E-04  3.385944E-04
200898 -6.045126E-04 -3.161815E-04
200899 -3.015466E-04 -5.983808E-04
200900 -1.560548E-04 -6.443634E-04
200901 -2.612297E-04 -5.974565E-04
200902 -5.372944E-04 -3.397063E-04
200903 -5.508863E-04  2.843936E-04
200904  2.328698E-04  5.638803E-04
200905  4.134820E-04 -4.147866E-04
200906 -5.974330E-04  6.699173E-05
200907  5.783344E-04  8.186553E-05
200908 -5.708910E-04  8.841675E-05
200909  3.382009E-04 -5.016393E-04
200910  3.812028E-04  3.822412E-04
200911 -3.140092E-04  3.871218E-04
200912 -5.492755E-04 -3.867203E-07
200913 -5.586697E-04 -1.560917E-04
200914 -5.575726E-04 -1.336358E-06
200915 -3.276627E-04  3.855375E-04
200916  3.668758E-04  3.805632E-04
200917  3.277570E-04 -5.027943E-04
200918 -5.747495E-04  8.830089E-05
200919  5.810436E-04  8.303940E-05
200920 -5.905902E-04  6.932606E-05
200921  4.208532E-04 -4.118099E-04
200922  2.375568E-04  5.667263E-04
200923 -5.505173E-04  2.863342E-04
200924 -5.409352E-04 -3.391735E-04
200925 -2.671027E-04 -5.983988E-04
200926 -1.618704E-04 -6.464407E-04
200927 -3.054500E-04 -6.010429E-04
200928 -6.056394E-04 -3.189241E-04
200929 -6.271932E-04  3.360449E-04
200930  1.475823E-04  7.310067E-04
200931  7.391579E-04 -1.565705E-04
200932 -3.881341E-04 -6.765845E-04
200933 -4.127150E-04  7.008710E-04
200934  8.268353E-04 -1.693657E-04
200935 -7.721854E-04 -4.420469E-04
200936  4.047132E-04  8.152132E-04
200937  9.450931E-04  1.511786E-04
200938 -8.734772E-04 -4.959513E-04
200939  6.176366E-04  8.634788E-04
200940  1.832384E-05 -1.110230E-03
200941 -9.432347E-04  7.077469E-04
200942  9.522364E-04  8.154442E-04
200943  1.125782E-03 -6.665511E-04
200944  6.559380E-04 -1.203533E-03
200945  1.083910E-03 -9.486551E-04
200946  1.165100E-03  9.679763E-04
200947 -1.512354E-03 -3.014788E-04
200948  7.241185E-04  1.419219E-03
200949  1.507979E-03  5.408780E-04
200950  7.241630E-04  1.417881E-03
200951 -1.512183E-03 -3.039024E-04
200952  1.165473E-03  9.647981E-04
200953  1.084445E-03 -9.523927E-04
200954  6.564193E-04 -1.207883E-03
200955  1.125851E-03 -6.717495E-04
200956  9.515086E-04  8.091918E-04
200957 -9.450267E-04  7.005073E-04
200958  1.543480E-05 -1.117970E-03
200959  6.138885E-04  8.560964E-04
200960 -8.776473E-04 -5.020019E-04
200961  9.409714E-04  1.471984E-04
200962 -9.061595E-04  1.280937E-04
200963  7.493186E-04 -4.497271E-04
200964 -4.575436E-04  6.970927E-04
200965 -5.852061E-05 -8.044838E-04
200966  6.007348E-04  4.855296E-04
200967 -6.901018E-04  3.067893E-04
200968 -1.414122E-04 -6.963196E-04
200969  6.736236E-04 -1.897916E-04
200970  4.605762E-04  5.163548E-04
200971 -1.567699E-05  6.663967E-04
200972 -2.507556E-04  5.906183E-04
200973 -2.247920E-04  5.817797E-04
200974  6.287467E-05  6.085876E-04
200975  5.167441E-04  3.152571E-04
200976  3.994883E-04 -4.411335E-04
200977 -5.404765E-04 -2.484605E-04
200978  1.840588E-04  5.634965E-04
200979 -3.124870E-05 -5.695331E-04
200980  1.566925E-04  5.464515E-04
200981 -4.760412E-04 -3.203006E-04
200982  4.370266E-04 -4.164959E-04
200983  4.726853E-04  2.625169E-04
200984  9.568772E-05  4.769358E-04
200985 -5.802296E-05  4.726851E-04
200986  8.738448E-05  4.753985E-04
200987  4.590942E-04  2.600111E-04
200988  4.229168E-04 -4.190413E-04
200989 -4.861011E-04 -3.219237E-04
200990  1.532720E-04  5.464247E-04
200991 -2.825953E-05 -5.677966E-04
200992  1.908119E-04  5.665945E-04
200993 -5.336530E-04 -2.448557E-04
200994  4.032801E-04 -4.380537E-04
200995  5.161547E-04  3.169585E-04
200996  5.855324E-05  6.085296E-04
200997 -2.308220E-04  5.801515E-04
200998 -2.561597E-04  5.880318E-04
200999 -1.876519E-05  6.635767E-04
201000  4.603793E-04  5.138260E-04
201001  6.758698E-04 -1.918718E-04
201002 -1.377309E-04 -6.981226E-04
201003 -6.860106E-04  3.049641E-04
201004  6.045775E-04  4.835137E-04
201005 -5.509487E-05 -8.065318E-04
201006 -4.543223E-04  6.955438E-04
201007  7.526885E-04 -4.500141E-04
201008 -9.023991E-04  1.297742E-04
201009 -6.671649E-04  6.631547E-04
201010  8.286399E-04 -5.544598E-04
201011 -9.972758E-04  3.097933E-04
201012  1.088998E-03  2.115029E-04
201013 -6.611163E-04 -9.463105E-04
201014 -6.810631E-04  1.035163E-03
201015  9.283434E-04  9.246194E-04
201016  1.360981E-03  1.743861E-04
201017  1.345627E-03  5.144344E-04
201018 -1.594116E-04  1.493478E-03
201019 -6.599946E-04 -1.375805E-03
201020 -6.108108E-04  1.452379E-03
201021  5.791069E-04  1.482208E-03
201022 -6.107193E-04  1.451065E-03
201023 -6.597189E-04 -1.378160E-03
201024 -1.588541E-04  1.490436E-03
201025  1.346457E-03  5.108998E-04
201026  1.361901E-03  1.702729E-04
201027  9.290270E-04  9.196345E-04
201028 -6.809919E-04  1.029035E-03
201029 -6.619517E-04 -9.535616E-04
201030  1.087158E-03  2.036076E-04
201031 -9.999722E-04  3.021561E-04
201032  8.254425E-04 -5.607819E-04
201033 -6.704391E-04  6.589684E-04
201034  5.115915E-04 -7.525440E-04
201035 -3.251091E-04  7.897312E-04
201036  3.131123E-05 -8.344721E-04
201037  3.409368E-04  7.103647E-04
201038 -7.053939E-04 -3.069622E-04
201039  6.307815E-04 -3.699423E-04
201040  1.402762E-04  7.112220E-04
201041 -6.807991E-04  1.369332E-04
201042 -3.246201E-04 -5.787737E-04
201043  2.376450E-04 -6.091461E-04
201044  4.809861E-04 -4.310333E-04
201045  4.922194E-04 -3.999856E-04
201046  3.015751E-04 -5.440200E-04
201047 -1.960048E-04 -5.756519E-04
201048 -5.955331E-04  4.111991E-05
201049  1.638975E-04  5.638771E-04
201050  2.945722E-04 -4.837132E-04
201051 -4.449107E-04  3.665023E-04
201052  3.664751E-04 -4.342938E-04
201053  1.267824E-05  5.448173E-04
201054 -5.164060E-04 -2.051943E-04
201055  7.453565E-05 -5.968141E-04
201056  4.566414E-04 -3.892494E-04
201057  5.265541E-04 -2.624430E-04
201058  4.486852E-04 -3.914980E-04
201059  6.157829E-05 -6.004338E-04
201060 -5.297200E-04 -2.087887E-04
201061  3.391708E-06  5.426169E-04
201062  3.635899E-04 -4.342568E-04
201063 -4.418107E-04  3.688206E-04
201064  3.009310E-04 -4.798516E-04
201065  1.699036E-04  5.680420E-04
201066 -5.927387E-04  4.429365E-05
201067 -1.974444E-04 -5.743579E-04
201068  2.968357E-04 -5.447968E-04
201069  4.863299E-04 -4.023305E-04
201070  4.762003E-04 -4.340429E-04
201071  2.354088E-04 -6.119459E-04
201072 -3.240274E-04 -5.808714E-04
201073 -6.780547E-04  1.355245E-04
201074  1.440738E-04  7.101159E-04
201075  6.346515E-04 -3.712145E-04
201076 -7.019918E-04 -3.086436E-04
201077  3.438173E-04  7.084546E-04
201078  3.394307E-05 -8.359934E-04
201079 -3.223756E-04  7.894677E-04
201080  5.146285E-04 -7.507616E-04
201081  3.254981E-04 -8.782042E-04
201082 -4.726600E-04  8.582515E-04
201083  7.101447E-04 -7.438327E-04
201084 -1.011956E-03  3.989794E-04
201085  1.066382E-03  4.391991E-04
201086 -1.251742E-05 -1.197434E-03
201087 -1.256184E-03 -1.935223E-04
201088 -1.171792E-03  6.594261E-04
201089 -1.352184E-03  3.779675E-04
201090 -7.062367E-04 -1.265837E-03
201091  1.319722E-03  7.455304E-04
201092 -3.027257E-04 -1.493901E-03
201093 -1.273027E-03 -8.566930E-04
201094 -3.025790E-04 -1.495118E-03
201095  1.320115E-03  7.433796E-04
201096 -7.054824E-04 -1.268558E-03
201097 -1.351047E-03  3.748602E-04
201098 -1.170409E-03  6.558150E-04
201099 -1.254840E-03 -1.979807E-04
201100 -1.157196E-05 -1.203071E-03
201101  1.066612E-03  4.323445E-04
201102 -1.012614E-03  3.913518E-04
201103  7.086372E-04 -7.513276E-04
201104 -4.747737E-04  8.519868E-04
201105  3.231275E-04 -8.823644E-04
201106 -2.047512E-04  8.569961E-04
201107  4.386718E-05 -8.598630E-04
201108  1.770035E-04  7.870178E-04
201109 -4.873724E-04 -6.231957E-04
201110  7.251016E-04  1.951938E-04
201111 -5.927115E-04  4.342708E-04
201112 -1.676768E-04 -6.776826E-04
201113  6.754267E-04 -9.931552E-05
201114  2.804002E-04  6.132219E-04
201115 -3.030044E-04  5.762909E-04
201116 -5.339475E-04  3.322052E-04
201117 -5.532303E-04  2.638965E-04
201118 -4.260085E-04  4.224610E-04
201119  6.460026E-06  5.903871E-04
201120  5.587629E-04  1.653250E-04
201121  5.165324E-05 -5.723029E-04
201122 -4.776039E-04  3.237817E-04
201123  5.458705E-04 -1.256923E-04
201124 -5.149227E-04  2.108342E-04
201125  2.685357E-04 -4.981760E-04
201126  3.837767E-04  3.900580E-04
201127 -3.084805E-04  4.175553E-04
201128 -5.285043E-04  3.168616E-05
201129 -5.277519E-04 -1.214611E-04
201130 -5.358321E-04  2.864728E-05
201131 -3.203626E-04  4.126976E-04
201132  3.716755E-04  3.852939E-04
201133  2.602530E-04 -5.010346E-04
201134 -5.172955E-04  2.108981E-04
201135  5.488572E-04 -1.228127E-04
201136 -4.719273E-04  3.283618E-04
201137  5.664346E-05 -5.676732E-04
201138  5.605472E-04  1.684552E-04
201139  4.344276E-06  5.911330E-04
201140 -4.308903E-04  4.208710E-04
201141 -5.587267E-04  2.608208E-04
201142 -5.379896E-04  3.288407E-04
201143 -3.044318E-04  5.736339E-04
201144  2.815995E-04  6.116911E-04
201145  6.784240E-04 -9.993734E-05
201146 -1.639841E-04 -6.780111E-04
201147 -5.891979E-04  4.336032E-04
201148  7.280321E-04  1.938825E-04
201149 -4.849863E-04 -6.249433E-04
201150  1.791306E-04  7.855257E-04
201151  4.603071E-05 -8.601522E-04
201152 -2.024264E-04  8.587490E-04
201153 -3.659373E-04  8.396648E-04
201154  5.505666E-04 -7.870652E-04
201155 -8.057321E-04  6.186609E-04
201156  1.056041E-03 -1.310746E-04
201157 -8.588113E-04 -7.099936E-04
201158 -4.528106E-04  1.102822E-03
201159  9.781233E-04  7.812032E-04
201160  1.300116E-03  1.468993E-04
201161  1.233155E-03  5.980189E-04
201162 -4.082441E-04  1.363615E-03
201163 -2.580742E-04 -1.424062E-03
201164 -9.795254E-04  1.118422E-03
201165  5.032593E-05  1.500816E-03
201166 -9.793342E-04  1.117351E-03
201167 -2.575874E-04 -1.425918E-03
201168 -4.073294E-04  1.361334E-03
201169  1.234554E-03  5.954846E-04
201170  1.301909E-03  1.439675E-04
201171  9.800721E-04  7.774905E-04
201172 -4.510373E-04  1.097944E-03
201173 -8.575495E-04 -7.161372E-04
201174  1.056547E-03 -1.380939E-04
201175 -8.060602E-04  6.116399E-04
201176  5.495217E-04 -7.929910E-04
201177 -3.674414E-04  8.357304E-04
201178  2.077909E-04 -8.585017E-04
201179 -3.315828E-05  8.297270E-04
201180 -2.162192E-04 -7.838577E-04
201181  5.111331E-04  5.725797E-04
201182 -7.357474E-04 -1.400768E-04
201183  5.412017E-04 -4.705903E-04
201184  2.216457E-04  6.664265E-04
201185 -6.564437E-04  1.766169E-04
201186 -3.279030E-04 -5.624626E-04
201187  2.548942E-04 -5.836117E-04
201188  5.072710E-04 -3.693774E-04
201189  5.339371E-04 -3.084199E-04
201190  3.974531E-04 -4.567365E-04
201191 -4.121828E-05 -5.921336E-04
201192 -5.653245E-04 -1.371858E-04
201193 -3.242397E-05  5.706355E-04
201194  4.505847E-04 -3.339686E-04
201195 -5.409889E-04  1.471396E-04
201196  5.073498E-04 -2.254768E-04
201197 -2.399080E-04  4.880432E-04
201198 -3.641857E-04 -4.007721E-04
201199  3.272461E-04 -4.507110E-04
201200  5.513882E-04 -7.937614E-05
201201  5.474238E-04  6.730009E-05
201202  5.449125E-04 -8.323638E-05
201203  3.167804E-04 -4.568609E-04
201204 -3.747738E-04 -4.067716E-04
201205 -2.470589E-04  4.844582E-04
201206  5.054042E-04 -2.254563E-04
201207 -5.383491E-04  1.504989E-04
201208  4.553306E-04 -3.287723E-04
201209 -2.858130E-05  5.756080E-04
201210 -5.644993E-04 -1.342240E-04
201211 -4.380347E-05 -5.920357E-04
201212  3.926919E-04 -4.591909E-04
201213  5.290356E-04 -3.122218E-04
201214  5.040329E-04 -3.730491E-04
201215  2.541817E-04 -5.860588E-04
201216 -3.262941E-04 -5.633625E-04
201217 -6.534121E-04  1.768318E-04
201218  2.250683E-04  6.669145E-04
201219  5.442870E-04 -4.706159E-04
201220 -7.332662E-04 -1.409751E-04
201221  5.131122E-04  5.710376E-04
201222 -2.144845E-04 -7.852980E-04
201223 -3.146276E-05  8.293841E-04
201224  2.094745E-04 -8.568854E-04
