Mesh2HRTF 1.0.0-dev
    1
    1  1225
200000 -1.065055E-03  1.150207E-03
200001  1.315913E-03 -8.926553E-04
200002 -2.445888E-04 -1.542276E-03
200003 -1.449839E-03 -3.947048E-04
200004 -8.978155E-04  1.154215E-03
200005  7.199430E-04  1.316642E-03
200006  1.588855E-03 -2.050058E-05
200007  8.739986E-04 -1.392243E-03
200008 -6.064464E-04 -1.508704E-03
200009 -1.504611E-03 -4.224717E-04
200010 -1.233426E-03  8.684120E-04
200011 -1.859156E-04  1.484426E-03
200012  8.865510E-04  1.235063E-03
200013  1.487888E-03  4.630769E-04
200014  1.545340E-03 -3.826639E-04
200015  1.247641E-03 -1.025118E-03
200016  8.307150E-04 -1.399166E-03
200017  4.614839E-04 -1.566063E-03
200018  2.221319E-04 -1.619284E-03
200019  1.405182E-04 -1.628742E-03
200020  2.218552E-04 -1.619255E-03
200021  4.609388E-04 -1.565998E-03
200022  8.299190E-04 -1.399056E-03
200023  1.246623E-03 -1.024951E-03
200024  1.544140E-03 -3.824215E-04
200025  1.486560E-03  4.634130E-04
200026  8.851611E-04  1.235512E-03
200027 -1.872899E-04  1.485008E-03
200028 -1.234701E-03  8.691412E-04
200029 -1.505702E-03 -4.215828E-04
200030 -6.072731E-04 -1.507649E-03
200031  8.735041E-04 -1.391022E-03
200032  1.588742E-03 -1.912049E-05
200033  7.202378E-04  1.318168E-03
200034 -8.971153E-04  1.155868E-03
200035 -1.448765E-03 -3.929484E-04
200036 -2.432003E-04 -1.540443E-03
200037  1.317531E-03 -8.907732E-04
200038  1.377462E-03  8.085348E-04
200039 -1.046293E-04  1.574280E-03
200040 -1.378434E-03  6.010370E-04
200041 -1.060260E-03 -9.090760E-04
200042  3.939046E-04 -1.309375E-03
200043  1.456055E-03 -2.833408E-04
200044  1.212213E-03  1.118072E-03
200045  2.145524E-05  1.738611E-03
200046 -1.138469E-03  1.278020E-03
200047 -1.587388E-03  2.280772E-04
200048 -1.277528E-03 -7.444683E-04
200049 -5.604641E-04 -1.262497E-03
200050  1.791055E-04 -1.308338E-03
200051  7.240184E-04 -1.060107E-03
200052  1.034236E-03 -7.174467E-04
200053  1.168906E-03 -4.162041E-04
200054  1.209604E-03 -2.217243E-04
200055  1.216207E-03 -1.556225E-04
200056  1.209884E-03 -2.218043E-04
200057  1.169443E-03 -4.163701E-04
200058  1.034986E-03 -7.177102E-04
200059  7.249168E-04 -1.060483E-03
200060  1.800723E-04 -1.308843E-03
200061 -5.595198E-04 -1.263147E-03
200062 -1.276702E-03 -7.452753E-04
200063 -1.586771E-03  2.271053E-04
200064 -1.138141E-03  1.276882E-03
200065  2.143288E-05  1.737310E-03
200066  1.211807E-03  1.116621E-03
200067  1.455263E-03 -2.849266E-04
200068  3.927560E-04 -1.311075E-03
200069 -1.061704E-03 -9.108664E-04
200070 -1.380087E-03  5.991818E-04
200071 -1.063850E-04  1.572387E-03
200072  1.375718E-03  8.066329E-04
200073 -1.412075E-03  4.035665E-04
200074  1.283051E-03  7.350980E-04
200075 -1.965517E-04 -1.549189E-03
200076 -1.097756E-03  1.051114E-03
200077  1.489763E-03  2.618478E-04
200078 -5.959170E-04 -1.414314E-03
200079 -1.025236E-03  1.202036E-03
200080  1.453063E-03  5.229999E-04
200081  3.912190E-05 -1.511557E-03
200082 -1.573328E-03  2.348393E-04
200083  1.909033E-04  1.610360E-03
200084  1.555548E-03  5.711996E-05
200085  4.503184E-04 -1.454468E-03
200086 -1.144347E-03 -1.061544E-03
200087 -1.585008E-03  2.498718E-04
200088 -1.060045E-03  1.223465E-03
200089 -3.324936E-04  1.580564E-03
200090  1.627997E-04  1.601280E-03
200091  3.275545E-04  1.573815E-03
200092  1.632042E-04  1.601333E-03
200093 -3.317927E-04  1.580652E-03
200094 -1.059232E-03  1.223553E-03
200095 -1.584289E-03  2.499158E-04
200096 -1.143898E-03 -1.061587E-03
200097  4.503977E-04 -1.454629E-03
200098  1.555246E-03  5.683420E-05
200099  1.902850E-04  1.609972E-03
200100 -1.574145E-03  2.343983E-04
200101  3.824436E-05 -1.511984E-03
200102  1.452262E-03  5.226516E-04
200103 -1.025830E-03  1.201812E-03
200104 -5.961825E-04 -1.414403E-03
200105  1.489939E-03  2.618681E-04
200106 -1.097043E-03  1.051195E-03
200107 -1.952474E-04 -1.549104E-03
200108  1.284935E-03  7.351455E-04
200109 -1.409714E-03  4.035646E-04
200110  5.409384E-04 -1.492228E-03
200111  8.457002E-04  1.171092E-03
200112 -1.430090E-03 -1.135788E-04
200113  8.693163E-04 -1.259625E-03
200114  7.894824E-04  1.303982E-03
200115 -1.398827E-03  2.899735E-04
200116  2.377564E-04 -1.292798E-03
200117  1.387898E-03  6.364050E-04
200118 -5.261235E-04  1.592441E-03
200119 -1.509847E-03 -1.254338E-04
200120 -2.017695E-04 -1.294733E-03
200121  1.055010E-03 -5.644169E-04
200122  8.783743E-04  6.511971E-04
200123 -1.524942E-04  1.115648E-03
200124 -1.122423E-03  8.103766E-04
200125 -1.682541E-03  2.367951E-04
200126 -1.909758E-03 -2.144009E-04
200127 -1.963268E-03 -3.771009E-04
200128 -1.909432E-03 -2.140810E-04
200129 -1.681835E-03  2.374077E-04
200130 -1.121259E-03  8.112262E-04
200131 -1.508136E-04  1.116650E-03
200132  8.805680E-04  6.522432E-04
200133  1.057624E-03 -5.634445E-04
200134 -1.989197E-04 -1.293941E-03
200135 -1.507017E-03 -1.248940E-04
200136 -5.236049E-04  1.592708E-03
200137  1.389822E-03  6.364333E-04
200138  2.388562E-04 -1.292932E-03
200139 -1.398686E-03  2.897721E-04
200140  7.886514E-04  1.303797E-03
200141  8.676308E-04 -1.259741E-03
200142 -1.432400E-03 -1.136143E-04
200143  8.430674E-04  1.171112E-03
200144  5.383016E-04 -1.492197E-03
200145  1.345142E-03 -4.550319E-04
200146 -1.325574E-03  7.130364E-04
200147  1.213140E-03 -7.737125E-04
200148 -1.165887E-03  9.658547E-04
200149  1.127725E-03 -9.562869E-04
200150 -1.178566E-03  9.381456E-04
200151  1.321180E-03 -7.628049E-04
200152 -1.466022E-03  3.397788E-04
200153  1.521896E-03  2.556306E-04
200154 -1.051531E-03 -1.144670E-03
200155 -4.014006E-05  1.508954E-03
200156  1.381026E-03 -7.788308E-04
200157 -1.109916E-03 -1.110118E-03
200158 -1.031974E-03  1.153133E-03
200159  9.143181E-04  1.264125E-03
200160  1.573207E-03 -1.818747E-04
200161  1.032490E-03 -1.223967E-03
200162  3.963820E-04 -1.557077E-03
200163  1.587068E-04 -1.598997E-03
200164  3.967545E-04 -1.556918E-03
200165  1.033090E-03 -1.223685E-03
200166  1.573807E-03 -1.815418E-04
200167  9.147152E-04  1.264399E-03
200168 -1.031841E-03  1.153218E-03
200169 -1.109912E-03 -1.110348E-03
200170  1.381182E-03 -7.794583E-04
200171 -3.956166E-05  1.507928E-03
200172 -1.050440E-03 -1.145998E-03
200173  1.523326E-03  2.541781E-04
200174 -1.464639E-03  3.384002E-04
200175  1.322081E-03 -7.639593E-04
200176 -1.178446E-03  9.372641E-04
200177  1.127023E-03 -9.569520E-04
200178 -1.167185E-03  9.652933E-04
200179  1.211638E-03 -7.742684E-04
200180 -1.326894E-03  7.124548E-04
200181  1.344220E-03 -4.555961E-04
200182 -1.424864E-03  3.863579E-04
200183  1.391091E-03 -2.746968E-04
200184 -1.406335E-03  2.727919E-04
200185  1.354321E-03 -4.941400E-04
200186 -1.195683E-03  6.420668E-04
200187  9.289410E-04 -1.161856E-03
200188 -2.116087E-04  1.314649E-03
200189 -5.900003E-04 -1.245207E-03
200190  1.397426E-03  3.695406E-04
200191 -9.028324E-04  1.127736E-03
200192 -6.720247E-04 -1.014624E-03
200193  1.210355E-03 -3.734721E-04
200194  7.001877E-04  1.340274E-03
200195 -8.540802E-04  1.331637E-03
200196 -1.529313E-03  2.452709E-04
200197 -1.363202E-03 -6.721861E-04
200198 -1.021252E-03 -1.106876E-03
200199 -8.778514E-04 -1.217859E-03
200200 -1.022044E-03 -1.107144E-03
200201 -1.364441E-03 -6.725563E-04
200202 -1.530514E-03  2.450618E-04
200203 -8.548789E-04  1.331826E-03
200204  6.998989E-04  1.340939E-03
200205  1.210488E-03 -3.724779E-04
200206 -6.715821E-04 -1.013621E-03
200207 -9.020864E-04  1.128407E-03
200208  1.398559E-03  3.696867E-04
200209 -5.884367E-04 -1.245558E-03
200210 -2.097258E-04  1.314002E-03
200211  9.308664E-04 -1.162547E-03
200212 -1.194040E-03  6.415305E-04
200213  1.355474E-03 -4.944164E-04
200214 -1.405652E-03  2.728008E-04
200215  1.391546E-03 -2.744301E-04
200216 -1.424303E-03  3.868178E-04
200217 -3.086502E-04  1.340952E-03
200218 -9.565563E-04 -1.045265E-03
200219  1.414072E-03 -3.074353E-04
200220 -5.477196E-04  1.282895E-03
200221 -6.761916E-04 -1.287249E-03
200222  1.410492E-03  3.677494E-04
200223 -1.340859E-03  6.101683E-04
200224  8.496474E-04 -1.181688E-03
200225 -4.438057E-04  1.442891E-03
200226  2.630380E-04 -1.453753E-03
200227 -4.932066E-04  1.442627E-03
200228  1.032519E-03 -1.085737E-03
200229 -1.523279E-03  1.521810E-04
200230  8.491635E-04  1.285051E-03
200231  1.100148E-03 -1.038835E-03
200232 -8.233413E-04 -1.295457E-03
200233 -1.554399E-03 -3.450711E-05
200234 -1.316727E-03  8.426573E-04
200235 -1.127847E-03  1.086826E-03
200236 -1.317569E-03  8.426865E-04
200237 -1.555785E-03 -3.438773E-05
200238 -8.249372E-04 -1.295186E-03
200239  1.098496E-03 -1.038397E-03
200240  8.474947E-04  1.285632E-03
200241 -1.524799E-03  1.528768E-04
200242  1.031520E-03 -1.084952E-03
200243 -4.933356E-04  1.443454E-03
200244  2.637778E-04 -1.452953E-03
200245 -4.426222E-04  1.443599E-03
200246  8.506718E-04 -1.181097E-03
200247 -1.340434E-03  6.106440E-04
200248  1.410228E-03  3.680991E-04
200249 -6.768990E-04 -1.287045E-03
200250 -5.484063E-04  1.283005E-03
200251  1.413917E-03 -3.072238E-04
200252 -9.558308E-04 -1.044660E-03
200253 -3.070457E-04  1.342142E-03
200254  1.297077E-03 -5.062064E-04
200255 -1.190890E-03 -6.755955E-04
200256  3.016388E-04  1.359361E-03
200257  5.768157E-04 -1.178505E-03
200258 -1.157030E-03  7.577949E-04
200259  1.291563E-03 -2.454710E-04
200260 -1.338824E-03  1.190733E-05
200261  1.321539E-03 -1.080391E-04
200262 -1.231242E-03  3.567439E-04
200263  8.910547E-04 -1.055775E-03
200264  1.304551E-04  1.227169E-03
200265 -1.137550E-03 -5.844249E-04
200266  8.026578E-04 -1.075810E-03
200267  1.181399E-03  6.460205E-04
200268 -5.651816E-05  1.340243E-03
200269 -9.697841E-04  8.796371E-04
200270 -1.231726E-03  3.184946E-04
200271 -1.253119E-03  1.112812E-04
200272 -1.232991E-03  3.178293E-04
200273 -9.712611E-04  8.784332E-04
200274 -5.697609E-05  1.338873E-03
200275  1.182347E-03  6.450675E-04
200276  8.042509E-04 -1.075892E-03
200277 -1.136565E-03 -5.837069E-04
200278  1.301118E-04  1.228087E-03
200279  8.896913E-04 -1.055303E-03
200280 -1.232668E-03  3.566114E-04
200281  1.320854E-03 -1.083878E-04
200282 -1.338641E-03  1.181714E-05
200283  1.292131E-03 -2.452421E-04
200284 -1.156756E-03  7.579282E-04
200285  5.763101E-04 -1.178974E-03
200286  3.002416E-04  1.358120E-03
200287 -1.192910E-03 -6.773166E-04
200288  1.294971E-03 -5.078756E-04
200289 -8.135287E-04  1.062249E-03
200290 -1.199722E-03 -6.170390E-04
200291  4.046250E-04 -1.268607E-03
200292  1.326245E-03  2.585525E-04
200293 -1.607591E-04  1.380495E-03
200294 -1.382754E-03 -1.973925E-04
200295  4.508074E-04 -1.331747E-03
200296  1.089474E-03  9.058049E-04
200297 -1.372708E-03  3.979977E-04
200298  7.741011E-04 -1.223968E-03
200299 -2.061362E-04  1.419686E-03
200300  8.975460E-05 -1.470063E-03
200301 -4.610835E-04  1.381479E-03
200302  1.239616E-03 -8.227648E-04
200303 -1.295372E-03 -7.167331E-04
200304 -6.130423E-04  1.328037E-03
200305  1.018993E-03  1.080690E-03
200306  1.491111E-03  1.647856E-04
200307  1.489541E-03 -1.859361E-04
200308  1.490611E-03  1.647805E-04
200309  1.018733E-03  1.080851E-03
200310 -6.123520E-04  1.328386E-03
200311 -1.293769E-03 -7.164745E-04
200312  1.241420E-03 -8.229218E-04
200313 -4.597501E-04  1.380895E-03
200314  9.051907E-05 -1.470754E-03
200315 -2.056602E-04  1.419183E-03
200316  7.744461E-04 -1.224349E-03
200317 -1.372569E-03  3.973861E-04
200318  1.089397E-03  9.047525E-04
200319  4.506936E-04 -1.333071E-03
200320 -1.382770E-03 -1.986850E-04
200321 -1.607391E-04  1.379344E-03
200322  1.326249E-03  2.575458E-04
200323  4.047513E-04 -1.269272E-03
200324 -1.199363E-03 -6.170029E-04
200325 -8.131745E-04  1.063128E-03
200326  9.501500E-04  9.174288E-04
200327  9.664267E-04 -9.102713E-04
200328 -9.364516E-04 -8.968226E-04
200329 -6.361775E-04  1.095291E-03
200330  1.270114E-03  1.721837E-04
200331 -5.590812E-04 -1.132868E-03
200332 -3.771993E-04  1.224016E-03
200333  8.701879E-04 -8.536727E-04
200334 -1.067172E-03  7.040469E-04
200335  9.631782E-04 -7.137275E-04
200336 -6.385980E-04  1.091988E-03
200337 -2.751266E-04 -1.196270E-03
200338  1.161827E-03  3.219505E-04
200339 -4.960777E-04  1.076956E-03
200340 -1.190108E-03 -2.660040E-04
200341 -4.922586E-04 -1.156977E-03
200342  1.991333E-04 -1.263191E-03
200343  4.279480E-04 -1.211652E-03
200344  1.967668E-04 -1.262460E-03
200345 -4.954103E-04 -1.156211E-03
200346 -1.192001E-03 -2.657879E-04
200347 -4.958099E-04  1.076796E-03
200348  1.163311E-03  3.220231E-04
200349 -2.741311E-04 -1.195817E-03
200350 -6.387419E-04  1.092218E-03
200351  9.627510E-04 -7.142883E-04
200352 -1.066840E-03  7.030295E-04
200353  8.712104E-04 -8.541131E-04
200354 -3.764148E-04  1.224812E-03
200355 -5.590988E-04 -1.131227E-03
200356  1.269683E-03  1.736400E-04
200357 -6.362736E-04  1.095771E-03
200358 -9.360063E-04 -8.974446E-04
200359  9.669348E-04 -9.116022E-04
200360  9.502110E-04  9.160167E-04
200361  1.251870E-03  1.557036E-04
200362  7.673070E-04  1.020770E-03
200363 -1.916162E-04  1.269517E-03
200364 -1.075341E-03  7.175938E-04
200365 -1.242149E-03 -4.110139E-04
200366 -3.003342E-04 -1.295188E-03
200367  1.097559E-03 -7.874348E-04
200368  9.850504E-04  9.328881E-04
200369 -1.000188E-03  9.232043E-04
200370 -5.131749E-04 -1.269874E-03
200371  1.319634E-03  4.193202E-04
200372 -1.367562E-03  2.877404E-04
200373  1.328797E-03 -4.137349E-04
200374 -1.422242E-03 -3.208540E-05
200375  9.375447E-04  1.060701E-03
200376  7.501251E-04 -1.191493E-03
200377 -9.982017E-04 -1.014489E-03
200378 -1.439389E-03  1.177164E-05
200379 -1.390721E-03  3.904269E-04
200380 -1.439893E-03  1.168176E-05
200381 -9.989001E-04 -1.014411E-03
200382  7.496637E-04 -1.191203E-03
200383  9.375601E-04  1.060752E-03
200384 -1.421930E-03 -3.284494E-05
200385  1.328969E-03 -4.153352E-04
200386 -1.367808E-03  2.860182E-04
200387  1.319020E-03  4.183027E-04
200388 -5.138993E-04 -1.270207E-03
200389 -1.000615E-03  9.227032E-04
200390  9.853876E-04  9.317617E-04
200391  1.098747E-03 -7.885313E-04
200392 -2.989388E-04 -1.295444E-03
200393 -1.241411E-03 -4.105664E-04
200394 -1.075364E-03  7.181047E-04
200395 -1.916843E-04  1.269998E-03
200396  7.675736E-04  1.021566E-03
200397  1.251709E-03  1.567042E-04
200398  9.167731E-04 -8.353547E-04
200399 -1.581696E-04 -1.224008E-03
200400 -1.153153E-03 -4.423631E-04
200401 -7.842039E-04  9.338200E-04
200402  8.272841E-04  8.862338E-04
200403  8.101217E-04 -9.051912E-04
200404 -1.099311E-03 -4.385855E-04
200405  3.405582E-04  1.115337E-03
200406  3.950268E-04 -1.135841E-03
200407 -6.500131E-04  9.440631E-04
200408  5.973303E-04 -9.989834E-04
200409 -9.911604E-05  1.171362E-03
200410 -7.986433E-04 -8.231096E-04
200411  1.038961E-03 -4.504870E-04
200412  5.301918E-04  1.041756E-03
200413 -6.471553E-04  1.008612E-03
200414 -1.095330E-03  4.348440E-04
200415 -1.148741E-03  1.890746E-04
200416 -1.095345E-03  4.356500E-04
200417 -6.475327E-04  1.009564E-03
200418  5.299159E-04  1.042252E-03
200419  1.039583E-03 -4.503991E-04
200420 -7.977046E-04 -8.229888E-04
200421 -9.933129E-05  1.171613E-03
200422  5.960099E-04 -9.989427E-04
200423 -6.506813E-04  9.437772E-04
200424  3.958696E-04 -1.136097E-03
200425  3.415891E-04  1.115312E-03
200426 -1.099735E-03 -4.388203E-04
200427  8.083763E-04 -9.062221E-04
200428  8.259212E-04  8.845690E-04
200429 -7.836228E-04  9.324276E-04
200430 -1.150616E-03 -4.429269E-04
200431 -1.552445E-04 -1.224233E-03
200432  9.184209E-04 -8.359920E-04
200433  6.162102E-04  1.019405E-03
200434  2.436069E-04  1.171881E-03
200435 -1.431355E-04  1.198825E-03
200436 -5.613828E-04  1.088365E-03
200437 -9.891074E-04  7.630349E-04
200438 -1.263676E-03  1.252696E-04
200439 -1.030972E-03 -7.536326E-04
200440  2.079660E-05 -1.276361E-03
200441  1.214861E-03 -4.007115E-04
200442  4.343037E-04  1.226670E-03
200443 -1.315791E-03  1.770702E-05
200444  8.754594E-04 -9.903768E-04
200445 -4.297531E-04  1.257734E-03
200446  5.477026E-04 -1.232703E-03
200447 -1.136561E-03  7.016276E-04
200448  1.138356E-03  7.263140E-04
200449  8.741994E-04 -1.047571E-03
200450 -2.360766E-04 -1.343993E-03
200451 -6.105419E-04 -1.218101E-03
200452 -2.358766E-04 -1.343685E-03
200453  8.739015E-04 -1.047130E-03
200454  1.137119E-03  7.269856E-04
200455 -1.138191E-03  7.026297E-04
200456  5.466578E-04 -1.231722E-03
200457 -4.298612E-04  1.258261E-03
200458  8.757651E-04 -9.900379E-04
200459 -1.315903E-03  1.866775E-05
200460  4.334805E-04  1.228194E-03
200461  1.213938E-03 -3.999388E-04
200462  2.058720E-05 -1.277046E-03
200463 -1.030450E-03 -7.548304E-04
200464 -1.263326E-03  1.245346E-04
200465 -9.896809E-04  7.625772E-04
200466 -5.622780E-04  1.087896E-03
200467 -1.429730E-04  1.198783E-03
200468  2.451357E-04  1.172696E-03
200469  6.178818E-04  1.020619E-03
200470  9.569037E-04  7.016712E-04
200471  1.161654E-03  1.636502E-04
200472  1.014158E-03 -5.530787E-04
200473  2.783336E-04 -1.111272E-03
200474 -8.151593E-04 -8.107221E-04
200475 -1.008771E-03  5.381766E-04
200476  5.168328E-04  1.007280E-03
200477  7.724197E-04 -7.772766E-04
200478 -1.113242E-03 -1.455045E-04
200479  8.475007E-04  7.013229E-04
200480 -6.859996E-04 -8.578851E-04
200481  8.735286E-04  6.623552E-04
200482 -1.078421E-03 -2.796205E-05
200483  5.474339E-04 -9.791664E-04
200484  9.432180E-04  5.406482E-04
200485 -1.418625E-04  1.053030E-03
200486 -7.877538E-04  6.991621E-04
200487 -9.228583E-04  4.878523E-04
200488 -7.868267E-04  6.992412E-04
200489 -1.415627E-04  1.052844E-03
200490  9.428903E-04  5.401443E-04
200491  5.480980E-04 -9.796454E-04
200492 -1.076925E-03 -2.826656E-05
200493  8.739067E-04  6.619087E-04
200494 -6.868829E-04 -8.585726E-04
200495  8.470313E-04  7.009986E-04
200496 -1.113155E-03 -1.450727E-04
200497  7.715317E-04 -7.766662E-04
200498  5.146015E-04  1.007286E-03
200499 -1.011226E-03  5.374213E-04
200500 -8.171471E-04 -8.117559E-04
200501  2.770257E-04 -1.111724E-03
200502  1.013868E-03 -5.525878E-04
200503  1.161870E-03  1.641637E-04
200504  9.563229E-04  7.011562E-04
200505 -4.931560E-04 -1.010019E-03
200506 -5.307083E-04 -1.009956E-03
200507 -5.711414E-04 -1.008080E-03
200508 -5.621039E-04 -1.021752E-03
200509 -4.710446E-04 -1.074230E-03
200510 -2.270086E-04 -1.165326E-03
200511  2.594895E-04 -1.177239E-03
200512  9.196659E-04 -8.055578E-04
200513  1.207290E-03  2.350731E-04
200514  1.547296E-04  1.215783E-03
200515 -1.231210E-03  5.342720E-05
200516  5.465661E-04 -1.126932E-03
200517  1.961865E-04  1.243814E-03
200518 -3.134463E-04 -1.227285E-03
200519 -2.403586E-04  1.251251E-03
200520  1.192654E-03 -4.608256E-04
200521 -4.222025E-04 -1.210756E-03
200522 -1.225393E-03 -3.820508E-04
200523 -1.285087E-03  1.496941E-05
200524 -1.224490E-03 -3.813271E-04
200525 -4.213126E-04 -1.210005E-03
200526  1.192754E-03 -4.600494E-04
200527 -2.407649E-04  1.252226E-03
200528 -3.134694E-04 -1.226493E-03
200529  1.971267E-04  1.243990E-03
200530  5.483278E-04 -1.127245E-03
200531 -1.229827E-03  5.336267E-05
200532  1.546440E-04  1.216068E-03
200533  1.206355E-03  2.347778E-04
200534  9.191068E-04 -8.065566E-04
200535  2.597123E-04 -1.178116E-03
200536 -2.264973E-04 -1.166207E-03
200537 -4.712380E-04 -1.075538E-03
200538 -5.629682E-04 -1.022529E-03
200539 -5.716142E-04 -1.007661E-03
200540 -5.306703E-04 -1.009053E-03
200541 -4.931757E-04 -1.009131E-03
200542 -5.212108E-04 -9.829791E-04
200543 -6.505208E-04 -8.884888E-04
200544 -8.702839E-04 -6.479577E-04
200545 -1.062223E-03 -1.510088E-04
200546 -8.980291E-04  5.915537E-04
200547 -5.460051E-06  1.063857E-03
200548  1.030817E-03  2.978989E-04
200549  2.727328E-04 -1.020785E-03
200550 -1.051320E-03  1.667921E-04
200551  8.260673E-04  6.250811E-04
200552 -5.519443E-04 -8.779714E-04
200553  5.720918E-04  8.646287E-04
200554 -9.408460E-04 -4.522181E-04
200555  8.991563E-04 -4.691750E-04
200556  3.404659E-04  9.755419E-04
200557 -8.026435E-04  6.564719E-04
200558 -1.023720E-03 -4.677819E-05
200559 -9.714215E-04 -2.919996E-04
200560 -1.025177E-03 -4.636671E-05
200561 -8.051208E-04  6.565504E-04
200562  3.381555E-04  9.750480E-04
200563  8.985503E-04 -4.700141E-04
200564 -9.402502E-04 -4.532117E-04
200565  5.721732E-04  8.636178E-04
200566 -5.519261E-04 -8.787191E-04
200567  8.270634E-04  6.248643E-04
200568 -1.050470E-03  1.666828E-04
200569  2.720468E-04 -1.021171E-03
200570  1.029501E-03  2.980627E-04
200571 -6.033633E-06  1.065114E-03
200572 -8.986919E-04  5.927327E-04
200573 -1.063632E-03 -1.505888E-04
200574 -8.712266E-04 -6.474545E-04
200575 -6.505598E-04 -8.880306E-04
200576 -5.210326E-04 -9.833747E-04
200577 -1.037800E-03  2.052390E-04
200578 -9.450758E-04  4.950390E-04
200579 -7.801683E-04  7.552477E-04
200580 -5.699920E-04  9.352228E-04
200581 -4.146946E-04  1.031773E-03
200582 -4.035296E-04  1.048799E-03
200583 -5.727140E-04  9.739133E-04
200584 -9.281518E-04  6.759678E-04
200585 -1.163736E-03 -9.285383E-05
200586 -4.873987E-04 -1.060220E-03
200587  1.001568E-03 -5.959617E-04
200588  2.294892E-04  1.161562E-03
200589 -9.799235E-04 -6.860478E-04
200590  1.096848E-03  4.571270E-04
200591 -9.086486E-04 -7.985404E-04
200592 -1.102346E-04  1.202089E-03
200593  1.201814E-03  7.613079E-05
200594  7.397400E-04 -9.499492E-04
200595  3.994613E-04 -1.140232E-03
200596  7.405059E-04 -9.499624E-04
200597  1.202521E-03  7.601096E-05
200598 -1.098857E-04  1.202090E-03
200599 -9.081626E-04 -7.988135E-04
200600  1.097708E-03  4.562974E-04
200601 -9.789086E-04 -6.868686E-04
200602  2.310002E-04  1.160994E-03
200603  1.002906E-03 -5.961777E-04
200604 -4.876398E-04 -1.060236E-03
200605 -1.164528E-03 -9.308530E-05
200606 -9.281990E-04  6.764232E-04
200607 -5.719755E-04  9.758951E-04
200608 -4.018411E-04  1.050637E-03
200609 -4.131647E-04  1.031990E-03
200610 -5.695247E-04  9.355378E-04
200611 -7.798416E-04  7.564483E-04
200612 -9.451053E-04  4.956778E-04
200613 -1.038342E-03  2.057827E-04
200614 -1.064968E-03 -2.423118E-05
200615 -1.057475E-03 -1.300134E-04
200616 -1.050257E-03 -7.247831E-05
200617 -1.011650E-03  1.897663E-04
200618 -7.927840E-04  6.495246E-04
200619 -1.390922E-04  1.014629E-03
200620  8.173955E-04  5.804324E-04
200621  7.198773E-04 -7.214302E-04
200622 -8.358696E-04 -5.233487E-04
200623  6.939317E-05  9.804471E-04
200624  4.529545E-04 -8.866247E-04
200625 -4.940087E-04  8.386160E-04
200626  1.519279E-04 -9.714205E-04
200627  6.323542E-04  7.373667E-04
200628 -8.592023E-04  4.631825E-04
200629 -6.898913E-04 -6.894165E-04
200630 -1.873332E-05 -9.649539E-04
200631  2.242885E-04 -9.275350E-04
200632 -2.045224E-05 -9.645177E-04
200633 -6.908788E-04 -6.887965E-04
200634 -8.592129E-04  4.640141E-04
200635  6.327281E-04  7.376012E-04
200636  1.520612E-04 -9.722728E-04
200637 -4.944590E-04  8.378924E-04
200638  4.532995E-04 -8.861173E-04
200639  7.071661E-05  9.813958E-04
200640 -8.346996E-04 -5.236628E-04
200641  7.204799E-04 -7.228743E-04
200642  8.179830E-04  5.797253E-04
200643 -1.379654E-04  1.015240E-03
200644 -7.921823E-04  6.497515E-04
200645 -1.011441E-03  1.892859E-04
200646 -1.049607E-03 -7.178930E-05
200647 -1.057518E-03 -1.290222E-04
200648 -1.065159E-03 -2.461997E-05
200649 -9.632258E-04  3.102423E-04
200650 -7.295339E-04  7.044233E-04
200651 -3.536647E-04  9.691254E-04
200652  7.216818E-05  1.034583E-03
200653  4.074227E-04  9.710366E-04
200654  5.674613E-04  8.860367E-04
200655  5.665876E-04  8.980125E-04
200656  3.112680E-04  1.036037E-03
200657 -3.145787E-04  1.045946E-03
200658 -1.030742E-03  3.733056E-04
200659 -6.015981E-04 -9.263638E-04
200660  1.051341E-03 -3.794364E-04
200661 -4.097293E-04  1.039564E-03
200662  1.033545E-04 -1.125166E-03
200663 -3.906000E-04  1.054240E-03
200664  1.092265E-03 -3.744510E-04
200665 -4.294295E-04 -1.052986E-03
200666 -1.114244E-03 -2.225585E-04
200667 -1.118057E-03  1.462765E-04
200668 -1.113475E-03 -2.232389E-04
200669 -4.291879E-04 -1.053665E-03
200670  1.092044E-03 -3.749122E-04
200671 -3.904402E-04  1.053589E-03
200672  1.040233E-04 -1.125628E-03
200673 -4.098210E-04  1.040070E-03
200674  1.050930E-03 -3.786894E-04
200675 -6.016851E-04 -9.259007E-04
200676 -1.031773E-03  3.735531E-04
200677 -3.149967E-04  1.045814E-03
200678  3.121000E-04  1.036630E-03
200679  5.669553E-04  9.004386E-04
200680  5.683790E-04  8.887615E-04
200681  4.090340E-04  9.716781E-04
200682  7.312358E-05  1.034489E-03
200683 -3.524089E-04  9.696278E-04
200684 -7.287024E-04  7.045397E-04
200685 -9.637588E-04  3.113468E-04
200686 -1.006534E-03 -6.046530E-05
200687 -9.406726E-04 -3.194556E-04
200688 -8.981498E-04 -4.267029E-04
200689 -9.223513E-04 -3.598824E-04
200690 -9.635029E-04 -3.928631E-05
200691 -8.151412E-04  5.345085E-04
200692 -8.230146E-05  9.534767E-04
200693  8.854812E-04  3.247065E-04
200694  2.342683E-04 -9.083832E-04
200695 -9.164604E-04  2.266247E-04
200696  8.689954E-04  3.486087E-04
200697 -7.867942E-04 -4.826576E-04
200698  9.078728E-04  2.227616E-04
200699 -7.758878E-04  4.796325E-04
200700 -2.493186E-04 -8.893292E-04
200701  8.076392E-04 -4.804315E-04
200702  9.038839E-04  2.237204E-04
200703  8.035668E-04  4.470174E-04
200704  9.031810E-04  2.238163E-04
200705  8.086886E-04 -4.801867E-04
200706 -2.480750E-04 -8.883102E-04
200707 -7.755049E-04  4.802978E-04
200708  9.079820E-04  2.221590E-04
200709 -7.868590E-04 -4.830391E-04
200710  8.698526E-04  3.495356E-04
200711 -9.155825E-04  2.275640E-04
200712  2.348142E-04 -9.089127E-04
200713  8.861402E-04  3.235751E-04
200714 -8.154723E-05  9.526122E-04
200715 -8.138124E-04  5.340118E-04
200716 -9.630930E-04 -3.977351E-05
200717 -9.219562E-04 -3.602437E-04
200718 -8.972867E-04 -4.258603E-04
200719 -9.421451E-04 -3.192823E-04
200720 -1.007760E-03 -6.231480E-05
200721 -9.241263E-04 -3.119095E-04
200722 -9.523406E-04  2.028331E-04
200723 -7.133861E-04  6.806250E-04
200724 -2.853397E-04  9.426021E-04
200725  1.375339E-04  9.933143E-04
200726  3.888084E-04  9.340346E-04
200727  4.579036E-04  9.113187E-04
200728  2.765594E-04  9.964512E-04
200729 -2.465124E-04  1.003143E-03
200730 -9.251699E-04  4.506683E-04
200731 -6.950138E-04 -7.783046E-04
200732  9.018134E-04 -5.570892E-04
200733 -1.425034E-04  1.051796E-03
200734 -2.110795E-04 -1.043311E-03
200735 -4.962407E-05  1.067443E-03
200736  8.513082E-04 -6.596629E-04
200737 -7.356866E-04 -7.929540E-04
200738 -1.066985E-03  1.788059E-04
200739 -9.424941E-04  5.184249E-04
200740 -1.066154E-03  1.785129E-04
200741 -7.356105E-04 -7.932101E-04
200742  8.511289E-04 -6.603691E-04
200743 -4.986031E-05  1.066802E-03
200744 -2.109456E-04 -1.042957E-03
200745 -1.434521E-04  1.053042E-03
200746  8.999928E-04 -5.564544E-04
200747 -6.956807E-04 -7.784118E-04
200748 -9.261951E-04  4.504251E-04
200749 -2.463659E-04  1.002701E-03
200750  2.779716E-04  9.962166E-04
200751  4.574753E-04  9.120101E-04
200752  3.880534E-04  9.356561E-04
200753  1.379288E-04  9.934449E-04
200754 -2.855593E-04  9.414767E-04
200755 -7.133679E-04  6.798955E-04
200756 -9.519557E-04  2.022758E-04
200757 -9.255655E-04 -3.115240E-04
200758 -6.577465E-04 -6.756281E-04
200759 -3.423097E-04 -8.604672E-04
200760 -1.577178E-04 -9.035912E-04
200761 -1.599452E-04 -9.136098E-04
200762 -3.463484E-04 -8.563515E-04
200763 -7.118824E-04 -5.483509E-04
200764 -8.946306E-04  1.709932E-04
200765 -1.658921E-04  8.858866E-04
200766  8.799924E-04  1.562141E-04
200767 -2.365081E-04 -8.671754E-04
200768 -3.815562E-04  8.035404E-04
200769  5.316357E-04 -6.937944E-04
200770 -3.619763E-04  8.100961E-04
200771 -3.100521E-04 -8.229904E-04
200772  8.696819E-04 -4.283605E-05
200773  2.383399E-04  8.489544E-04
200774 -4.435785E-04  7.601903E-04
200775 -6.280676E-04  6.049503E-04
200776 -4.440916E-04  7.605550E-04
200777  2.388752E-04  8.485568E-04
200778  8.696637E-04 -4.309674E-05
200779 -3.104731E-04 -8.231867E-04
200780 -3.617956E-04  8.096361E-04
200781  5.314549E-04 -6.938311E-04
200782 -3.809956E-04  8.039922E-04
200783 -2.362291E-04 -8.669184E-04
200784  8.799517E-04  1.560011E-04
200785 -1.664375E-04  8.860152E-04
200786 -8.952968E-04  1.708464E-04
200787 -7.106540E-04 -5.485832E-04
200788 -3.463509E-04 -8.558249E-04
200789 -1.604556E-04 -9.131226E-04
200790 -1.570962E-04 -9.037663E-04
200791 -3.439305E-04 -8.617547E-04
200792 -6.583035E-04 -6.772764E-04
200793 -2.059410E-04 -8.928814E-04
200794 -6.580008E-04 -6.423350E-04
200795 -9.156847E-04 -1.663895E-04
200796 -8.792968E-04  3.279512E-04
200797 -6.488172E-04  6.829756E-04
200798 -4.385177E-04  8.503694E-04
200799 -3.687920E-04  8.886769E-04
200800 -5.322646E-04  8.169074E-04
200801 -8.642246E-04  4.660949E-04
200802 -9.208905E-04 -3.558066E-04
200803  7.344672E-05 -9.870200E-04
200804  9.622054E-04  2.470095E-04
200805 -8.185624E-04  5.900493E-04
200806  5.630687E-04 -8.315145E-04
200807 -7.673213E-04  6.691875E-04
200808  9.976923E-04  1.476488E-04
200809  5.128995E-05 -1.020010E-03
200810 -8.281277E-04 -6.052435E-04
200811 -9.849273E-04 -2.940789E-04
200812 -8.276140E-04 -6.048410E-04
200813  5.121853E-05 -1.019821E-03
200814  9.985298E-04  1.466116E-04
200815 -7.669806E-04  6.683592E-04
200816  5.634278E-04 -8.313599E-04
200817 -8.189865E-04  5.907108E-04
200818  9.605046E-04  2.469566E-04
200819  7.321918E-05 -9.873874E-04
200820 -9.215215E-04 -3.562453E-04
200821 -8.640088E-04  4.657936E-04
200822 -5.311259E-04  8.167452E-04
200823 -3.694833E-04  8.884080E-04
200824 -4.398235E-04  8.512785E-04
200825 -6.490330E-04  6.829650E-04
200826 -8.801750E-04  3.265818E-04
200827 -9.167317E-04 -1.679140E-04
200828 -6.576043E-04 -6.432287E-04
200829 -2.069295E-04 -8.938138E-04
200830  2.748732E-04 -8.641585E-04
200831  6.031786E-04 -7.000739E-04
200832  7.464374E-04 -5.030182E-04
200833  7.431450E-04 -4.577845E-04
200834  6.451391E-04 -6.009999E-04
200835  3.102748E-04 -8.145033E-04
200836 -3.685521E-04 -7.783162E-04
200837 -8.497343E-04  3.018975E-05
200838  1.190808E-05  8.598551E-04
200839  7.895002E-04 -3.358416E-04
200840 -8.010256E-04 -2.669250E-04
200841  7.061834E-04  4.629769E-04
200842 -7.959141E-04 -2.900993E-04
200843  7.679524E-04 -3.135538E-04
200844  5.298841E-05  8.345284E-04
200845 -8.141040E-04  2.426154E-04
200846 -7.320512E-04 -4.147033E-04
200847 -5.835557E-04 -5.982731E-04
200848 -7.327715E-04 -4.139445E-04
200849 -8.146227E-04  2.418946E-04
200850  5.244314E-05  8.338732E-04
200851  7.680242E-04 -3.137887E-04
200852 -7.952212E-04 -2.901979E-04
200853  7.055243E-04  4.629979E-04
200854 -8.010944E-04 -2.672260E-04
200855  7.894429E-04 -3.358976E-04
200856  1.193309E-05  8.603836E-04
200857 -8.508318E-04  3.086594E-05
200858 -3.702116E-04 -7.782085E-04
200859  3.115434E-04 -8.141012E-04
200860  6.453306E-04 -5.995819E-04
200861  7.421529E-04 -4.567501E-04
200862  7.473411E-04 -5.039930E-04
200863  6.024761E-04 -7.015116E-04
200864  2.746033E-04 -8.637461E-04
200865  6.570503E-04 -5.707322E-04
200866  2.581556E-04 -8.341207E-04
200867 -2.346862E-04 -8.477628E-04
200868 -6.356838E-04 -6.289337E-04
200869 -8.401073E-04 -3.260700E-04
200870 -9.065965E-04 -1.022228E-04
200871 -9.152746E-04 -5.553497E-05
200872 -8.980478E-04 -2.508031E-04
200873 -6.533827E-04 -6.693095E-04
200874  1.125549E-04 -9.312908E-04
200875  9.287997E-04 -1.180702E-04
200876 -7.430470E-05  9.420397E-04
200877 -6.674382E-04 -6.760180E-04
200878  8.480225E-04  4.415650E-04
200879 -6.987555E-04 -6.553439E-04
200880 -6.146858E-05  9.675382E-04
200881  9.715663E-04 -8.680708E-06
200882  5.339216E-04 -8.107491E-04
200883  2.288351E-04 -9.331852E-04
200884  5.337782E-04 -8.100176E-04
200885  9.710767E-04 -8.343548E-06
200886 -5.970998E-05  9.667795E-04
200887 -6.977240E-04 -6.559554E-04
200888  8.486650E-04  4.411907E-04
200889 -6.670490E-04 -6.757838E-04
200890 -7.539205E-05  9.418904E-04
200891  9.289974E-04 -1.181262E-04
200892  1.122087E-04 -9.317516E-04
200893 -6.532936E-04 -6.694808E-04
200894 -8.975875E-04 -2.506460E-04
200895 -9.157881E-04 -5.589090E-05
200896 -9.077099E-04 -1.014040E-04
200897 -8.403112E-04 -3.260247E-04
200898 -6.362241E-04 -6.294385E-04
200899 -2.354553E-04 -8.489098E-04
200900  2.590863E-04 -8.344237E-04
200901  6.571695E-04 -5.715687E-04
200902  8.569901E-04 -1.783723E-04
200903  8.493336E-04  1.319368E-04
200904  7.890912E-04  3.557225E-04
200905  7.430783E-04  3.915243E-04
200906  7.960402E-04  2.271781E-04
200907  8.140588E-04 -1.642038E-04
200908  4.486256E-04 -6.961481E-04
200909 -4.455728E-04 -6.879128E-04
200910 -6.990680E-04  4.285869E-04
200911  6.677061E-04  4.811713E-04
200912 -1.696053E-04 -7.880764E-04
200913 -2.872544E-05  8.125616E-04
200914 -1.366485E-04 -7.920102E-04
200915  6.388663E-04  4.930036E-04
200916 -6.561408E-04  4.483489E-04
200917 -5.779501E-04 -5.526831E-04
200918  8.685234E-06 -7.992882E-04
200919  2.288156E-04 -7.631874E-04
200920  7.991526E-06 -7.985585E-04
200921 -5.787726E-04 -5.535343E-04
200922 -6.562833E-04  4.486992E-04
200923  6.397281E-04  4.938445E-04
200924 -1.354763E-04 -7.917807E-04
200925 -2.937556E-05  8.123993E-04
200926 -1.695718E-04 -7.887685E-04
200927  6.677518E-04  4.811994E-04
200928 -6.986776E-04  4.296844E-04
200929 -4.459334E-04 -6.874754E-04
200930  4.470947E-04 -6.962964E-04
200931  8.150457E-04 -1.637168E-04
200932  7.967830E-04  2.287138E-04
200933  7.421832E-04  3.928718E-04
200934  7.902633E-04  3.547965E-04
200935  8.493091E-04  1.310881E-04
200936  8.561308E-04 -1.769300E-04
200937  8.238684E-04  1.049587E-04
200938  7.777078E-04 -2.967594E-04
200939  5.504145E-04 -6.419361E-04
200940  2.163174E-04 -8.222422E-04
200941 -7.281975E-05 -8.609170E-04
200942 -2.317985E-04 -8.414184E-04
200943 -2.100804E-04 -8.475275E-04
200944  3.468535E-05 -8.838965E-04
200945  5.353916E-04 -7.059648E-04
200946  8.904526E-04  3.654574E-05
200947  1.302968E-04  8.911760E-04
200948 -8.894300E-04 -1.137186E-04
200949  7.108169E-04 -5.565414E-04
200950 -5.336049E-04  7.291749E-04
200951  7.488430E-04 -5.311150E-04
200952 -8.777162E-04 -2.608073E-04
200953 -2.151361E-04  8.891678E-04
200954  6.189991E-04  6.885037E-04
200955  7.949254E-04  4.543127E-04
200956  6.182223E-04  6.890583E-04
200957 -2.162054E-04  8.893649E-04
200958 -8.759900E-04 -2.607226E-04
200959  7.498097E-04 -5.312159E-04
200960 -5.332022E-04  7.283104E-04
200961  7.113926E-04 -5.563012E-04
200962 -8.900282E-04 -1.138017E-04
200963  1.308134E-04  8.912406E-04
200964  8.904927E-04  3.601779E-05
200965  5.356181E-04 -7.060889E-04
200966  3.473125E-05 -8.837745E-04
200967 -2.103002E-04 -8.478756E-04
200968 -2.328570E-04 -8.408252E-04
200969 -7.290992E-05 -8.611566E-04
200970  2.158655E-04 -8.216789E-04
200971  5.498956E-04 -6.420956E-04
200972  7.784850E-04 -2.963118E-04
200973  8.241260E-04  1.049483E-04
200974  6.975313E-04  4.631682E-04
200975  4.824714E-04  6.362518E-04
200976  3.742030E-04  7.390703E-04
200977  3.647676E-04  7.216195E-04
200978  5.171544E-04  6.074823E-04
200979  7.476526E-04  2.648829E-04
200980  6.932302E-04 -3.815968E-04
200981 -8.893371E-05 -7.816339E-04
200982 -7.848527E-04  8.329028E-05
200983  4.003121E-04  6.736744E-04
200984  1.305190E-04 -7.675622E-04
200985 -3.103688E-04  7.137383E-04
200986  1.375979E-04 -7.622431E-04
200987  4.236822E-04  6.477231E-04
200988 -7.339813E-04  2.010597E-04
200989 -3.502489E-04 -6.820292E-04
200990  2.590593E-04 -7.302720E-04
200991  4.397766E-04 -6.289413E-04
200992  2.586043E-04 -7.297665E-04
200993 -3.507867E-04 -6.829304E-04
200994 -7.339811E-04  2.025098E-04
200995  4.244523E-04  6.494305E-04
200996  1.387879E-04 -7.619534E-04
200997 -3.107409E-04  7.135321E-04
200998  1.310062E-04 -7.679873E-04
200999  4.005380E-04  6.739400E-04
201000 -7.844797E-04  8.460451E-05
201001 -8.840011E-05 -7.812886E-04
201002  6.922744E-04 -3.819048E-04
201003  7.482180E-04  2.649246E-04
201004  5.182485E-04  6.090755E-04
201005  3.638370E-04  7.231585E-04
201006  3.753596E-04  7.383777E-04
201007  4.827003E-04  6.359130E-04
201008  6.964177E-04  4.642111E-04
201009  6.987416E-04  3.772458E-04
201010  7.882031E-04  8.702591E-05
201011  7.803619E-04 -2.257680E-04
201012  6.646094E-04 -4.665962E-04
201013  5.449409E-04 -6.152131E-04
201014  5.035786E-04 -6.586479E-04
201015  5.929050E-04 -5.827057E-04
201016  7.787419E-04 -3.179357E-04
201017  8.061336E-04  2.737751E-04
201018  1.535598E-04  8.346128E-04
201019 -8.204337E-04  2.329475E-04
201020  7.903356E-05 -8.576293E-04
201021  5.064644E-04  7.030337E-04
201022 -6.311510E-04 -5.918249E-04
201023  3.816975E-04  7.818930E-04
201024  4.237150E-04 -7.673351E-04
201025 -7.627153E-04 -4.183112E-04
201026 -7.816630E-04  3.816347E-04
201027 -6.269560E-04  6.008646E-04
201028 -7.826736E-04  3.817167E-04
201029 -7.640834E-04 -4.185488E-04
201030  4.247294E-04 -7.665682E-04
201031  3.821707E-04  7.820614E-04
201032 -6.309747E-04 -5.931692E-04
201033  5.068825E-04  7.033017E-04
201034  7.883968E-05 -8.577686E-04
201035 -8.196051E-04  2.329873E-04
201036  1.539827E-04  8.342034E-04
201037  8.064956E-04  2.738551E-04
201038  7.786911E-04 -3.179692E-04
201039  5.929652E-04 -5.830482E-04
201040  5.024754E-04 -6.586190E-04
201041  5.452094E-04 -6.158712E-04
201042  6.637755E-04 -4.656923E-04
201043  7.795523E-04 -2.254200E-04
201044  7.883228E-04  8.762613E-05
201045  6.984612E-04  3.775942E-04
201046  5.150595E-04  6.139262E-04
201047  3.199678E-04  6.865840E-04
201048  2.851298E-04  7.450465E-04
201049  3.583876E-04  6.895000E-04
201050  5.498551E-04  5.436195E-04
201051  7.547883E-04  1.384176E-04
201052  5.696642E-04 -5.114388E-04
201053 -3.033748E-04 -6.902695E-04
201054 -6.735667E-04  3.353796E-04
201055  6.090752E-04  4.410349E-04
201056 -2.116415E-04 -7.263791E-04
201057  5.331439E-05  7.441760E-04
201058 -2.594730E-04 -7.059086E-04
201059  6.730581E-04  3.180671E-04
201060 -4.960060E-04  5.487575E-04
201061 -6.464929E-04 -3.567315E-04
201062 -1.850573E-04 -7.168920E-04
201063 -1.141127E-06 -7.391687E-04
201064 -1.852945E-04 -7.165429E-04
201065 -6.465774E-04 -3.575376E-04
201066 -4.963558E-04  5.505491E-04
201067  6.731409E-04  3.197860E-04
201068 -2.585264E-04 -7.057201E-04
201069  5.310260E-05  7.440807E-04
201070 -2.109970E-04 -7.262460E-04
201071  6.093061E-04  4.414932E-04
201072 -6.736371E-04  3.365160E-04
201073 -3.026328E-04 -6.897367E-04
201074  5.691862E-04 -5.117127E-04
201075  7.552858E-04  1.379607E-04
201076  5.506749E-04  5.455030E-04
201077  3.569914E-04  6.908069E-04
201078  2.862287E-04  7.444146E-04
201079  3.201367E-04  6.866188E-04
201080  5.142660E-04  6.143825E-04
201081  7.549896E-04  1.365788E-04
201082  7.599723E-04 -5.436541E-05
201083  7.448879E-04 -2.419742E-04
201084  6.858755E-04 -3.716542E-04
201085  6.572879E-04 -4.342453E-04
201086  6.928205E-04 -3.881066E-04
201087  7.771830E-04 -1.803940E-04
201088  7.697633E-04  2.375315E-04
201089  3.365537E-04  7.423342E-04
201090 -5.648208E-04  5.796233E-04
201091 -5.685977E-04 -5.823417E-04
201092  7.850837E-04 -2.481013E-04
201093 -5.054368E-04  6.593330E-04
201094  4.264435E-04 -7.121623E-04
201095 -6.967737E-04  4.552228E-04
201096  7.575173E-04  3.440023E-04
201097  3.722332E-04 -7.453292E-04
201098 -3.707228E-04 -7.492229E-04
201099 -5.784129E-04 -6.070614E-04
201100 -3.715305E-04 -7.495311E-04
201101  3.710826E-04 -7.460674E-04
201102  7.577723E-04  3.449813E-04
201103 -6.966687E-04  4.553628E-04
201104  4.268742E-04 -7.137373E-04
201105 -5.050804E-04  6.595954E-04
201106  7.852163E-04 -2.482850E-04
201107 -5.676221E-04 -5.822117E-04
201108 -5.642600E-04  5.794908E-04
201109  3.368036E-04  7.426297E-04
201110  7.697374E-04  2.374097E-04
201111  7.774372E-04 -1.806274E-04
201112  6.918955E-04 -3.886991E-04
201113  6.581504E-04 -4.348877E-04
201114  6.847723E-04 -3.711296E-04
201115  7.437992E-04 -2.418178E-04
201116  7.596201E-04 -5.407401E-05
201117  7.542944E-04  1.367305E-04
201118  6.806281E-04  3.093609E-04
201119  6.084370E-04  3.388255E-04
201120  6.466048E-04  3.611587E-04
201121  7.275795E-04  1.928327E-04
201122  7.309472E-04 -1.212472E-04
201123  4.749590E-04 -5.619526E-04
201124 -2.183438E-04 -7.005297E-04
201125 -7.272573E-04  6.750970E-05
201126  1.675793E-04  7.021061E-04
201127  5.170115E-04 -5.050189E-04
201128 -7.109546E-04  1.203391E-04
201129  7.129779E-04 -2.417564E-05
201130 -6.770635E-04  2.375156E-04
201131  2.817833E-04 -6.601737E-04
201132  5.587139E-04  4.331269E-04
201133 -2.805249E-04  6.529005E-04
201134 -6.554914E-04  2.619950E-04
201135 -7.144035E-04  7.714711E-05
201136 -6.556279E-04  2.622583E-04
201137 -2.802637E-04  6.523523E-04
201138  5.578910E-04  4.345539E-04
201139  2.812540E-04 -6.590424E-04
201140 -6.763305E-04  2.376525E-04
201141  7.127998E-04 -2.414456E-05
201142 -7.105086E-04  1.208898E-04
201143  5.171032E-04 -5.044739E-04
201144  1.670705E-04  7.027464E-04
201145 -7.268380E-04  6.814175E-05
201146 -2.185174E-04 -7.007156E-04
201147  4.757381E-04 -5.625488E-04
201148  7.308994E-04 -1.192428E-04
201149  7.257464E-04  1.933265E-04
201150  6.477862E-04  3.606005E-04
201151  6.083031E-04  3.390484E-04
201152  6.802247E-04  3.096541E-04
201153  3.913021E-04 -6.249361E-04
201154  3.337002E-04 -6.624430E-04
201155  3.047447E-04 -6.878088E-04
201156  2.899156E-04 -6.892800E-04
201157  3.556760E-04 -6.676013E-04
201158  5.117770E-04 -5.640687E-04
201159  7.097159E-04 -2.868869E-04
201160  7.360236E-04  2.372743E-04
201161  1.938181E-04  7.543539E-04
201162 -6.916664E-04  3.515548E-04
201163 -2.365079E-04 -7.447143E-04
201164  7.535929E-04  2.238282E-04
201165 -7.817053E-04  1.645095E-04
201166  7.710739E-04 -1.745487E-04
201167 -7.628924E-04 -2.490169E-04
201168  1.391461E-04  7.835761E-04
201169  7.874740E-04 -7.505240E-05
201170  4.355417E-04 -6.677777E-04
201171  2.246406E-04 -7.696113E-04
201172  4.351071E-04 -6.681766E-04
201173  7.869165E-04 -7.606745E-05
201174  1.388885E-04  7.844618E-04
201175 -7.629210E-04 -2.489728E-04
201176  7.720480E-04 -1.758275E-04
201177 -7.813105E-04  1.649213E-04
201178  7.539113E-04  2.237090E-04
201179 -2.356332E-04 -7.444011E-04
201180 -6.911905E-04  3.516547E-04
201181  1.938490E-04  7.546871E-04
201182  7.360665E-04  2.371431E-04
201183  7.100458E-04 -2.869132E-04
201184  5.113059E-04 -5.650147E-04
201185  3.569242E-04 -6.676429E-04
201186  2.889680E-04 -6.893536E-04
201187  3.037635E-04 -6.881135E-04
201188  3.332702E-04 -6.625344E-04
201189  3.906022E-04 -6.251934E-04
201190  3.808688E-04 -5.953937E-04
201191  3.364236E-04 -6.666289E-04
201192  2.272204E-04 -6.713009E-04
201193  7.874684E-06 -7.217866E-04
201194 -3.922829E-04 -5.941523E-04
201195 -7.012576E-04 -1.060873E-04
201196 -3.867553E-04  5.872989E-04
201197  5.389487E-04  4.582491E-04
201198  3.074452E-04 -6.345032E-04
201199 -6.860512E-04  1.366299E-04
201200  6.608123E-04  2.140340E-04
201201 -6.470271E-04 -2.672705E-04
201202  6.895345E-04 -6.746547E-06
201203 -4.532349E-04  5.224756E-04
201204 -4.197349E-04 -5.573187E-04
201205  4.068503E-04 -5.547968E-04
201206  6.813245E-04 -1.051257E-04
201207  6.763399E-04  6.415464E-05
201208  6.812128E-04 -1.049391E-04
201209  4.072390E-04 -5.550143E-04
201210 -4.208393E-04 -5.565985E-04
201211 -4.539910E-04  5.228710E-04
201212  6.901104E-04 -6.512092E-06
201213 -6.472303E-04 -2.671378E-04
201214  6.609152E-04  2.147312E-04
201215 -6.861612E-04  1.371770E-04
201216  3.068102E-04 -6.344359E-04
201217  5.389788E-04  4.587504E-04
201218 -3.867440E-04  5.872004E-04
201219 -7.002019E-04 -1.064193E-04
201220 -3.933240E-04 -5.926102E-04
201221  6.179580E-06 -7.223355E-04
201222  2.285177E-04 -6.715322E-04
201223  3.359725E-04 -6.665191E-04
201224  3.805705E-04 -5.949766E-04
